Cluster,Ms_count,Book_count,diff
5,911464,4960,906504
60129579674,9,9,0
8590220035,48,41,7
381572,36,17,19
103079426156,13,11,2
17179899925,14,14,0
8590099362,43,39,4
389553,45,35,10
8590252767,16,16,0
8590055101,38,27,11
8589990361,33,26,7
8590339623,13,13,0
17179920341,8,8,0
17179904110,12,12,0
68719476992,8,8,0
8416,11,9,2
25770155526,8,8,0
63130,46,39,7
219592,15,13,2
34359744467,24,22,2
34359875384,8,8,0
34312,14,10,4
34307,19,13,6
68719725757,11,11,0
17180171439,8,8,0
126763,10,10,0
8590051474,15,14,1
17180174018,15,10,5
94489381515,8,8,0
103079571132,9,8,1
103079571141,9,9,0
17180211584,28,19,9
17180133586,32,26,6
217583,8,7,1
25769920340,9,8,1
217586,38,19,19
34360151075,15,11,4
25769835132,12,11,1
17180197567,10,10,0
8590006522,22,18,4
8590099789,41,30,11
94489677603,8,8,0
17179939269,14,12,2
42949872741,8,7,1
34359872737,12,12,0
362027,28,27,1
42949874254,11,10,1
25769919704,9,9,0
8589947964,19,19,0
8589947956,29,27,2
17180184246,15,15,0
85899562160,11,11,0
51539747740,10,9,1
14549,77,51,26
17180116447,11,8,3
17180246256,9,8,1
108380,16,12,4
25769983797,14,11,3
42950100954,10,10,0
8590055313,13,12,1
8590014072,19,12,7
126818,9,6,3
367746,10,5,5
8589959124,83,53,30
60129634962,10,9,1
257735,14,14,0
8589961275,42,24,18
8590363644,15,8,7
17179993662,9,8,1
17179993667,9,9,0
25770144570,9,9,0
25770247774,13,13,0
17180188216,8,8,0
17180188224,9,6,3
17180188220,17,16,1
75732,24,20,4
25770027628,8,8,0
25770027627,12,9,3
42949708959,21,13,8
8590080168,11,11,0
34359855551,13,13,0
115568,34,25,9
51539778054,10,10,0
17179906904,30,21,9
103079611340,14,12,2
201109,16,9,7
358041,14,14,0
51539858421,12,11,1
419854,45,40,5
17179936055,25,25,0
8589969786,22,21,1
8589969782,17,17,0
8590112227,13,9,4
25770163703,10,10,0
371298,28,17,11
272933,13,10,3
205619,70,30,40
106207,26,20,6
106203,14,11,3
8589987883,25,13,12
77309568982,8,8,0
34359779489,10,8,2
51539614482,17,16,1
50550,256,118,138
121489,22,20,2
52520,8,7,1
51539626935,18,13,5
120259177104,8,8,0
320062,10,10,0
320070,28,18,10
173590,8,8,0
60129551325,8,8,0
51539834836,14,14,0
120259154650,8,8,0
34360015793,8,7,1
17180075778,10,8,2
47446,57,36,21
25769942598,12,11,1
312178,26,19,7
212819,20,17,3
126024,120,77,43
42949803215,15,13,2
8590228319,22,19,3
226754,24,23,1
42949981560,23,21,2
25769847074,22,21,1
20978,9,7,2
17179958944,16,12,4
17180043493,37,36,1
34359765118,17,15,2
8590275059,16,14,2
389473,8,7,1
409781,74,43,31
128394,13,10,3
72054,27,17,10
393232,8,7,1
64846,14,12,2
17179973493,38,17,21
68719766307,8,8,0
168268,67,58,9
77309836267,15,14,1
68719696254,16,15,1
25769892692,15,15,0
25770048422,8,8,0
81027,40,32,8
336978,8,8,0
17180059473,12,12,0
253887,10,8,2
8589971166,9,8,1
8590354996,17,3,14
222175,9,9,0
8590259915,20,17,3
338679,88,30,58
8590226259,21,16,5
60129733037,23,14,9
124889,17,17,0
190458,39,26,13
21935,927,208,719
8590056039,8,8,0
60129722253,11,10,1
206410,28,18,10
8590208633,47,40,7
177260,31,20,11
11424,12,11,1
11414,80,51,29
51539711866,8,8,0
34359792662,9,9,0
25769825005,13,13,0
147846,171,125,46
43526,9,9,0
359354,23,21,2
49586,218,112,106
34359877023,33,17,16
161530,64,23,41
1995,555,183,372
80788,22,22,0
80787,19,17,2
64017,444,144,300
8590080283,109,46,63
169236,8,8,0
283353,30,25,5
8590105125,25,17,8
25770244316,10,10,0
172426,15,13,2
172424,91,73,18
322862,25,22,3
68719585604,11,11,0
80589,53,26,27
25769858066,16,14,2
17179973313,9,6,3
47236,126,87,39
25769953339,19,17,2
405294,37,24,13
17179975104,19,15,4
8590143612,11,9,2
17180124999,8,8,0
64777,15,12,3
260744,16,16,0
62627,78,50,28
63890,38,28,10
37395,209,93,116
17180162751,11,11,0
8590239359,9,9,0
280657,77,56,21
8590314774,49,18,31
118519,67,53,14
17180238720,21,16,5
8590359887,52,41,11
53862,45,42,3
96392,20,3,17
70890,20,16,4
8590254381,8,8,0
8590209158,40,28,12
118796,129,75,54
8590101752,12,9,3
8590306269,12,12,0
42949893443,21,21,0
56997,12,12,0
25770088928,13,12,1
7135,2967,381,2586
261190,94,19,75
17180176456,22,14,8
42950027981,8,8,0
8590132546,15,14,1
8590345584,12,12,0
15892,13,12,1
25770196966,12,11,1
8590239695,8,7,1
17180106513,59,50,9
104133,32,23,9
68719478987,14,12,2
106942,189,113,76
5196,12,11,1
8590334631,14,14,0
403163,9,9,0
17180049515,16,12,4
17179963227,18,17,1
25769861905,13,13,0
103079484859,8,8,0
25769861906,59,42,17
3161,12,9,3
8590054000,38,33,5
323080,17,17,0
215934,11,10,1
224477,13,13,0
51539967951,8,7,1
97541,9,8,1
25770115438,9,5,4
133339,32,25,7
17180298668,18,17,1
8590284804,25,23,2
25770212427,15,14,1
51539731478,15,14,1
72923,144,48,96
355408,12,10,2
68719498116,8,7,1
66775,10,10,0
96698,18,15,3
8590186928,11,11,0
8590366321,24,20,4
8590150382,10,10,0
42949788999,15,10,5
42950070522,13,11,2
25769830957,16,16,0
25769909124,8,8,0
8590263004,52,39,13
8590219862,9,8,1
217400,9,7,2
17179925444,17,15,2
393020,46,26,20
382954,16,15,1
34738,14,14,0
8590107260,18,13,5
111669322469,8,7,1
30537,14,9,5
34360100099,8,7,1
79208,193,34,159
42949810290,11,9,2
168690,14,12,2
97184,18,14,4
58454,31,30,1
8590324876,74,43,31
85899659662,10,9,1
211392,46,37,9
17179914116,13,8,5
8590164316,45,39,6
60129598065,12,11,1
25770235448,10,10,0
51539955885,10,8,2
422331,12,9,3
94998,42,36,6
68719856372,9,7,2
136348,9,6,3
136350,10,7,3
135956,25,21,4
42950027490,21,18,3
383143,14,10,4
42949988500,13,10,3
314178,10,10,0
314175,16,16,0
8590193888,14,13,1
8590059008,16,14,2
68719753267,8,8,0
17180233716,13,13,0
17180269185,22,20,2
260472,25,25,0
8590079140,23,23,0
379265,11,11,0
103079355498,10,10,0
27249,253,58,195
68719722830,9,7,2
42949997641,10,9,1
68655,19,14,5
8590100554,17,17,0
6218,42,40,2
34359944770,11,11,0
8590374756,12,11,1
77309550623,9,7,2
284449,8,7,1
228496,23,16,7
17180305557,26,11,15
68719655556,10,10,0
60129560181,11,10,1
371277,13,10,3
410291,11,10,1
351720,27,17,10
17179953849,8,6,2
17179953853,17,14,3
17179953859,13,11,2
14975,19,16,3
110232,25,19,6
51539684841,8,8,0
233884,147,103,44
17180019137,10,10,0
8590031510,24,20,4
51539936796,8,8,0
412140,15,9,6
412136,21,17,4
66703,98,55,43
265533,130,32,98
134004,23,19,4
34360126873,9,8,1
17180261095,9,8,1
217895,46,37,9
42949855814,9,9,0
21250,71,48,23
52267,13,8,5
52271,94,22,72
33112,128,56,72
252839,27,18,9
34359770276,12,12,0
152629,11,11,0
42949955484,8,8,0
8590183870,34,31,3
34359865357,9,8,1
21198,126,88,38
17180025840,46,43,3
60129753968,15,15,0
355665,23,22,1
355658,8,8,0
33767,9,9,0
60129632024,8,8,0
76607,196,168,28
54022,17,13,4
146028911144,9,9,0
146028911147,8,8,0
34360098596,11,11,0
34360098591,14,14,0
322169,14,14,0
34360098600,14,14,0
322164,12,12,0
12233,18,15,3
8590078194,33,28,5
412503,15,14,1
8590172432,41,34,7
371994,13,11,2
8590253870,8,8,0
329642,9,7,2
256313,35,31,4
171366,9,9,0
34183,15,13,2
25769956664,22,18,4
8589941250,50,42,8
17180172363,9,8,1
29237,157,80,77
416130,8,8,0
77309743650,8,7,1
17180109773,12,10,2
25769819188,21,20,1
34360095168,10,8,2
8589958158,8,8,0
85899495128,10,9,1
8589937727,12,12,0
382935,27,26,1
8590125852,24,21,3
8589994382,8,6,2
870,42,38,4
33794,207,40,167
17180060230,14,14,0
93273,19,19,0
357722,11,10,1
111669556409,8,8,0
17180118567,16,13,3
8590367925,12,11,1
8590151625,59,39,20
8589970309,12,10,2
34359778720,8,8,0
17179943435,11,11,0
17179943439,16,11,5
60129555947,9,9,0
111669278370,8,8,0
130206,15,12,3
8590193135,14,13,1
156487,10,10,0
8590193137,8,8,0
156490,10,9,1
156492,40,32,8
34360096338,17,17,0
366588,8,8,0
94489572998,8,8,0
402759,124,86,38
8589985412,39,35,4
42949916363,9,5,4
42949740144,9,7,2
8590099608,8,8,0
25769962464,11,10,1
245810,22,17,5
8590125879,25,18,7
17180192786,8,6,2
8590099726,87,25,62
3064,122,81,41
259132,105,79,26
391268,11,11,0
17179921811,30,25,5
25770219840,10,10,0
17180258573,11,11,0
17180258574,12,12,0
157658,92,59,33
212582,32,15,17
8590089638,18,16,2
8590189901,36,32,4
34359988169,12,11,1
8589943662,24,23,1
25769966728,10,9,1
8513,16,11,5
25769966723,9,6,3
111669500736,8,8,0
8590177885,12,11,1
25769976733,8,8,0
8590177877,19,15,4
25770087175,8,7,1
34360121901,11,6,5
60129652407,8,7,1
8589965992,18,16,2
265813,16,10,6
8590155567,59,46,13
17180118051,23,22,1
216096,23,15,8
8590302312,28,23,5
40424,9,9,0
55109,108,77,31
8589959114,23,19,4
90242,37,31,6
60129789553,8,8,0
201557,13,11,2
201556,19,14,5
201555,8,8,0
201561,15,12,3
34360036215,20,16,4
8590266002,65,47,18
128849440439,9,8,1
25770037100,14,12,2
42949856716,11,11,0
8589937395,9,9,0
17180003340,22,21,1
17179874812,11,8,3
8590072629,28,24,4
337592,59,33,26
25770241217,31,17,14
17180022322,18,11,7
17180057952,13,10,3
17180257924,12,10,2
210697,31,29,2
25769927005,9,7,2
34360039441,8,7,1
17180088952,11,11,0
17180088981,17,17,0
30470,207,54,153
17180205233,13,11,2
8590304164,27,26,1
105866,12,10,2
82771,37,21,16
120259486106,8,8,0
25769957130,15,15,0
265373,19,19,0
17179940627,13,12,1
42950086064,10,8,2
17180055712,23,19,4
34359989286,9,8,1
158905,124,29,95
17179998738,8,6,2
77309773109,12,12,0
64859,18,18,0
42949931002,10,10,0
17180179795,15,15,0
34360024627,9,9,0
17694,89,72,17
25769808393,10,8,2
51539969765,10,10,0
8589938324,8,8,0
17180264881,10,6,4
8590317102,9,9,0
8590208254,10,10,0
122732,44,13,31
25770127652,10,8,2
34360052313,8,6,2
77309423179,9,8,1
17180020644,8,7,1
40859,54,44,10
8589941102,18,18,0
17179916009,12,12,0
17180072110,9,9,0
8590218649,13,13,0
267009,27,9,18
8590218647,17,16,1
103079372999,11,10,1
77020,9,8,1
8590155829,11,11,0
17180110581,12,12,0
17180204120,16,11,5
137529,50,37,13
210216,146,92,54
72052,42,23,19
42949993420,11,9,2
25769825679,20,13,7
106842,67,58,9
8590245073,14,12,2
17180239674,11,9,2
111669391457,8,7,1
17180173939,11,11,0
127878,9,9,0
8590005212,31,23,8
34359974962,8,7,1
8590189650,23,22,1
8590303291,32,25,7
17180173623,10,10,0
150395,25,8,17
8590103021,12,5,7
71343,60,43,17
221347,227,112,115
409595,30,27,3
237085,8,8,0
237089,14,14,0
365498,14,10,4
8590050602,63,55,8
25770238741,8,5,3
17180142207,11,11,0
101190,25,22,3
42949715957,9,9,0
8590138550,28,21,7
284718,8,7,1
304140,325,80,245
13376,42,30,12
17180265711,13,11,2
25770095021,27,18,9
140473,25,22,3
171992,181,44,137
8590256839,10,10,0
322918,38,27,11
8590046260,8,6,2
17180012760,25,22,3
34359805619,10,10,0
8590185780,48,41,7
287491,9,8,1
8589970808,8,8,0
8590130215,22,20,2
8590055303,13,11,2
80994,28,27,1
8589976738,11,11,0
293453,8,8,0
293455,11,9,2
60129871576,8,8,0
8590265042,9,9,0
42949686956,8,8,0
17180274659,11,9,2
103079234342,9,8,1
80188,14,13,1
40533,157,4,153
60129584006,19,18,1
161220,18,15,3
78740,83,25,58
42949783894,9,8,1
311874,31,24,7
8589985015,47,34,13
101538,70,58,12
251716,33,14,19
25770043835,8,8,0
25770043831,11,11,0
251710,11,10,1
8590234625,13,12,1
42950090158,8,7,1
25770198652,17,15,2
8590158693,11,9,2
8590158692,8,6,2
25769876286,17,9,8
51539811245,13,13,0
173810,12,12,0
17179875473,8,8,0
17180043125,17,15,2
8590229092,18,17,1
8589935496,66,44,22
179539,24,22,2
8589989799,42,25,17
34359948295,10,7,3
25770120393,14,13,1
44383,34,27,7
222802,64,37,27
140603,66,41,25
129861,27,27,0
244436,10,8,2
25770019162,9,9,0
17180066773,11,11,0
17180066774,17,17,0
328446,20,18,2
8590188971,12,10,2
8590084350,78,65,13
8590049577,13,11,2
8590261155,9,9,0
78382,102,60,42
8590160972,8,6,2
51539655591,10,10,0
8590349854,21,15,6
25769881131,11,10,1
25770099685,9,7,2
17179905467,16,15,1
25770026173,10,8,2
402970,26,20,6
8590100532,23,15,8
273278,11,10,1
101661,62,46,16
309153,11,11,0
350495,30,21,9
60129549548,17,16,1
196556,74,56,18
8590155095,9,8,1
181750,36,24,12
17180197234,8,8,0
8590268178,16,15,1
8590076146,15,12,3
277833,201,98,103
8590230143,11,9,2
8589982826,21,20,1
183491,49,43,6
32097,190,91,99
180881,72,66,6
8590232385,9,9,0
8590358131,9,9,0
42949861146,10,9,1
119666,14,14,0
159781,26,26,0
294162,11,10,1
294161,16,16,0
51539650192,11,10,1
51539836768,9,7,2
17179900235,17,16,1
289061,40,27,13
8590081788,9,8,1
25769827460,19,19,0
206849,189,17,172
25769992041,9,4,5
146036,10,10,0
42949772797,12,11,1
8590048701,8,8,0
8589971261,21,17,4
59337,10,9,1
8590002061,15,11,4
60129675152,10,10,0
8590002064,19,17,2
25769973522,9,9,0
77309682657,8,8,0
39556,21,20,1
85272,23,21,2
34360119511,17,15,2
8590311622,48,40,8
17179984812,16,14,2
364625,165,103,62
34359995741,10,8,2
34359995745,9,9,0
42949748347,16,16,0
127229,57,41,16
16997,44,28,16
8590179227,28,26,2
8590266826,8,8,0
51539975162,13,10,3
42950106704,10,7,3
15731,37,24,13
77309819367,10,8,2
78975,57,20,37
8590226463,33,25,8
17180241776,9,8,1
17180025653,14,14,0
155781,55,46,9
34360030712,14,14,0
184289,12,11,1
17180254133,38,27,11
25770079135,19,18,1
25770139928,13,12,1
192196,19,19,0
100773,18,18,0
61433,15,12,3
61427,29,24,5
17180178915,8,8,0
141367,10,10,0
25769806919,8,8,0
17179997651,10,10,0
42949727714,10,10,0
51539949860,8,8,0
174505,25,17,8
42950101597,10,9,1
13617,216,105,111
405327,12,11,1
51539709070,10,8,2
17180241127,19,16,3
306612,20,18,2
17180266106,8,8,0
17180266102,13,11,2
17180062252,14,12,2
299305,54,40,14
34359969878,17,13,4
166733,11,10,1
34360132433,8,8,0
123757,18,12,6
328377,50,42,8
11222,21,20,1
47258,10,8,2
344157,51,37,14
274712,9,9,0
105627,8,8,0
8590115286,58,42,16
17180240959,8,8,0
68719487738,8,8,0
17180104167,15,13,2
8590038917,35,22,13
17179900082,14,14,0
25770184586,9,9,0
131316,39,32,7
131319,15,15,0
34359884500,12,11,1
34359836717,11,10,1
341783,8,8,0
42949901033,8,8,0
8590222509,27,22,5
408981,91,65,26
17179931678,19,19,0
40490,92,51,41
50965,15,14,1
103079316570,9,7,2
285139,8,8,0
307012,36,18,18
8590377444,18,13,5
42950102966,9,7,2
123413,165,118,47
90967,30,26,4
8589947672,11,11,0
17180219303,10,8,2
17179998486,10,6,4
17179928095,9,7,2
42949789730,11,10,1
135563,47,32,15
402249,8,8,0
77309504278,9,8,1
316199,63,27,36
128849074801,11,10,1
79635,29,25,4
17180123655,35,30,5
8590122904,8,8,0
17180217253,8,7,1
25770055474,11,11,0
8590054300,8,8,0
389598,17,16,1
46728,12,12,0
51539622568,20,18,2
42949711769,8,7,1
17180079961,8,8,0
17180139159,8,8,0
94489345767,9,9,0
274549,12,9,3
8590193246,32,30,2
25769889491,8,8,0
221576,9,9,0
80746,41,20,21
42949778793,11,11,0
85899752502,10,8,2
8589994814,112,97,15
17180114251,24,22,2
17180194720,8,8,0
34359854877,10,9,1
51539669364,8,8,0
94489503033,9,9,0
157159,38,7,31
217470,16,14,2
60129722432,14,11,3
8590171983,13,12,1
17180210224,18,18,0
8590000000,12,12,0
42949932334,29,25,4
42949923722,8,8,0
267790,51,42,9
25770162880,8,7,1
359146,9,9,0
25770162877,8,7,1
11365,23,17,6
11364,50,29,21
361372,18,17,1
8590197165,11,11,0
286497,15,14,1
8590081113,24,18,6
8589976168,15,12,3
42950096610,9,9,0
16537,33,28,5
137439225967,8,6,2
249523,10,10,0
39051,8,7,1
8590047160,22,20,2
8590035099,14,13,1
8590231903,12,12,0
183972,156,99,57
17180219502,17,16,1
17179869833,14,12,2
25769993974,13,13,0
8590011225,36,35,1
367942,21,16,5
367948,13,13,0
25770189943,10,10,0
8590312374,9,9,0
5546,603,155,448
359130,13,11,2
359134,12,11,1
359137,8,7,1
17180167194,9,9,0
11254,24,23,1
25769808686,26,24,2
17179940234,14,14,0
25770051305,13,12,1
281082,31,25,6
51539773151,29,23,6
8590170797,11,11,0
17180283921,8,8,0
8590242536,9,9,0
42949811801,11,11,0
85899692378,10,9,1
380069,19,19,0
8590029410,55,39,16
8590171316,38,29,9
206987,27,17,10
8590371856,12,11,1
219765,75,58,17
77309664139,12,12,0
17180058311,20,17,3
34359784416,15,13,2
17180020406,16,12,4
34359784418,10,10,0
8590187486,59,47,12
17179895152,10,9,1
12238,9,9,0
12237,12,11,1
12241,39,29,10
121389,24,17,7
17180156306,14,9,5
8590053159,9,9,0
8590053163,11,9,2
336412,53,49,4
17180194808,8,6,2
25769845117,10,9,1
30550,16,14,2
79440,16,15,1
42949945780,8,8,0
68835,82,67,15
25769944172,9,9,0
68719763066,12,10,2
25770012177,13,9,4
25770012178,15,9,6
17179901500,8,8,0
17180124338,12,12,0
34359816668,8,8,0
171799095329,9,9,0
350612,17,17,0
414226,117,32,85
8590243865,15,14,1
103079498946,9,6,3
51539691451,8,8,0
8590098220,23,16,7
17180103698,18,17,1
25769941629,26,25,1
8590312422,14,13,1
8590049558,17,13,4
51539615145,14,11,3
8589993248,22,9,13
8590288569,17,12,5
364307,10,9,1
240320,11,11,0
17180203354,10,10,0
17180204357,19,15,4
17180044752,22,13,9
85899632936,8,8,0
42949842406,8,6,2
172727,11,11,0
412337,11,11,0
40896,9,9,0
42949688668,10,8,2
42949688664,13,12,1
25769978607,9,9,0
94489611919,8,8,0
42949696034,11,11,0
8590094128,20,19,1
8590011299,10,9,1
8590374138,11,11,0
17180111915,8,7,1
8590074078,11,10,1
25770235914,14,13,1
60129733356,14,12,2
8590033148,9,8,1
17180059117,8,7,1
60129565088,8,8,0
25770073509,8,7,1
8589989338,15,15,0
143145,37,12,25
17180103361,10,10,0
17180301010,11,11,0
17180301015,9,9,0
51539630572,19,11,8
42949833202,10,8,2
45972,118,38,80
103079440924,9,6,3
34359872333,9,9,0
52035,183,50,133
34359819771,9,8,1
110157,33,32,1
34359999541,10,9,1
34359746319,8,7,1
8590097964,12,12,0
338680,50,23,27
316467,8,8,0
227522,71,58,13
17180104491,8,8,0
340269,9,9,0
68719870759,8,8,0
42950086928,8,8,0
8590083723,35,30,5
42949913786,10,10,0
25769994930,11,11,0
17180058321,9,9,0
34359963992,11,11,0
8590292295,9,9,0
17179969273,37,27,10
25770038243,10,10,0
25770038250,9,9,0
8590377947,14,12,2
8589963845,8,8,0
17180151743,15,13,2
34359930836,9,8,1
8589971649,30,15,15
8590280873,9,9,0
8589958301,12,11,1
60129556666,11,11,0
25770093436,10,10,0
68719624110,11,11,0
8590138299,12,11,1
51539945779,13,11,2
17180110182,8,5,3
8590166819,40,27,13
8590291281,8,8,0
414455,17,16,1
354164,11,9,2
17180230746,24,21,3
26455,48,45,3
83601,19,17,2
8590344735,32,32,0
381967,48,45,3
183641,22,8,14
8590069978,10,10,0
352643,12,10,2
8589953244,8,7,1
209740,109,73,36
17180299778,38,36,2
369950,22,20,2
202929,26,25,1
301204,101,41,60
263681,19,18,1
187611,19,16,3
68719896899,15,13,2
25770206568,11,11,0
25770206570,16,16,0
396161,10,10,0
25770206569,20,17,3
115853,9,9,0
17180011103,8,7,1
8590031098,45,28,17
17180115716,8,8,0
8589987408,10,9,1
91323,143,88,55
164399,48,44,4
100700,106,71,35
60129702514,15,15,0
94489381289,8,6,2
132375,10,6,4
8590144458,13,7,6
25769810246,8,8,0
108268,51,40,11
234414,13,12,1
17180041018,15,14,1
42950037275,9,9,0
8590174317,17,17,0
42949799164,15,14,1
60201,56,46,10
34360123662,14,9,5
25770037114,16,11,5
25770139445,9,7,2
99259,27,17,10
29313,123,23,100
141063,12,7,5
174150,36,30,6
25769876033,16,15,1
164079,42,26,16
390412,11,11,0
17180060834,11,10,1
17180060838,9,9,0
17180060835,9,6,3
17180060836,10,9,1
8589974039,40,37,3
8590117479,20,17,3
8590209684,11,10,1
8590073909,10,10,0
8590073906,20,19,1
10000,73,54,19
25769997006,10,10,0
275870,15,15,0
17180034762,10,10,0
8590199895,19,15,4
17180166146,8,8,0
8590064429,26,26,0
68719763180,9,8,1
17180139094,8,7,1
25769863475,11,10,1
10325,617,187,430
34360060599,12,12,0
388054,54,42,12
17179913728,8,8,0
85899702730,11,10,1
310857,10,8,2
25770139128,8,8,0
297146,10,8,2
8589963578,68,58,10
17179976383,23,17,6
8590274311,14,14,0
408938,80,22,58
47854,13,11,2
6812,38,28,10
17180176346,9,9,0
8590285721,8,8,0
297003,16,9,7
51539994051,8,8,0
105738,10,8,2
176347,50,35,15
42949973453,12,12,0
360947,8,8,0
349986,24,18,6
51539712962,13,13,0
17180139312,9,8,1
17180131631,9,8,1
186240,26,22,4
17180092679,10,10,0
42949928260,11,10,1
25769984686,15,15,0
17179964898,12,11,1
42949988126,14,14,0
12844,68,54,14
192453,8,8,0
25770043713,9,9,0
25769923819,49,44,5
149842,22,18,4
33471,35,19,16
103079288819,8,8,0
168891,8,8,0
74208,10,10,0
17180236327,11,10,1
42949794741,12,11,1
168889,16,13,3
180862,16,15,1
180857,20,19,1
60129607288,12,10,2
111647,31,22,9
25770175452,11,11,0
25770175449,8,8,0
60129815826,10,9,1
34359774052,10,9,1
17180308211,11,11,0
282340,9,9,0
8590350496,11,10,1
8590350499,13,12,1
8590091522,26,26,0
8590350503,9,9,0
25769904199,8,8,0
25769940404,10,9,1
25769841490,23,16,7
34359985965,10,10,0
17180297972,9,9,0
17180016768,16,12,4
60129829670,11,6,5
110646,42,37,5
8589965002,33,30,3
8590351794,11,11,0
17180201298,9,9,0
25769963138,13,13,0
85899689801,8,8,0
60129705597,17,17,0
60129817069,8,8,0
62744,8,7,1
260020,34,30,4
8589984420,23,21,2
23461,9,9,0
23458,15,15,0
25769834332,17,16,1
77309434887,9,9,0
25770138519,9,9,0
8590027530,19,17,2
12413,102,87,15
42949761103,8,8,0
8590014554,8,8,0
104863,32,25,7
42949721771,8,7,1
189499,173,79,94
42949807942,9,8,1
42949695494,10,10,0
417258,41,30,11
51539932777,8,8,0
25770068728,21,18,3
310187,8,8,0
8589968657,14,13,1
27221,11,11,0
27220,9,9,0
8589968664,13,12,1
27223,11,11,0
89260,10,9,1
8590002954,65,47,18
89253,15,13,2
350606,34,27,7
42949990526,20,16,4
176551,29,28,1
282930,9,9,0
51539851967,11,11,0
42950026020,8,8,0
72954,14,14,0
8589969705,26,25,1
8590239376,13,11,2
34359944519,13,12,1
205744,17,16,1
25769895644,10,10,0
17179975472,24,20,4
8590154329,13,12,1
248385,21,20,1
37679,17,17,0
17180267952,20,19,1
25769873982,8,8,0
25769873983,34,23,11
223733,9,7,2
28856,44,28,16
25760,23,15,8
25751,37,23,14
179113,52,31,21
17180011869,17,12,5
8590063813,8,8,0
60129873083,10,10,0
25769825467,13,2,11
260417,28,27,1
17179903926,8,8,0
17179903921,11,11,0
68719734851,9,8,1
51539924943,10,9,1
230304,26,21,5
248977,39,25,14
34359964547,17,16,1
8590378026,9,8,1
8590249067,11,11,0
195772,19,15,4
8590002661,14,12,2
245899,17,17,0
85899444137,9,9,0
42949999397,9,7,2
30363,121,79,42
86030,8,8,0
86029,14,10,4
86041,9,9,0
8590379156,12,10,2
60129690087,9,8,1
8590379165,9,8,1
205590,26,20,6
205594,11,9,2
42949778155,9,7,2
25769899560,45,23,22
17180052551,11,10,1
364681,28,19,9
17179945640,14,13,1
25769818083,9,8,1
8590033731,70,12,58
17180112112,17,17,0
8589967797,43,29,14
8590364239,13,11,2
8589986610,49,39,10
419245,8,8,0
105370,32,30,2
103729,16,15,1
8590338980,8,7,1
34359838753,8,7,1
8590191692,13,12,1
8590034931,39,32,7
17180298727,18,17,1
8590027309,16,15,1
8590027308,9,8,1
110932,18,13,5
8590203300,19,19,0
8590056511,19,10,9
111209,14,13,1
13186,473,173,300
102963,17,10,7
77309693153,8,8,0
146683,19,19,0
253021,43,33,10
8590232700,9,9,0
17180155647,15,15,0
42949724508,8,8,0
92686,14,11,3
85899623225,8,8,0
42949785486,8,8,0
323691,21,17,4
553,46,28,18
320336,16,15,1
8589987806,11,11,0
42949720357,21,14,7
15264,22,21,1
25769856353,21,21,0
17180094817,15,11,4
25770069935,12,12,0
61823,8,8,0
190818,27,24,3
25769915863,9,9,0
174705,14,11,3
8590309289,18,18,0
76777,10,10,0
76772,8,8,0
25770206336,13,12,1
25770177305,11,9,2
20157,269,119,150
190133,8,6,2
284112,21,21,0
142834,180,135,45
8589980484,24,22,2
51539739829,11,11,0
125882,25,20,5
17180291011,8,8,0
60129609646,11,11,0
60129609678,10,9,1
28254,12,12,0
412563,19,18,1
210386,44,40,4
8590312027,10,10,0
15884,102,76,26
25769951869,8,8,0
8590076811,8,7,1
25770028459,28,25,3
8590118496,31,18,13
42950036212,9,5,4
345831,9,9,0
25769947650,9,9,0
25769853183,11,11,0
8590281608,20,14,6
25770192235,14,13,1
8590366151,10,10,0
17179904957,14,12,2
17179990607,10,9,1
402644,11,8,3
8590212258,32,20,12
336022,14,14,0
336021,17,14,3
85899688393,11,11,0
94489287129,12,8,4
249465,77,56,21
165945,31,29,2
286312,12,11,1
17180101879,8,8,0
8590024518,52,41,11
17180093345,12,11,1
8590055300,9,9,0
391632,9,9,0
391631,11,11,0
176404,22,20,2
176403,22,19,3
391634,9,9,0
176401,10,10,0
391633,9,9,0
17180135862,10,10,0
223330,19,18,1
34359935233,21,19,2
110426,30,21,9
8589961337,14,14,0
51539762157,33,29,4
17180099379,9,7,2
60129660669,9,9,0
336782,35,28,7
8589980353,16,13,3
34359882065,8,8,0
17180183068,37,28,9
85899488360,12,12,0
25770139334,13,12,1
25769825940,10,8,2
17179940263,44,21,23
25769825945,19,9,10
25769825948,8,7,1
8590320563,9,9,0
17180143170,10,10,0
8590304972,40,37,3
25769825931,15,9,6
77309595841,19,15,4
17179974605,9,9,0
17179923470,8,7,1
80422,69,58,11
17180080297,13,13,0
68719684862,8,8,0
94489652082,8,8,0
17180031206,15,14,1
17180010715,12,11,1
60129552903,8,8,0
60129552908,10,10,0
17180010712,16,15,1
79697,8,8,0
8589978775,34,24,10
17180066114,16,15,1
8590100422,34,18,16
17180059668,36,23,13
8590043479,30,29,1
51539730872,11,11,0
8590157410,18,14,4
177669,11,11,0
103079372007,10,9,1
139744,47,43,4
17179875249,12,12,0
8590023787,28,26,2
17180167972,29,21,8
17180217893,8,8,0
42949939555,8,8,0
371254,41,32,9
8590379063,9,9,0
97788,97,71,26
8590138171,21,21,0
34359984935,18,18,0
8590067241,20,17,3
159874,17,13,4
159877,12,9,3
159875,29,20,9
13350,12,12,0
8590194885,9,8,1
57111,12,9,3
51539848456,10,8,2
25769858021,11,10,1
25769841026,12,7,5
8589988301,8,6,2
34360056806,12,12,0
8590229993,45,38,7
42949796848,18,18,0
60129809291,8,8,0
34359783366,10,10,0
34360122821,9,3,6
17180030383,9,9,0
34360087119,10,9,1
164089,25,18,7
177163,66,54,12
17180073642,16,8,8
105637,11,8,3
85899347519,11,11,0
17180174890,16,15,1
342939,14,4,10
8590256925,17,15,2
8590292113,18,17,1
25769982983,12,11,1
103079512010,8,7,1
94489604718,9,8,1
17180047172,11,10,1
17180036859,9,8,1
17180036860,12,11,1
17179987755,15,14,1
60129845678,12,9,3
191949,35,15,20
128849207566,8,7,1
88468,8,7,1
68719532389,9,9,0
8589949353,8,2,6
17180282736,9,9,0
8590064571,24,18,6
8589998619,21,20,1
45572,43,33,10
146854,18,14,4
8590252756,9,9,0
120259292530,9,9,0
42949825496,10,8,2
17179909438,14,14,0
34359783183,8,7,1
139798,68,62,6
42950098843,13,7,6
229483,21,19,2
85899520437,9,9,0
8590075329,32,11,21
412813,26,25,1
42949813966,9,9,0
17180062360,45,33,12
17180140224,48,34,14
17179964001,12,11,1
77309727777,8,8,0
318274,32,28,4
104680,119,54,65
8590314506,16,15,1
17180261587,13,13,0
34359926748,8,8,0
25770164062,10,9,1
8589960156,10,8,2
60129778779,9,7,2
34359821548,9,9,0
51539982116,8,8,0
51539958447,9,9,0
17179880312,16,15,1
81371,80,29,51
112572,11,11,0
17180060858,20,18,2
25770142661,66,41,25
77309411978,20,12,8
42949847205,15,13,2
17314,125,42,83
34359815808,15,15,0
17180060802,8,8,0
60129879894,8,6,2
8590211405,8,6,2
25769983230,19,13,6
25770098041,15,12,3
42949812886,8,8,0
25770049458,8,8,0
8589945233,12,12,0
8589945235,8,8,0
8590039455,15,12,3
111669521448,8,5,3
42949893005,16,11,5
68719719245,8,8,0
42949727373,10,6,4
180933,43,36,7
370298,34,30,4
197778,46,33,13
68719584320,8,5,3
8590105654,9,9,0
34359738952,9,7,2
77309676982,9,9,0
77797,40,35,5
8589980514,8,8,0
94489647188,8,8,0
8590071193,17,16,1
17179950102,16,14,2
244556,78,61,17
141847,27,2,25
103079297364,9,6,3
25769895736,8,7,1
422282,10,10,0
34359799964,8,8,0
51540025925,8,8,0
188434,24,16,8
326352,12,11,1
60129647486,12,11,1
8590326657,25,20,5
94489321750,10,9,1
8590206122,20,19,1
60129909820,32,24,8
8590228034,38,29,9
8590280288,11,11,0
42949847754,14,12,2
391520,45,36,9
8590045624,14,10,4
8589996434,25,25,0
134634,11,11,0
134635,9,9,0
17180104512,14,14,0
25770146473,19,19,0
212534,23,18,5
17180307589,19,16,3
212546,22,18,4
133344,33,25,8
77309542059,8,8,0
8590273692,17,12,5
19699,10,10,0
19689,24,23,1
19694,8,8,0
34360146954,11,10,1
124721,14,9,5
25769896105,9,9,0
34359874688,17,14,3
17180298125,14,13,1
51539993471,9,9,0
17180138268,25,20,5
8589961914,38,29,9
25770010173,8,8,0
94489678193,9,9,0
17179885816,16,13,3
48969,32,21,11
8590249723,8,8,0
51540048625,15,8,7
8590322063,26,15,11
56794,42,21,21
70145,40,25,15
88786,20,17,3
51539709372,14,12,2
60129771582,9,8,1
42950112423,9,9,0
25770051089,10,10,0
42950003584,8,8,0
25055,18,15,3
8590124455,13,13,0
8589991595,9,8,1
103079218991,10,9,1
60129877198,10,9,1
68719899528,10,9,1
55970,9,9,0
8590091810,9,9,0
337615,8,7,1
68719794127,14,13,1
17180057800,8,8,0
8590181472,43,18,25
34360013147,14,11,3
9044,15,13,2
44483,8,7,1
195003,16,16,0
8590044688,21,20,1
265418,47,40,7
17180194209,25,22,3
409586,10,10,0
5119,8,8,0
8590155723,29,26,3
409576,14,12,2
51540048562,9,8,1
409584,9,9,0
18974,9,9,0
17179958227,14,12,2
8589953263,13,12,1
112008,43,33,10
89191,80,55,25
17180011430,13,12,1
267662,11,11,0
267659,24,19,5
267664,11,7,4
17180007537,11,10,1
8590018377,49,39,10
25769857371,13,13,0
81296,9,9,0
81298,8,8,0
219731,21,20,1
17179947967,8,8,0
34360151314,15,5,10
17180048129,21,20,1
8590266381,13,13,0
34359897031,11,11,0
107365,112,68,44
17180256922,11,11,0
17180256921,13,13,0
94489550273,8,8,0
51540054927,10,10,0
130769,13,13,0
130757,15,14,1
130760,30,23,7
347870,13,12,1
412342,16,5,11
25770079737,8,7,1
25770079733,15,8,7
51750,14,12,2
34359931963,8,6,2
342236,63,5,58
111669311190,9,9,0
85899586019,8,8,0
8590031281,42,30,12
17180215951,11,11,0
8590153288,12,10,2
301730,8,8,0
34359993126,19,18,1
25770091278,9,9,0
19897,10,9,1
19895,9,8,1
19899,14,10,4
78164,13,12,1
7438,59,31,28
8590275764,9,9,0
51539620715,17,16,1
51539839928,11,10,1
68719837157,15,14,1
61777,125,71,54
25770207072,8,5,3
17179981407,10,7,3
25770095669,26,15,11
103079587533,8,8,0
25769940912,17,15,2
103079361919,8,3,5
8590236703,8,8,0
34360019564,13,12,1
25769948604,8,7,1
43688,71,39,32
25769830999,31,26,5
8590115932,8,7,1
17179875890,9,8,1
262867,57,36,21
314128,27,23,4
97486,31,23,8
25769904517,11,9,2
8590267133,18,15,3
165819,11,10,1
8752,94,71,23
8590045587,9,9,0
8590281298,8,6,2
8590336156,57,21,36
77309453441,8,8,0
54602,38,28,10
51539880108,11,11,0
8590142687,31,27,4
51539767894,15,14,1
39968,257,122,135
8590278445,8,8,0
42949967608,12,11,1
130771,35,28,7
65371,415,146,269
239812,10,10,0
17180034822,19,14,5
60129820808,11,9,2
5361,8,8,0
51539628898,9,9,0
51539728249,14,13,1
141835,9,9,0
25770104887,10,10,0
42949897709,12,11,1
25769811352,13,10,3
34360122017,17,13,4
8590003297,45,32,13
25770078799,10,10,0
17179917865,10,10,0
17179889514,8,4,4
8590220398,22,16,6
137438998316,9,9,0
25770026075,11,9,2
17179950319,9,9,0
17179950316,10,8,2
51539895603,9,8,1
68719570756,8,8,0
8590013564,48,40,8
131778,17,17,0
383233,11,10,1
131781,25,23,2
8590003143,22,20,2
25770114662,8,8,0
8590314306,9,9,0
25769889282,33,27,6
17180215842,26,25,1
94489512307,8,8,0
104393,24,16,8
25769889934,14,13,1
25769889939,10,9,1
25769933682,8,7,1
17180120249,45,41,4
25770013987,12,12,0
8590098487,11,10,1
8590049868,19,15,4
17180260463,10,10,0
92421,41,25,16
68719622119,18,16,2
9397,10,10,0
232899,234,68,166
17180019291,8,8,0
306048,29,28,1
17179877159,20,17,3
71311,9,7,2
85899351050,8,8,0
8589986015,11,11,0
21830,30,25,5
25770086378,11,11,0
8590206589,15,15,0
42949730204,9,9,0
8590347234,9,8,1
60129702509,10,10,0
60129942579,10,10,0
8590257618,48,46,2
8590349883,54,25,29
140768,32,23,9
321964,18,18,0
17179882850,139,111,28
25770205029,10,10,0
198225,11,10,1
255974,9,9,0
42949971374,9,8,1
22597,13,10,3
22594,11,9,2
8590168090,8,8,0
8590168088,22,18,4
290860,13,12,1
50205,36,28,8
253900,13,13,0
17180023302,40,31,9
8589934831,37,36,1
8590173146,20,14,6
17179975211,24,18,6
34359889778,10,9,1
51539943394,9,9,0
279434,34,24,10
34359954822,13,13,0
8589973189,33,19,14
25770070615,25,17,8
17180283300,10,7,3
60129707585,9,9,0
8590194347,8,7,1
361151,38,37,1
25770149406,28,26,2
8589981147,13,13,0
8590167983,14,14,0
51539664633,8,8,0
17180151631,14,14,0
238070,30,23,7
17180273274,9,9,0
10950,255,99,156
351252,13,13,0
127502,18,15,3
94237,168,123,45
99826,104,78,26
8590016880,9,9,0
8590266845,8,8,0
8590119430,14,14,0
298810,8,8,0
97299,56,45,11
42949727697,14,9,5
25769971509,15,12,3
112818,37,28,9
25770244886,8,8,0
126709,22,20,2
162276,15,14,1
25770004536,12,10,2
41189,32,28,4
41199,12,12,0
8590140691,9,9,0
277127,36,30,6
104747,34,24,10
34360087987,16,16,0
34360087985,12,11,1
412283,11,11,0
17180091259,11,10,1
51539953158,9,8,1
25770222046,8,8,0
366629,10,10,0
220329,14,14,0
77309575249,10,6,4
8590290714,20,17,3
8590025887,9,9,0
201076,8,8,0
151790,23,23,0
17180008356,20,20,0
345511,20,13,7
56153,17,13,4
34359835702,9,9,0
34359862505,9,9,0
103448,8,7,1
186946,148,96,52
68719491331,8,8,0
8590351212,14,12,2
8590351214,15,13,2
85899738172,14,12,2
17180121351,8,8,0
77309571214,13,10,3
99129,45,31,14
17180292857,11,10,1
34359869597,13,13,0
8590339535,17,14,3
34359942745,8,7,1
68719713406,9,8,1
11097,14,10,4
25769966002,42,28,14
42949831418,8,7,1
34359890253,10,10,0
370312,11,11,0
25769871883,32,28,4
42949678532,29,26,3
34359746504,12,10,2
364154,51,34,17
17180031139,18,17,1
174465,33,30,3
8590257780,8,7,1
235429,21,14,7
42949710575,11,11,0
171799002071,9,5,4
165676,21,12,9
17179998103,16,12,4
34359983343,16,16,0
8589940798,10,10,0
8590306678,10,10,0
94489542906,8,8,0
8590167297,10,9,1
51539679911,12,8,4
17180305161,9,9,0
17180030832,11,8,3
17180089226,14,13,1
409602,25,23,2
190588,12,12,0
17180247547,16,16,0
8590172033,11,11,0
42949673017,13,9,4
53488,10,9,1
25769822220,16,14,2
17179932391,11,9,2
8590007874,28,25,3
76093,132,98,34
25769835033,10,10,0
27405,18,14,4
42949774350,8,8,0
17180228693,12,12,0
25769979768,14,13,1
17179930353,65,45,20
8590118788,17,15,2
25769901278,8,8,0
60129813338,8,6,2
25770032762,14,13,1
133319,50,32,18
389472,12,5,7
51539614106,10,10,0
280093,16,16,0
141033,9,9,0
17179982633,12,12,0
34359944500,8,7,1
94489437528,12,12,0
8590115332,8,8,0
17180090708,8,8,0
8590115331,9,8,1
34359762610,10,10,0
8589944079,10,6,4
94489373962,8,8,0
60129737660,16,16,0
8589934625,26,22,4
96319,14,13,1
8590209739,17,16,1
11969,28,26,2
11966,16,14,2
229980,46,33,13
60498,8,8,0
8183,9,9,0
202142,9,9,0
42949706196,12,12,0
42949706195,8,6,2
341173,29,13,16
17180047976,18,13,5
17180256829,16,14,2
353006,26,21,5
25769954868,15,13,2
25770130109,9,9,0
8590173827,11,11,0
8590238930,10,9,1
25769915384,8,8,0
8590022571,10,10,0
8590022567,12,12,0
26579,30,25,5
48331,38,28,10
272317,20,19,1
331930,19,16,3
25770047291,14,11,3
3406,95,23,72
17179914867,22,13,9
25770047292,8,8,0
41300,16,16,0
52077,19,16,3
90789,28,27,1
38030,11,11,0
346184,29,26,3
25770203285,9,9,0
17179874856,43,32,11
324630,63,32,31
17180068801,18,12,6
393074,21,16,5
393080,8,8,0
17180068800,8,8,0
17180068795,11,11,0
34359962668,27,20,7
77309566724,8,7,1
42950035671,14,9,5
17180306812,54,40,14
25769858666,9,7,2
8590170560,16,15,1
34359820358,8,8,0
42949845926,10,10,0
94489486416,9,9,0
137364,18,18,0
378170,16,16,0
8590052833,10,9,1
8590052840,8,8,0
8590052841,11,11,0
8590349097,56,48,8
8590245592,12,12,0
5077,68,52,16
120259511326,10,10,0
20414,32,30,2
140664,18,17,1
89105,21,20,1
17180154636,8,7,1
77309425101,10,6,4
229232,10,10,0
17180256385,23,19,4
28634,279,169,110
51826,136,18,118
17180013802,13,7,6
8590305246,25,22,3
42950020282,10,10,0
191855,12,12,0
333510,10,9,1
57932,13,9,4
57931,9,6,3
42949799672,8,8,0
37424,248,104,144
8589987794,18,17,1
42950023179,9,7,2
34359758075,18,17,1
278097,8,8,0
8590268371,20,20,0
250051,29,19,10
8590086829,8,7,1
7172,9,9,0
42950083126,9,9,0
25770221175,17,11,6
97555,22,14,8
150961,60,53,7
25770189892,10,6,4
129855,95,77,18
8590165133,9,9,0
94489449845,8,7,1
8590227017,36,35,1
60129862171,9,9,0
41144,10,9,1
42523,17,14,3
31938,23,19,4
8590238891,15,13,2
169419,8,8,0
17180099283,10,10,0
17180099281,16,15,1
68719760334,9,9,0
23275,425,160,265
42949942590,12,12,0
17180219464,16,11,5
60129757857,10,10,0
8589937908,34,27,7
17180037382,16,9,7
8590043025,30,21,9
17180297225,10,8,2
17180281514,32,21,11
8590019820,54,42,12
8589945669,8,7,1
111669157926,9,9,0
8560,82,62,20
25770055719,14,14,0
8589961873,8,8,0
17180037834,48,45,3
118467,11,11,0
51539702114,8,8,0
17180055606,16,15,1
51539773609,9,9,0
8589985831,26,22,4
17180296836,13,10,3
8590076492,8,8,0
161673,23,20,3
124649,13,12,1
265876,10,10,0
10294,143,76,67
68719785830,8,8,0
228120,55,50,5
97921,10,9,1
97919,17,11,6
8590004676,8,8,0
363142,15,14,1
51539618226,29,28,1
25770003706,8,8,0
399196,13,9,4
17180014386,16,15,1
350966,14,12,2
8590117099,56,40,16
34359999887,14,11,3
25770143029,24,22,2
8590000195,32,27,5
95950,35,33,2
51877,106,68,38
25770029679,11,11,0
8590019078,8,8,0
17180206150,14,10,4
8590055860,19,15,4
8590055864,13,13,0
8590055868,10,10,0
60129835100,8,8,0
60129819015,11,11,0
8590180366,13,12,1
112027,14,14,0
8590148855,13,13,0
17179924719,9,9,0
25770067113,10,9,1
25769807397,19,11,8
8590089558,11,11,0
17180019495,21,15,6
17180019489,11,11,0
99686,21,12,9
8590086208,16,11,5
393271,23,14,9
34359886708,8,6,2
347340,16,15,1
284706,46,30,16
140125,15,14,1
146062,30,22,8
51539743887,9,9,0
275948,20,11,9
17179963826,13,12,1
51539755375,8,7,1
51539706076,19,17,2
27670,42,27,15
27677,313,73,240
8590302131,8,6,2
8590016282,8,8,0
25770125012,9,9,0
1579,43,27,16
8590214357,8,7,1
111669490851,9,7,2
137828,25,17,8
25769979544,9,9,0
214748401272,8,8,0
8590250846,11,11,0
8590247498,12,10,2
8590247502,9,9,0
8590339786,8,7,1
377881,25,18,7
17180201147,16,14,2
8589993716,8,8,0
51438,86,45,41
8590178401,11,11,0
85354,95,66,29
8590178402,9,8,1
8590015930,15,14,1
25770061077,9,8,1
17179981666,23,22,1
8590227229,33,30,3
17180201748,11,9,2
124866,22,21,1
31199,204,114,90
13484,311,178,133
107894,33,18,15
178268,72,26,46
196660,38,30,8
196667,18,18,0
196669,25,25,0
34359962970,15,14,1
196659,8,8,0
77309549095,8,8,0
218815,20,18,2
94489485968,11,8,3
342690,105,40,65
107326,82,62,20
8589967163,14,14,0
77309558576,10,10,0
8590253301,9,6,3
8590253306,9,7,2
8590253302,8,5,3
25770004772,9,9,0
128849062517,9,8,1
8590282850,8,8,0
34359967030,18,12,6
285393,12,11,1
81530,9,9,0
34359970124,8,8,0
107357,13,13,0
396816,15,15,0
68719889257,11,11,0
396815,18,18,0
51539880554,10,10,0
76897,118,108,10
68719888519,9,8,1
8590229109,24,15,9
65667,12,8,4
42949896526,8,7,1
287743,9,9,0
287732,17,15,2
287734,8,8,0
287726,26,24,2
287733,58,41,17
287729,9,9,0
64106,28,15,13
17180181634,9,8,1
17179929602,15,15,0
60129680174,8,8,0
25769878308,9,7,2
25770018369,18,17,1
180399,17,17,0
81090,19,17,2
81098,13,13,0
25770010706,9,8,1
25770010703,9,8,1
8590331200,14,11,3
186211,43,33,10
214131,46,42,4
25769877109,12,10,2
51539709105,9,9,0
8590000018,22,22,0
25770016841,11,11,0
77309802262,10,10,0
85899483549,12,12,0
68719681563,14,13,1
134606,10,10,0
60129793244,14,14,0
174402,13,12,1
174173,27,27,0
263866,52,40,12
60129642833,12,12,0
17180002103,28,20,8
142799,9,8,1
142796,10,8,2
8590281812,12,11,1
175379,12,9,3
25770184134,9,9,0
8590366801,9,9,0
17180188333,8,8,0
34360143603,8,8,0
374575,9,9,0
8590031303,21,21,0
177379,45,40,5
25770196739,8,8,0
570,41,18,23
85899602985,9,9,0
8590266732,16,11,5
25770010024,18,15,3
17180158840,10,8,2
85899704029,10,10,0
42949994003,8,8,0
42949735620,10,10,0
103079303651,9,6,3
8590334317,16,15,1
42949790844,9,8,1
273936,14,9,5
164714,11,9,2
17179930365,28,21,7
25769983508,18,16,2
41944,32,15,17
94489296908,8,7,1
51539930340,11,9,2
51539678539,9,9,0
321072,17,15,2
34359878132,9,9,0
295243,131,93,38
25770077312,10,10,0
8590128820,27,21,6
8590109196,31,30,1
8590229381,19,15,4
17179910949,37,26,11
95799,61,50,11
103079401928,11,10,1
34045,71,41,30
346101,12,11,1
242023,16,11,5
51539739195,26,19,7
308670,16,14,2
263747,40,33,7
374388,17,16,1
374391,9,9,0
42949817582,16,10,6
274336,108,67,41
8590015893,18,18,0
299146,11,11,0
17180035336,8,8,0
8590019713,63,49,14
17180037011,18,14,4
81536,176,80,96
17180008438,12,11,1
111669325460,9,8,1
364665,27,27,0
8590188535,10,10,0
34359823054,22,20,2
42293,44,31,13
17180128624,14,10,4
17180128625,13,11,2
8590318309,9,9,0
8590331485,13,10,3
109210,18,17,1
17180073243,13,10,3
17180121957,14,14,0
108883,11,10,1
8590148802,14,13,1
17180107499,31,26,5
8590138147,21,18,3
42949777121,8,8,0
8590124126,12,11,1
60129565357,8,8,0
34429,15,15,0
8590340868,10,9,1
34360032233,12,10,2
8590041730,15,8,7
68719636729,10,10,0
25769823905,42,33,9
263251,12,6,6
8590102124,9,9,0
34359852160,16,14,2
371824,13,13,0
94886,9,9,0
8589961607,37,36,1
17180008822,16,15,1
25770011667,13,11,2
42949911598,14,12,2
80987,14,11,3
337520,22,18,4
360051,15,14,1
25770230015,11,9,2
137439172856,8,8,0
7082,15,15,0
42949905628,9,9,0
340168,13,11,2
215279,49,42,7
25769943148,15,14,1
276904,65,44,21
51539668265,8,7,1
172816,8,8,0
97205,17,17,0
17180048888,13,13,0
31223,254,36,218
17180299961,9,8,1
34359780800,8,8,0
130935,23,23,0
42950001272,15,14,1
34359875357,9,9,0
184288,17,16,1
8590342532,60,46,14
17180158428,8,8,0
51539650965,8,8,0
17180059313,8,8,0
8590046228,20,18,2
187752,48,30,18
25769915149,8,7,1
200590,21,21,0
17179955637,9,9,0
17180243437,9,7,2
17179921640,8,8,0
17179998316,45,38,7
8589938191,13,12,1
242581,22,19,3
242583,8,8,0
242588,11,11,0
242587,9,9,0
242586,13,13,0
242594,11,11,0
34359992385,9,8,1
34359992384,12,12,0
34359992383,11,11,0
19109,245,152,93
17180000271,9,9,0
9655,148,101,47
172306,19,16,3
34359738951,13,13,0
8589998621,56,38,18
205250,31,22,9
255320,79,44,35
190107,271,87,184
25770141568,21,15,6
164977,54,38,16
34359858334,9,9,0
10896,54,34,20
34360094279,9,7,2
17180277758,16,16,0
34359955384,26,18,8
25770176406,16,14,2
25770169113,13,11,2
50546,32,24,8
8590224941,21,21,0
214792,26,26,0
34360131412,8,8,0
8590226549,62,54,8
8590147221,10,10,0
263426,56,44,12
64730,201,139,62
8589977770,11,11,0
212820,30,15,15
266447,142,43,99
212823,9,9,0
22295,62,27,35
34360041641,17,17,0
17180305662,8,8,0
25770064430,8,8,0
51539777518,8,7,1
155176,75,66,9
128849406620,8,8,0
25770032902,11,10,1
17179886922,25,25,0
25770020305,16,15,1
8590323504,35,30,5
134269,33,25,8
42949730362,11,11,0
51540005593,20,17,3
384039,20,20,0
60129637477,8,8,0
42949877959,11,9,2
42949931754,11,10,1
51539951283,9,9,0
414943,11,11,0
68093,29,24,5
8589959091,12,10,2
382731,156,84,72
400580,14,9,5
8590216428,15,13,2
22303,31,22,9
34360046915,8,8,0
374541,8,8,0
8589986656,17,17,0
160611,32,20,12
190281,24,19,5
8590276034,51,35,16
705,72,59,13
146716,68,51,17
146717,8,8,0
42949831362,9,9,0
94489555019,8,8,0
392471,40,25,15
66922,25,10,15
25769971159,8,6,2
17179870740,22,12,10
85899698625,10,10,0
60129665456,21,21,0
8589938083,9,6,3
42949871550,12,9,3
17180218988,35,30,5
189927,12,11,1
17180072489,11,11,0
34359748556,8,8,0
51539855557,8,8,0
25770119736,8,8,0
359970,9,9,0
183629,13,11,2
17180234055,11,10,1
34359866269,9,9,0
77309424396,12,12,0
8590333996,17,17,0
8590123302,34,25,9
25770202538,28,21,7
15148,16,15,1
8590056588,9,9,0
68719684057,10,10,0
34359916587,10,8,2
8590209385,9,9,0
77309513163,8,8,0
25770120937,23,18,5
51539961935,14,14,0
260294,19,16,3
10812,13,12,1
172786,22,18,4
17179906511,8,8,0
54261,89,74,15
17180078113,9,8,1
88840,39,28,11
25769878609,13,13,0
8590185942,33,24,9
175844,34,31,3
17180122602,13,12,1
17180136475,21,17,4
25770049602,9,7,2
17180193129,18,15,3
17180186345,10,9,1
25770135660,24,19,5
51539741259,11,11,0
25769950366,17,17,0
25770135657,14,14,0
25769950363,15,15,0
25770213489,13,12,1
247129,28,20,8
8590112345,42,20,22
60129594326,16,11,5
34359830739,14,11,3
36755,11,9,2
83620,34,11,23
85012,16,10,6
127047,9,9,0
42949700909,8,7,1
77309486581,11,11,0
143252,20,15,5
17180163208,13,13,0
34359791127,10,10,0
42949795613,11,8,3
17179915317,8,8,0
17180237376,9,8,1
25770111320,15,13,2
17179874614,10,10,0
8590342131,10,9,1
25770018692,8,8,0
85899377117,8,8,0
8590324418,11,9,2
11386,32,24,8
10324,116,92,24
25769979485,10,10,0
24660,23,20,3
25769918461,36,29,7
103079246481,12,12,0
34359760082,15,15,0
35367,15,13,2
205800,122,81,41
34359911324,9,9,0
274412,29,23,6
94489402050,10,10,0
8590088162,23,20,3
80974,11,11,0
80968,9,8,1
35457,34,33,1
67959,13,11,2
276236,8,6,2
72118,44,40,4
85899443454,10,10,0
13309,41,36,5
25769870435,14,13,1
77309643933,10,10,0
8590136559,11,11,0
8589960860,21,19,2
8590018628,18,18,0
358797,10,9,1
8590252975,16,15,1
8590207000,27,26,1
111415,31,22,9
184004,11,9,2
397902,12,11,1
42949998740,9,9,0
359048,11,11,0
313124,33,21,12
51539759627,17,15,2
17180083279,15,14,1
68719830067,13,13,0
120259273625,13,13,0
34359940956,8,8,0
8590267138,14,13,1
68719804909,16,14,2
8590059217,16,16,0
60129675967,8,8,0
17180280624,10,10,0
17179931806,9,9,0
25770206911,9,9,0
8590156391,14,13,1
141898,16,16,0
57893,13,10,3
68719602960,9,9,0
214904,20,19,1
8590290001,8,8,0
411739,70,66,4
60129940524,10,9,1
17180053909,8,5,3
17180079442,9,9,0
117792,23,21,2
17428,25,24,1
18416,22,22,0
8590001644,12,12,0
8590136186,22,17,5
276076,33,21,12
64839,79,64,15
289922,29,24,5
51539664324,9,7,2
34359807248,9,9,0
8590044256,15,12,3
381679,99,23,76
8590161771,8,8,0
42949970288,18,13,5
29347,87,69,18
360686,8,8,0
42949738086,11,10,1
128849129880,9,9,0
68719804120,19,11,8
17179924941,10,10,0
8590074479,16,12,4
8590239628,9,9,0
60129886833,8,8,0
402992,17,16,1
8590246761,13,11,2
8589985892,8,7,1
322389,11,11,0
398632,9,7,2
238476,28,26,2
393676,69,51,18
77309449013,13,9,4
8590188112,58,42,16
60129618970,9,5,4
222721,8,6,2
8590037544,14,9,5
42950062276,10,9,1
8590223083,20,10,10
34360018632,11,9,2
34360018628,8,7,1
8590011803,9,9,0
25770086476,29,28,1
51539758565,9,9,0
8590193512,11,10,1
8590143367,10,10,0
111669302980,8,8,0
17179965181,8,8,0
34360112164,27,19,8
58401,10,10,0
8590303185,14,9,5
206455,60,43,17
34360024411,8,8,0
8590279153,10,10,0
42949768572,12,11,1
171798993182,9,9,0
84802,21,16,5
42949982052,11,11,0
8590241575,12,11,1
8590241567,13,12,1
8589949853,18,13,5
17180213162,11,10,1
8590241572,13,12,1
8590199698,8,8,0
8590078006,52,27,25
51539858729,8,7,1
17180239650,8,7,1
51539689858,8,8,0
51539689861,8,8,0
8590009340,25,21,4
8590116773,27,24,3
8590116593,30,17,13
8590292487,30,19,11
8590265719,21,12,9
305322,17,16,1
305323,19,18,1
17180031822,13,12,1
17180214561,10,10,0
8590041978,13,13,0
17180214553,15,15,0
17179886201,14,14,0
104927,13,12,1
8590023185,37,30,7
2825,152,85,67
34359880610,11,11,0
42949776260,12,9,3
17179926914,10,8,2
358154,20,20,0
34359917949,14,12,2
293584,56,54,2
34359761703,14,12,2
211330,34,34,0
211333,10,9,1
17481,168,106,62
34360132521,12,12,0
22806,62,34,28
77309819515,17,15,2
112145,55,31,24
42950073467,11,11,0
305007,8,7,1
34359968088,12,9,3
124957,10,9,1
112836,11,10,1
82678,11,11,0
17180290459,11,11,0
8590096561,34,33,1
77309607329,10,9,1
81291,15,13,2
8589964104,21,20,1
34359793559,21,14,7
8590270742,18,10,8
125967,56,18,38
77309736392,11,8,3
25769998562,20,19,1
2468,68,51,17
34271,12,12,0
34359793043,8,8,0
86713,8,8,0
77309599701,8,8,0
25769893457,14,14,0
51539989672,10,10,0
34359883988,9,9,0
85899426414,10,10,0
8590092721,42,21,21
15729,148,71,77
17179997207,27,25,2
36788,42,35,7
8590058088,21,18,3
198869,8,8,0
8590183017,9,9,0
8589991851,25,23,2
94489336303,11,11,0
85426,16,15,1
8589964487,46,32,14
17180081276,16,15,1
8590009314,9,9,0
17180031069,13,13,0
96748,41,32,9
57072,18,12,6
301852,60,44,16
60129553986,10,10,0
25769881878,13,13,0
182342,25,21,4
34359887630,10,9,1
320150,45,29,16
357023,9,9,0
357022,8,8,0
337055,16,13,3
48277,69,27,42
34360034691,10,10,0
323996,19,16,3
34359809623,9,6,3
60129551854,10,9,1
17180270046,8,7,1
146028954168,8,6,2
60129779950,14,14,0
362415,41,34,7
42949734076,12,12,0
34360126813,8,8,0
79727,66,53,13
8590289628,17,10,7
240117,9,9,0
51540011424,11,11,0
17180226678,10,9,1
68719559447,17,14,3
42949938898,10,10,0
25770207461,24,19,5
17179992966,48,19,29
12416,115,31,84
25770163792,22,17,5
12424,14,13,1
387402,15,15,0
184563,27,21,6
8590200676,42,37,5
270829,19,14,5
110078,122,74,48
210829,67,58,9
42949709169,8,8,0
77309491368,11,9,2
34360008412,11,10,1
8590028977,13,11,2
17180067840,15,14,1
207092,35,22,13
17180105248,19,19,0
164321,12,12,0
206961,32,20,12
177633,8,8,0
241007,77,43,34
241009,36,25,11
17180269375,19,18,1
17180097269,14,14,0
206665,11,11,0
8590113448,35,25,10
34359797347,15,14,1
8590112581,15,12,3
42949680956,11,11,0
34359752111,23,21,2
51540031714,8,7,1
17179999480,17,15,2
392974,10,10,0
214485,22,11,11
120259452299,9,6,3
8590104477,12,11,1
8590129614,19,19,0
25770055490,23,13,10
321460,14,11,3
25769835125,14,14,0
25769835121,10,10,0
8590285883,22,16,6
17180239182,19,16,3
42949779803,11,11,0
311968,11,7,4
25770125113,25,19,6
8589961736,25,22,3
106008,51,43,8
264993,12,11,1
34360068418,9,9,0
120259449305,8,6,2
352343,9,9,0
8590270368,18,17,1
8590112458,12,11,1
8590356687,22,18,4
334896,54,40,14
8590122190,8,8,0
8590220015,10,9,1
42949754712,13,13,0
8590005918,25,9,16
383580,133,78,55
42949780026,13,9,4
42949830439,10,10,0
42950003810,8,8,0
8590141764,10,9,1
25769968405,12,10,2
25770224380,20,17,3
45071,14,14,0
356057,10,9,1
42949709775,11,10,1
110661,32,20,12
32569,13,13,0
32570,11,11,0
32568,11,11,0
296856,27,22,5
51539782017,15,11,4
8590025727,29,19,10
25770153035,19,17,2
51539965565,8,8,0
8589936571,10,9,1
8590232695,8,5,3
17179932905,19,13,6
34359745750,18,15,3
103079624383,8,8,0
34360156713,9,9,0
298248,10,9,1
129775,64,22,42
60129683194,8,8,0
178277,8,7,1
8589935989,8,8,0
8590377345,27,26,1
17180056119,12,7,5
42949786334,9,7,2
42949786343,8,8,0
42949786338,12,9,3
25770031800,27,20,7
218216,16,13,3
94489394052,8,8,0
242472,12,10,2
314240,28,22,6
8590274181,51,47,4
331863,14,9,5
76951,22,20,2
34359893760,13,11,2
34360036501,8,8,0
8590216345,14,12,2
261899,25,18,7
8590333316,24,19,5
95678,16,13,3
25770241200,16,11,5
8589969253,11,11,0
25770013395,9,9,0
142757,10,10,0
17180276853,8,8,0
8590315946,11,9,2
119271,96,50,46
94489679355,9,9,0
8590356818,29,24,5
51539690257,11,11,0
8590135079,18,18,0
158951,22,21,1
34359809338,16,15,1
7498,253,144,109
193445,22,11,11
42949885256,10,10,0
8590072585,21,18,3
8589964540,62,44,18
25770181809,9,9,0
8589954321,15,15,0
8590015198,9,9,0
8590015193,12,12,0
288378,16,13,3
40377,31,27,4
291823,13,12,1
291829,11,11,0
8590300858,12,12,0
25770215970,10,2,8
25769825190,14,13,1
154618968253,11,10,1
17180290450,17,17,0
68719701320,11,11,0
34360024073,28,21,7
42363,255,127,128
34359987777,10,9,1
8590133664,18,16,2
94489357412,8,8,0
25769916057,17,15,2
94105,13,13,0
17179940142,15,15,0
103230,64,55,9
8590187556,27,22,5
8590366652,8,8,0
206177,11,9,2
15380,329,162,167
327080,11,9,2
34359933431,9,7,2
8590094933,13,13,0
337466,10,8,2
17180094229,8,6,2
17180094223,21,15,6
17180226649,11,4,7
17180226645,8,5,3
8590171114,30,28,2
42949779053,8,8,0
103079259868,10,7,3
24605,70,7,63
286747,10,7,3
25770122875,14,11,3
8590257312,15,9,6
286745,9,7,2
249572,10,9,1
280828,27,17,10
8590335985,8,8,0
34360128731,9,9,0
168096,9,8,1
17180272910,18,18,0
8590108181,18,15,3
25770116476,8,8,0
8589971378,17,14,3
23064,100,39,61
8590229361,11,10,1
179194,45,30,15
1471,25,16,9
1472,13,13,0
25770039384,11,11,0
25770039381,10,10,0
25770039380,18,16,2
1469,17,16,1
51539825538,8,8,0
25770112719,8,8,0
42949908843,11,10,1
8590162307,40,32,8
150606,77,50,27
17179965135,15,13,2
232453,9,8,1
61955,45,17,28
36507,94,66,28
25770106729,8,8,0
127909,93,59,34
17179958916,14,11,3
8590134482,10,7,3
60129716342,8,8,0
384371,37,35,2
43140,9,9,0
205060,9,6,3
108452,20,11,9
34359800970,15,13,2
8589952520,19,11,8
144180,10,7,3
8590313001,12,12,0
302424,8,8,0
257976,18,13,5
17179926156,17,15,2
17180154445,14,14,0
163275,9,9,0
160673,13,11,2
96855,23,20,3
42949928620,9,6,3
58222,19,14,5
42949876088,10,9,1
68719594302,9,7,2
359674,15,11,4
8590354184,17,16,1
34359929256,14,13,1
25769913220,66,46,20
184649,59,57,2
25770022983,10,8,2
132811,18,10,8
25770042161,20,20,0
8590352316,9,7,2
17179911039,29,15,14
34360131273,10,9,1
341898,14,14,0
68719736778,9,8,1
17179948901,14,13,1
8590239015,22,17,5
145383,9,9,0
118748,57,18,39
60129838599,8,8,0
68719725621,8,7,1
42949847372,33,33,0
103079259758,10,10,0
34359837929,11,11,0
235148,25,21,4
42949727826,12,12,0
17179991614,8,8,0
103079504460,13,9,4
121901,10,10,0
42949766113,8,8,0
8590190262,33,28,5
8590271067,8,8,0
25769835802,8,7,1
8590293200,9,8,1
8590355033,11,10,1
249275,8,8,0
235771,13,11,2
62955,64,52,12
17180155612,76,61,15
364224,11,11,0
133257,71,61,10
42949732350,9,9,0
325198,9,9,0
85899389292,10,10,0
17179967917,30,30,0
8590357668,21,21,0
33790,9,9,0
8590077953,8,8,0
34359767257,21,21,0
88839,45,18,27
8589994211,142,82,60
137438994893,8,7,1
8590070787,10,10,0
406456,10,10,0
123820,47,39,8
8590023307,20,20,0
77309558347,16,11,5
42949798746,10,8,2
85899779828,8,6,2
8590050099,15,13,2
34360085192,9,9,0
94489401785,10,10,0
8590215612,12,12,0
19381,22,19,3
17179932063,38,32,6
8589995324,11,9,2
238721,47,28,19
165087,10,10,0
25769885288,14,12,2
17180073254,9,9,0
294374,10,10,0
211338,65,49,16
8589968464,16,15,1
34359969361,13,11,2
34359860786,19,18,1
34360154061,19,18,1
254156,8,7,1
34700,12,12,0
25770084999,17,14,3
25770085003,21,14,7
53366,73,17,56
8590271088,19,18,1
68719480247,8,8,0
24080,21,21,0
8589962238,11,11,0
8589962237,10,10,0
8589962242,9,9,0
42949889515,30,22,8
8589999810,11,11,0
226127,86,60,26
8590062788,11,8,3
17180192765,18,14,4
278916,22,18,4
55021,31,24,7
8589978247,37,24,13
163188,20,16,4
34359827662,15,15,0
17180202885,11,11,0
8590046429,9,7,2
17179903010,8,8,0
168755,39,34,5
17179948230,11,11,0
300050,20,16,4
60129671526,8,7,1
34359866088,14,10,4
130391,54,37,17
373580,12,9,3
17180040012,10,8,2
25770192149,11,8,3
8590074246,9,8,1
8590077742,24,23,1
262946,9,9,0
51539755040,8,8,0
121628,19,19,0
35410,39,29,10
25769820701,12,11,1
225430,13,12,1
196850,11,11,0
25769826210,22,22,0
48146,8,7,1
8590253003,10,10,0
8590064882,40,32,8
8590328910,15,15,0
8590306329,11,9,2
34360149279,16,15,1
8590133590,12,11,1
17179985272,15,13,2
324232,24,22,2
243151,28,21,7
241902,8,8,0
34359891139,21,12,9
34359891136,10,8,2
34359891140,12,10,2
1071,111,35,76
8589990176,16,16,0
73321,23,19,4
8590063119,12,11,1
279570,40,21,19
17179896692,8,8,0
229,235,42,193
32926,27,23,4
34360027929,13,12,1
8589941662,23,15,8
3353,19,15,4
17180243164,11,11,0
17179889443,27,24,3
17179894706,30,28,2
224959,72,59,13
17180148802,14,12,2
8590028669,8,8,0
67409,21,19,2
41717,10,8,2
8590273260,11,11,0
17180108928,29,26,3
182837,22,22,0
8590218194,45,43,2
182843,23,21,2
68719541186,9,9,0
8590123634,16,16,0
282452,10,10,0
287325,9,9,0
287327,8,8,0
192656,14,8,6
227325,91,34,57
8589959420,36,18,18
42949699489,31,22,9
8589959415,8,6,2
42949693894,10,9,1
17180170279,11,11,0
42949915974,11,9,2
17179891560,13,11,2
708,16,14,2
42949789387,8,8,0
42949802583,8,8,0
422961,19,14,5
42949945493,8,8,0
77309594813,9,9,0
25770115002,20,19,1
154619140153,12,12,0
387530,12,12,0
387528,14,14,0
25769927354,13,11,2
387534,8,8,0
83801,52,38,14
8590177587,10,8,2
128097,21,15,6
388581,8,6,2
8590268066,8,7,1
17180196496,16,15,1
25770006980,9,9,0
17180196494,8,7,1
8589973798,17,11,6
8589993848,35,24,11
214666,31,18,13
214673,14,12,2
8590107294,16,13,3
17180050099,31,21,10
154791,41,30,11
8590148348,8,7,1
42949837973,8,8,0
30488,63,23,40
8590228570,9,7,2
17180125136,14,13,1
147054,10,10,0
300287,18,16,2
8590045490,9,9,0
257684,46,43,3
25769901425,8,8,0
8590332912,8,8,0
373272,28,28,0
322234,30,20,10
154619048874,9,9,0
17179927072,38,37,1
116757,30,24,6
42950045324,15,15,0
17180275580,19,16,3
17180107529,8,7,1
34359800857,12,11,1
17180252012,20,18,2
8590117875,8,7,1
8590206124,9,8,1
8590206129,8,8,0
165681,12,7,5
170044,36,13,23
165684,8,6,2
154924,13,11,2
60129600697,12,11,1
35874,122,76,46
220404,43,35,8
277122,70,54,16
34360137915,11,9,2
8590046763,11,11,0
42949683762,10,9,1
25770003812,10,10,0
25770220559,8,8,0
25770137574,12,12,0
130041,15,14,1
17180287438,9,7,2
8590192471,10,10,0
34360133528,9,9,0
8590234133,26,21,5
288240,10,10,0
85899743056,9,8,1
103079371165,9,7,2
8590058114,11,10,1
8590058111,23,16,7
25769946718,20,20,0
188174,30,26,4
60129789200,12,8,4
25769899818,21,20,1
25769809581,14,14,0
8590190972,17,16,1
8590119913,9,9,0
94489501852,8,8,0
51539663690,8,8,0
29105,32,26,6
34359839732,20,20,0
51539705390,10,9,1
268768,28,24,4
328816,28,15,13
260026,28,24,4
42950088548,8,7,1
51539831130,14,14,0
108633,10,10,0
108628,11,10,1
8590172988,12,8,4
8590172994,21,8,13
379139,14,14,0
33599,42,31,11
17180040934,14,8,6
8590052585,29,24,5
17179996336,13,11,2
42949740878,8,8,0
42949740875,15,10,5
335570,14,7,7
25770212436,9,9,0
8590082934,8,5,3
25769832140,10,9,1
339524,13,12,1
395098,13,12,1
46183,11,11,0
8590118415,11,11,0
8589968446,23,21,2
8590067387,10,10,0
8590153897,15,13,2
8589966922,10,9,1
8590235839,13,13,0
8590247517,12,10,2
17179914399,12,10,2
17180034988,14,11,3
8590083095,21,18,3
60129889164,8,7,1
17180267851,15,12,3
17179910275,8,7,1
39577,8,7,1
17179910272,8,7,1
128451,35,35,0
301004,8,7,1
154044,27,9,18
405251,17,17,0
51539702664,8,8,0
128734,149,81,68
8590053625,8,8,0
8589995217,27,17,10
34359760948,18,14,4
297456,49,26,23
373152,47,30,17
207700,17,17,0
94489312747,13,13,0
42949720034,8,5,3
17180006184,15,14,1
42950059149,9,9,0
8590243240,20,20,0
17180235223,16,16,0
352020,19,17,2
240808,41,33,8
8590311804,9,9,0
180912,24,22,2
42949867818,11,11,0
395525,24,19,5
25769997126,28,23,5
8590120789,14,14,0
420912,40,30,10
60129928266,16,14,2
8589973491,23,15,8
4344,8,7,1
161885,8,8,0
8590265123,13,12,1
8590203638,9,9,0
8590042881,14,13,1
63359,10,10,0
60129847511,10,9,1
306687,11,10,1
17180305306,24,20,4
25770197378,13,13,0
8590026745,12,11,1
25770161001,13,9,4
60129616585,9,7,2
8589961803,12,11,1
8590182488,15,15,0
318456,30,29,1
25770074801,14,14,0
415707,12,11,1
17180166306,13,9,4
25770123713,8,6,2
8590235119,9,9,0
8590257587,12,11,1
8589983565,10,9,1
42949736778,13,12,1
34359826103,10,9,1
8589983571,64,26,38
25769909084,9,9,0
51540000933,33,31,2
17180297680,16,13,3
298114,9,8,1
172153,8,7,1
298121,10,9,1
51539758770,8,8,0
17179893923,9,9,0
17180167909,10,7,3
17179962333,11,9,2
17180245249,9,9,0
17180183429,8,8,0
51539916727,9,7,2
353802,14,7,7
51539697106,11,10,1
96838,12,11,1
103079620555,9,9,0
17180047729,10,10,0
294567,9,9,0
25769977352,12,10,2
198649,14,13,1
8590130096,27,20,7
64347,8,8,0
17180016792,41,33,8
42949901537,12,11,1
419519,8,8,0
68719802616,9,9,0
34360147175,22,14,8
34872,47,42,5
349047,8,7,1
8589963348,20,15,5
392224,12,12,0
38912,212,80,132
34359983102,14,14,0
190576,14,14,0
365936,8,8,0
187974,16,14,2
25769942746,9,9,0
28380,18,7,11
17180059676,26,24,2
243685,44,34,10
68719681469,9,9,0
42949749357,10,10,0
201641,24,14,10
419016,19,15,4
8590016497,17,15,2
145885,32,29,3
17179946739,10,9,1
51539998099,8,8,0
17180016574,14,10,4
289278,10,9,1
22099,21,11,10
51539913851,12,11,1
42949765013,8,8,0
17180067174,10,9,1
350000,8,6,2
349996,24,18,6
342551,9,8,1
17180054261,21,16,5
34359993964,10,9,1
111669210638,9,7,2
25769869723,9,9,0
8590205143,16,12,4
69487,12,8,4
8590014559,8,4,4
17180278291,8,6,2
8589937306,24,22,2
17180036250,11,10,1
10568,24,21,3
103079517173,19,15,4
8590091356,28,23,5
34359904915,13,12,1
8590156665,9,9,0
220367,22,19,3
25769962273,39,34,5
8590068628,46,43,3
8590066889,14,12,2
47836,12,9,3
17179929129,22,19,3
169730,11,9,2
25769905290,12,12,0
34359745513,10,10,0
60129958350,8,8,0
17180244389,23,20,3
103079541321,8,8,0
400239,14,10,4
25769982961,9,8,1
17179934694,12,9,3
25769982971,8,8,0
60129933162,12,10,2
8590351680,8,8,0
17180307613,20,16,4
8590317976,19,7,12
25770076491,9,9,0
8589988757,74,58,16
34360029091,10,10,0
42949899689,8,8,0
17180119715,30,26,4
85899524380,9,9,0
17180119711,16,15,1
34360013366,8,7,1
17180124392,12,10,2
25770122648,12,8,4
17180108760,12,12,0
8590173399,32,26,6
8590075906,11,9,2
157031,52,43,9
25770072069,15,14,1
8590166539,12,12,0
111669154371,8,8,0
68469,10,10,0
51539873136,10,10,0
17180065484,11,10,1
8590334336,14,14,0
157532,85,61,24
249859,48,41,7
8589975208,8,8,0
32546,10,10,0
17180123622,9,9,0
42949894953,11,11,0
17180130299,9,8,1
17179993748,18,18,0
254907,15,15,0
243871,111,2,109
34360091975,15,2,13
60129618527,9,2,7
324291,38,35,3
25770123848,10,10,0
25769861421,8,8,0
25770065613,17,11,6
169335,36,33,3
17179887889,10,7,3
34359802570,10,9,1
34359772802,11,11,0
42949836622,14,14,0
34359783530,8,6,2
60129596327,8,5,3
8589948084,10,10,0
36631,9,9,0
34359746339,10,10,0
330187,11,11,0
26752,8,8,0
25769897406,9,2,7
25770172942,10,10,0
8590072682,26,24,2
25769947131,8,8,0
219420,8,8,0
219419,47,38,9
145584,31,28,3
62101,14,13,1
347564,17,11,6
51539653054,8,8,0
68719899525,9,7,2
8590273674,11,9,2
387264,27,26,1
113714,76,56,20
189599,62,43,19
17179995166,19,17,2
68719718585,9,7,2
172440,13,13,0
42949994272,9,7,2
8590000236,9,8,1
34360029155,18,15,3
42949814121,9,8,1
8590168592,11,11,0
85899740187,8,8,0
25769910070,26,20,6
25770189664,19,15,4
8590259988,12,12,0
28188,16,15,1
8590219376,22,19,3
85899700114,9,9,0
34359909132,8,7,1
85899700116,9,9,0
85899700112,9,9,0
129765,9,7,2
17179883457,13,12,1
120333,8,8,0
94489640644,9,9,0
103079405091,9,9,0
17179892287,22,21,1
17180054037,13,12,1
17180054035,17,16,1
17180091380,15,14,1
34359975163,14,14,0
17179875788,32,20,12
25769921910,23,23,0
199649,15,15,0
46405,16,13,3
102752,253,111,142
160154,9,8,1
17180263979,19,19,0
25770024378,12,2,10
228256,18,17,1
407845,20,18,2
24190,10,2,8
8590193064,14,5,9
17180085807,10,10,0
34359806739,12,11,1
17179933086,9,8,1
96796,50,42,8
73534,38,31,7
60129570848,11,11,0
8590025466,8,6,2
17180085330,46,26,20
103079321115,9,8,1
274941,26,18,8
8590085837,27,27,0
150608,162,97,65
8590287838,19,16,3
42949807138,13,12,1
17180248494,31,23,8
8590267675,8,8,0
42949789100,10,7,3
169007,119,22,97
8590018971,8,5,3
8590018973,11,6,5
60129926879,9,7,2
17180173576,12,9,3
22503,15,10,5
34360159814,26,23,3
8590289096,33,29,4
47063,12,9,3
25769854357,32,28,4
17180077188,29,23,6
8590338803,10,9,1
34359960545,10,9,1
8590349729,23,18,5
8590136306,88,38,50
25769925995,39,38,1
17179893273,26,22,4
8590347544,17,10,7
25769830007,28,23,5
200309,19,18,1
42949929113,10,9,1
42949829611,13,12,1
234456,31,24,7
298324,8,6,2
17180209557,9,9,0
25769900364,20,19,1
253187,52,45,7
94489314280,12,11,1
154409,8,8,0
8590253969,11,10,1
154413,17,15,2
94489314274,8,8,0
154412,19,14,5
54703,12,7,5
145496,9,7,2
8590025989,32,25,7
34360010901,8,8,0
8590025992,8,7,1
17180166185,12,12,0
8590225167,13,13,0
25770238468,14,12,2
56767,24,24,0
56762,8,8,0
8589966762,15,13,2
89686,16,13,3
17180208872,11,11,0
17180082106,12,9,3
187796,35,19,16
208858,10,7,3
8590142300,31,25,6
77309584705,12,11,1
34360130822,10,10,0
8590310682,17,15,2
60129891897,9,9,0
51539993314,10,10,0
77309653302,12,8,4
34359790125,16,16,0
25770162225,16,15,1
25769868387,11,11,0
111669571634,8,8,0
77309828798,8,8,0
77309828803,8,8,0
314488,12,12,0
17179906816,12,9,3
17179956164,17,16,1
17180164566,14,13,1
163160,34,33,1
51539621213,9,9,0
25769893073,8,8,0
72985,8,7,1
117861,22,19,3
42949887251,9,9,0
60129667276,8,8,0
74507,127,66,61
17180186797,37,31,6
51539711307,19,14,5
8590251810,14,10,4
8590323313,47,32,15
25705,8,8,0
51540029181,8,7,1
68719558022,11,10,1
377721,61,44,17
8590010959,20,20,0
17179955881,22,19,3
60129969262,8,8,0
8590163290,18,18,0
8590192992,15,15,0
17179966108,25,21,4
25770096110,12,12,0
34360133846,10,10,0
34359785645,35,19,16
17180294372,9,8,1
17180136234,22,20,2
25769915267,11,10,1
25770168548,8,6,2
34359807140,10,7,3
25770168547,8,6,2
25770086015,13,12,1
17180299317,25,17,8
8590368095,18,11,7
39895,70,25,45
350186,36,18,18
8590168870,17,12,5
116223,12,11,1
2745,14,14,0
51644,58,30,28
51649,11,7,4
17180005311,20,19,1
109374,29,24,5
17180061248,18,18,0
34360046147,14,14,0
76417,30,30,0
204573,25,18,7
8590150950,13,13,0
8590305813,20,19,1
8589950199,147,43,104
104752,27,18,9
305203,9,7,2
8590041233,22,21,1
364615,8,8,0
8590289478,14,13,1
8590338427,9,9,0
103079541009,8,6,2
60129640252,8,8,0
81312,9,8,1
17180147741,15,13,2
17180147743,45,36,9
77309670508,12,11,1
209227,26,13,13
209221,25,14,11
209235,16,11,5
25769882248,11,11,0
8388,330,140,190
8590332971,12,10,2
34359972969,9,9,0
77309509988,8,6,2
32502,278,111,167
8589959365,18,13,5
34360117972,11,8,3
17180031862,42,16,26
17180009125,15,15,0
17180049026,33,29,4
34359945293,8,7,1
300307,17,16,1
77309790148,9,6,3
8589938654,20,15,5
8590287768,8,6,2
8590287767,12,8,4
9761,131,38,93
246668,40,21,19
249976,30,26,4
68719803385,8,7,1
153647,38,34,4
153644,8,8,0
25769844143,8,8,0
376193,18,16,2
42949750260,21,12,9
51539752497,11,11,0
139882,19,13,6
119084,44,22,22
242746,74,34,40
81861,11,11,0
34359757927,13,13,0
25770082977,22,22,0
34360031303,8,8,0
346790,15,15,0
34360017764,9,7,2
17180298189,11,11,0
94489713581,10,8,2
51539641518,8,8,0
8590199770,27,22,5
60129567007,18,16,2
85899781478,8,8,0
60129823824,10,8,2
8589948067,12,12,0
25770145411,9,9,0
8589988012,10,10,0
85899445240,11,10,1
94345,26,16,10
354578,52,19,33
51539817666,8,8,0
87032,33,30,3
8590198570,36,32,4
276145,13,12,1
8590066739,30,25,5
8589948451,32,32,0
17756,142,96,46
8589951602,23,22,1
126695,14,14,0
17180275928,9,9,0
8590196418,19,17,2
256952,8,7,1
17180023802,8,7,1
8590285477,9,7,2
17179946154,9,8,1
17179946157,8,7,1
363868,16,16,0
42949898193,8,8,0
17179969113,16,15,1
8590111203,16,13,3
17180230870,11,9,2
8590124329,9,8,1
381989,13,12,1
268298,35,25,10
25769843940,64,29,35
25769821991,21,17,4
42950006686,8,8,0
224817,8,7,1
224816,8,6,2
25769892361,8,7,1
17180140907,40,18,22
94723,81,74,7
42950111245,9,9,0
34359971352,16,14,2
395803,9,9,0
17179960470,9,8,1
17180209695,12,11,1
390688,8,5,3
36591,54,28,26
135250,31,22,9
25769878547,14,12,2
25769816256,8,8,0
17179938338,9,9,0
337479,16,14,2
8590354488,78,59,19
42950023046,8,6,2
17180121131,10,10,0
17180235620,20,13,7
34360122339,20,19,1
25770109251,8,8,0
184272,10,10,0
8590154783,18,17,1
345232,28,26,2
146060,13,13,0
8590356157,18,17,1
313369,9,9,0
8590083243,14,13,1
25770065886,8,5,3
17180166604,15,12,3
377471,8,8,0
42950041376,11,11,0
17180270591,18,8,10
111669498924,8,8,0
8589953396,17,16,1
77309476488,15,2,13
10027,14,12,2
60129877296,14,13,1
8590154824,10,6,4
11925,11,8,3
11931,12,9,3
264076,40,24,16
184434,9,8,1
184426,30,19,11
8590073512,10,7,3
8589944472,124,62,62
8590058764,22,15,7
103079470832,9,9,0
17180161479,49,27,22
8590058759,15,15,0
68719702221,18,17,1
112304,79,60,19
97701,111,90,21
26265,25,24,1
85899541394,8,8,0
42437,21,19,2
25770114017,27,23,4
224878,13,11,2
17179914368,14,11,3
202666,41,23,18
68719712135,13,8,5
42950066907,10,10,0
8590072080,14,11,3
8590068784,35,34,1
65673,22,22,0
205152,78,61,17
25770076646,8,7,1
253451,12,11,1
34359977812,15,15,0
77309635177,8,8,0
128901,29,26,3
34360014670,10,10,0
42949887326,9,7,2
17180104853,10,10,0
51540003112,10,7,3
377771,9,9,0
51540007990,9,9,0
203919,10,8,2
295854,11,11,0
51539723614,10,10,0
25769829766,26,17,9
91961,48,25,23
142443,9,6,3
60129563838,8,7,1
8590079676,21,16,5
8590283025,12,12,0
34359818431,12,10,2
8589951140,30,21,9
77309415160,10,10,0
17180250567,17,16,1
25769956757,30,28,2
34359906332,8,7,1
17180269555,13,12,1
17180269556,10,10,0
8590246202,11,11,0
271706,9,9,0
107634,37,31,6
17180109694,14,14,0
17180287721,8,8,0
103399,8,7,1
8590186569,17,16,1
51539816881,9,7,2
389116,13,13,0
8590186910,9,8,1
34360053406,18,17,1
42949775466,9,9,0
17179969106,11,11,0
68719533093,8,7,1
67627,26,13,13
34360160913,8,8,0
97937,10,8,2
17180229500,8,6,2
86527,17,10,7
86532,8,8,0
8590193951,37,27,10
17180275120,14,12,2
8590157927,9,7,2
17179896972,9,9,0
103079216047,19,17,2
8590156584,11,9,2
68719493429,8,7,1
8590289540,8,7,1
92785,126,52,74
8590086614,12,12,0
95483,18,10,8
189432,9,9,0
34359756397,8,8,0
37731,10,9,1
85899534085,11,11,0
42949786172,9,8,1
42949786179,8,7,1
34359942776,12,12,0
42949994811,14,13,1
138783,15,15,0
25769916063,10,7,3
25769916060,10,8,2
106551,44,33,11
193002,42,36,6
17180154680,30,20,10
8590341766,16,15,1
160275,24,17,7
324241,18,14,4
391602,26,26,0
409570,9,9,0
8590039040,15,15,0
8590039034,9,9,0
17180128837,16,15,1
8590233540,10,9,1
17180227953,11,11,0
8590103191,10,7,3
8590306799,12,10,2
42950107118,13,12,1
109725,72,65,7
111669160112,12,12,0
8590156492,8,8,0
42950103478,9,8,1
77309437799,8,6,2
30992,102,21,81
51540051135,9,7,2
17180175543,9,8,1
42949682438,10,9,1
23620,32,27,5
17180185011,11,11,0
17180095166,13,11,2
149508,98,73,25
21468,28,24,4
399531,9,8,1
138115,14,12,2
103721,13,13,0
58746,17,15,2
8590057499,22,21,1
272883,28,25,3
8590116534,94,54,40
8589995067,14,14,0
8590272839,23,21,2
17180201884,12,12,0
17180201886,8,8,0
17180201888,10,8,2
252611,18,18,0
51986,171,91,80
13939,15,12,3
8589962134,9,7,2
8589962136,10,8,2
8589962135,10,9,1
360239,33,21,12
8590107786,24,21,3
17180224121,18,17,1
145249,49,41,8
310663,48,43,5
58907,27,27,0
75577,9,7,2
25770158297,10,10,0
25770158295,23,20,3
33071,11,11,0
34360030672,12,12,0
23345,12,10,2
51539713730,16,16,0
77309435526,8,8,0
51539718258,17,11,6
25770100616,9,6,3
183874,13,12,1
8590104339,17,14,3
399294,8,7,1
8590328742,9,6,3
415023,29,22,7
8590304430,15,14,1
25770038200,16,16,0
173286,28,22,6
315010,21,16,5
42949972497,11,10,1
25770154217,14,14,0
34360089675,8,8,0
131320,19,18,1
8590038514,22,14,8
17180153446,8,7,1
8590181505,9,9,0
34359845512,10,9,1
25770015122,9,8,1
17180129681,8,8,0
8590177818,13,12,1
25770064008,22,14,8
152606,19,19,0
152595,45,45,0
8590256398,29,25,4
400116,28,20,8
417585,16,15,1
25769879365,14,12,2
25769879363,15,14,1
17180063645,8,8,0
8590061251,26,11,15
17179989682,9,8,1
60129768762,12,11,1
17179886808,9,9,0
105216,43,35,8
262222,8,8,0
8590352720,43,36,7
404648,8,8,0
85899643942,14,12,2
17179972533,14,13,1
17180149576,17,16,1
8590316949,18,18,0
17179967025,20,17,3
8590147318,19,18,1
300695,37,21,16
306384,13,12,1
60129598055,9,8,1
42949688631,12,8,4
195357,17,15,2
17180254523,18,12,6
379394,13,9,4
34359928118,14,11,3
188285,15,15,0
34360025702,8,5,3
8590302655,16,16,0
8590302657,17,17,0
8590072284,17,16,1
68719635231,10,10,0
17180218431,13,12,1
17180218113,8,7,1
8590167548,20,18,2
68746,12,11,1
68743,14,11,3
17179882858,42,30,12
184277,26,25,1
8590186441,9,9,0
184280,11,11,0
51539650085,11,10,1
122360,61,57,4
360110,16,15,1
8589987347,22,21,1
42950036745,8,8,0
25770242573,11,10,1
8590283076,13,12,1
8590202502,9,8,1
42949706746,12,11,1
8590283887,23,20,3
77309596739,10,6,4
77309844203,11,9,2
51540035651,10,9,1
51540035653,16,15,1
290358,9,8,1
95810,135,48,87
17180198029,8,7,1
8590079585,8,8,0
17180141960,35,31,4
103802,18,17,1
8590302497,12,12,0
103079412973,9,9,0
34359789304,9,9,0
56097,17,16,1
11162,47,36,11
17180021684,16,16,0
25769933595,11,9,2
34359940346,11,11,0
34359940348,13,13,0
8590141407,13,13,0
25770081636,13,11,2
17179904119,46,32,14
17180281777,16,6,10
25769994403,14,13,1
17179938612,17,14,3
94489687291,8,8,0
8589965433,14,14,0
60129929880,14,14,0
107708,94,34,60
60129812072,13,12,1
17180281945,8,7,1
34359878642,17,14,3
34359745882,10,9,1
17180194271,16,13,3
17180081684,8,6,2
25770032758,8,8,0
60129589487,8,8,0
60129589492,9,9,0
60129589494,8,8,0
8590193822,13,12,1
51539949766,22,18,4
17180106230,9,9,0
8590222256,10,10,0
229020,11,8,3
60129960447,8,8,0
210240,8,8,0
5401,1038,270,768
68719614908,9,9,0
17180084107,16,16,0
25770057420,10,10,0
44979,18,5,13
227489,11,10,1
23675,650,161,489
90360,56,43,13
8590218878,10,10,0
25769913479,12,9,3
8590093524,10,10,0
223338458223,8,7,1
42949760906,14,14,0
263873,12,12,0
61917,33,32,1
8590006641,12,12,0
8590206282,11,10,1
167922,13,12,1
334066,110,64,46
120259136359,11,11,0
17180281942,21,19,2
357733,33,26,7
213315,41,41,0
17180135994,11,11,0
146684,19,17,2
231208,14,10,4
17179936353,10,10,0
85899687906,13,12,1
17180042878,9,8,1
195301,9,8,1
270046,10,10,0
17179900952,24,19,5
169680,8,8,0
367360,41,36,5
8590272533,13,12,1
8590355729,11,10,1
8590087570,15,14,1
8590206264,12,12,0
8589943520,28,21,7
69783,33,29,4
69780,41,29,12
8590035416,15,2,13
17179889929,25,25,0
8590046836,23,18,5
66376,8,7,1
8590023784,45,39,6
8590217090,18,14,4
8590290293,16,14,2
121337,30,30,0
8590183672,16,16,0
25770017412,11,9,2
8590344045,16,15,1
378096,39,35,4
8590247727,31,31,0
8590246942,69,45,24
18923,12,9,3
301442,14,13,1
60129872331,9,8,1
34360087307,15,15,0
8589954609,24,20,4
8590302823,10,8,2
17180184850,11,10,1
17179993746,57,34,23
103079346362,8,6,2
17180047010,11,10,1
17180074620,12,8,4
171135,219,143,76
34359939765,8,8,0
8590316545,9,9,0
94489608163,8,8,0
8590056689,11,9,2
17179975748,23,20,3
8590327155,9,9,0
8590327154,23,22,1
51540032251,8,8,0
8590264782,66,24,42
77309733717,15,15,0
8590054068,68,39,29
8590128514,15,13,2
8590118799,19,17,2
353882,16,13,3
51539749095,8,7,1
8590010653,43,33,10
17179995546,8,8,0
17597,234,101,133
317754,9,7,2
34430,34,26,8
8590362798,17,13,4
68719665397,8,8,0
17180172823,10,8,2
17180082410,16,9,7
313050,69,33,36
51539796797,21,19,2
8590365145,12,12,0
103079504850,9,9,0
60129833252,9,9,0
60129749045,9,9,0
42949935486,11,9,2
170009,10,10,0
8589964861,13,13,0
42949885753,9,9,0
85899505385,10,10,0
42949918099,10,10,0
185513,13,12,1
189835,38,28,10
25769923233,18,17,1
77309725735,8,7,1
17180042695,27,22,5
8590221202,13,13,0
68719543308,14,10,4
8590076310,20,15,5
68969,34,29,5
2958,22,20,2
27016,19,18,1
17180012940,11,11,0
20209,320,144,176
8590099568,17,12,5
8590246546,13,9,4
17180092659,12,11,1
8590040984,8,7,1
25769918250,17,17,0
25769872321,10,10,0
17180094866,11,10,1
25769851336,18,11,7
412141,20,16,4
266754,41,37,4
194850,33,27,6
156133,28,19,9
8590154118,64,51,13
42949887533,9,9,0
25769954672,13,12,1
77309674013,8,7,1
320837,35,16,19
244156,21,18,3
389296,89,46,43
8589953905,10,10,0
17180103854,21,16,5
132893,30,28,2
17180305560,8,7,1
334242,31,27,4
100905,15,14,1
100908,13,13,0
188425,11,11,0
219197,8,5,3
17180087996,8,8,0
216176,42,36,6
242666,58,45,13
137439224466,8,8,0
2410,8,6,2
103079379515,10,9,1
17179988257,12,11,1
34359948263,11,10,1
25769853104,22,15,7
111325,8,7,1
358422,79,41,38
17179957677,11,9,2
17180141962,11,10,1
8589966023,13,11,2
60129905825,9,9,0
94489555299,11,11,0
369820,71,37,34
88842,47,18,29
8590154946,12,12,0
120259229063,8,8,0
17179970636,9,8,1
317925,30,25,5
8590203036,26,22,4
25770057630,9,8,1
8590185158,9,9,0
8590106518,8,8,0
8590361075,17,16,1
34360109816,15,14,1
8590340197,34,34,0
8589951899,16,14,2
242285,19,18,1
68719543789,8,6,2
25769981041,8,8,0
60129721288,8,8,0
8590088062,31,20,11
25769945406,10,9,1
25769945404,9,8,1
366027,10,9,1
17180081570,9,9,0
25770221092,31,26,5
17179905686,26,21,5
8589935373,10,10,0
8590121545,50,38,12
17180084929,12,12,0
297220,98,74,24
197565,39,31,8
8589973286,23,23,0
8589980512,23,21,2
280214,10,10,0
8590087615,11,6,5
34359783594,17,17,0
68719782993,13,12,1
8590273614,25,23,2
17180078716,22,18,4
25769953216,8,7,1
42949674827,14,10,4
17180205060,8,8,0
8589959727,11,11,0
8589959705,12,12,0
17179890847,12,11,1
400282,38,34,4
17179977245,11,8,3
68719656472,12,9,3
277404,14,12,2
42949885487,19,18,1
279266,63,49,14
25770068041,14,14,0
233655,60,46,14
8589991423,9,8,1
64373,9,8,1
214246,12,12,0
17180105872,13,10,3
34359739919,8,8,0
349372,13,12,1
55553,111,100,11
25769991436,17,12,5
17179971219,15,13,2
17180049004,9,9,0
60129646730,8,7,1
8590330691,19,17,2
8590330688,11,9,2
34360072801,9,7,2
25770035111,22,22,0
34359837170,14,13,1
363962,42,34,8
8590179171,18,15,3
42950024877,11,9,2
63918,30,2,28
174868,28,19,9
8590273546,50,40,10
25770217070,8,8,0
25769822620,26,26,0
142034,109,80,29
8590225868,8,8,0
8589958832,22,20,2
8590144782,8,8,0
8589946812,18,16,2
68719832164,8,8,0
210076,112,59,53
51539648458,13,12,1
417693,30,22,8
332312,8,8,0
26790,43,41,2
25770204114,9,9,0
189832,100,78,22
95119,10,10,0
409080,11,11,0
126548,28,25,3
25770106406,18,15,3
103079618183,12,10,2
161224,31,15,16
60129974900,11,10,1
25770123722,9,8,1
294618,11,11,0
25770195078,8,8,0
68719891588,9,8,1
17180153339,18,12,6
103079490325,8,7,1
362481,8,8,0
56204,387,194,193
25770057373,17,16,1
34359977839,28,23,5
51540009660,10,8,2
8590365874,24,19,5
17180174745,14,14,0
8590177297,8,8,0
8590177290,19,19,0
17180022338,15,12,3
284196,26,20,6
162187,10,7,3
8590155946,10,10,0
8590313649,8,8,0
8590313645,20,12,8
17180185151,23,23,0
27109,21,21,0
17180185147,17,17,0
27782,221,113,108
17179889197,16,14,2
259315,37,29,8
8590026583,13,8,5
17179889193,13,12,1
8590191189,25,21,4
338501,14,12,2
8590079133,72,24,48
8589975210,17,17,0
8589975220,10,10,0
8589975213,20,15,5
182528,19,19,0
396197,17,17,0
8590227344,20,19,1
8590227349,19,19,0
8590227347,27,26,1
74532,36,32,4
17179964876,10,10,0
17179874273,8,8,0
56357,54,37,17
8589963038,16,13,3
8590102046,13,11,2
25770074954,9,9,0
413287,10,10,0
413284,10,10,0
34359847911,8,2,6
194248,14,12,2
8589956903,11,10,1
51540014656,8,8,0
325402,20,17,3
42950113932,10,10,0
17179954106,8,6,2
25769864177,8,8,0
73154,16,16,0
42949931058,8,8,0
26788,12,11,1
8590259587,8,8,0
34360010874,10,10,0
77309628521,14,14,0
104132,335,64,271
8590078282,10,8,2
42949802027,12,12,0
42949802031,10,10,0
51539653522,8,8,0
8589984611,11,10,1
17180278187,8,7,1
51539768682,10,10,0
51539820063,11,10,1
163728,13,12,1
111669248569,8,8,0
68719741733,11,10,1
42949762428,8,7,1
17180207492,18,15,3
17180260478,8,8,0
42949681419,19,18,1
63238,13,13,0
8590098009,9,9,0
60216,93,40,53
111669164019,8,7,1
8589942822,33,24,9
8590129064,35,30,5
17180192176,18,18,0
43203,10,7,3
17180284184,13,12,1
25769849671,8,6,2
3840,17,17,0
25769847249,22,22,0
68656,41,17,24
8590134769,14,12,2
68659,41,23,18
8590351963,8,7,1
8590029030,9,9,0
243081,56,44,12
161185,17,17,0
17179944927,8,7,1
17179944928,21,17,4
34359993569,19,17,2
85899456530,8,8,0
8590014105,15,13,2
85899456535,8,8,0
228577,8,8,0
101345,101,48,53
20873,178,61,117
68719491356,9,7,2
25770120760,40,35,5
17179883187,18,17,1
182902,15,9,6
8589982057,19,18,1
329303,16,15,1
8590255339,50,39,11
243983,10,9,1
17180208936,8,8,0
140030,50,24,26
42949865253,8,8,0
42949805343,10,8,2
71273,13,7,6
17180232549,12,6,6
8590083931,18,18,0
51539681756,8,8,0
68719813861,10,10,0
42949693433,20,14,6
31747,108,32,76
81869,10,10,0
272475,22,22,0
54026,35,29,6
336932,35,30,5
178811,11,11,0
34841,23,18,5
156188,9,8,1
25769862634,27,22,5
8590072459,14,12,2
85457,45,37,8
87151,10,8,2
34359872630,24,4,20
103079409350,9,8,1
17180067156,11,10,1
119296,20,14,6
17180080591,22,10,12
20141,122,24,98
17180112329,12,12,0
25769808502,44,30,14
34360128117,8,8,0
25769808503,15,15,0
25769808500,10,10,0
8590274439,8,8,0
10550,80,57,23
8590358970,17,17,0
8590226290,11,11,0
68719563078,8,8,0
25770190146,12,12,0
8590058483,9,9,0
25769938638,9,9,0
8590244503,12,9,3
25770015706,13,12,1
17179900542,14,11,3
8590133788,17,14,3
51539774225,10,10,0
34359930498,8,6,2
197293,14,14,0
8590033833,9,9,0
70035,9,9,0
51539673799,20,18,2
25769991224,8,7,1
85899652505,8,6,2
60129957918,10,6,4
17180218102,8,6,2
220165,15,13,2
25769915259,18,17,1
34359813879,14,12,2
51540048274,17,13,4
8589958148,13,9,4
70572,9,9,0
152157,16,14,2
17180109236,10,8,2
17179878814,11,10,1
381109,69,39,30
8590050600,25,20,5
60129701712,8,8,0
239670,126,67,59
8590272905,14,12,2
229811,10,9,1
8590054544,18,2,16
25770186707,11,8,3
8590023993,9,9,0
8590117756,10,9,1
17180202122,39,20,19
34359831473,8,8,0
157711,8,8,0
68719605475,10,10,0
8590107673,8,8,0
8590263630,10,10,0
42949974255,8,8,0
376726,13,13,0
8590056107,10,9,1
34360104196,8,8,0
211664,9,9,0
370673,17,15,2
34359998673,9,9,0
17180076344,36,34,2
8590141753,10,10,0
207249,19,15,4
8590052120,11,10,1
8590366882,10,10,0
17179974009,13,12,1
17180281233,25,19,6
8590217012,27,21,6
109493,104,38,66
283381,43,26,17
6854,25,24,1
17179892946,14,11,3
8590248789,31,29,2
17180306731,24,24,0
6844,14,14,0
88542,21,20,1
8590136130,8,8,0
107259,63,52,11
17180109403,11,11,0
22639,8,8,0
405449,31,30,1
8589994076,14,13,1
8590045393,41,37,4
42949816129,9,9,0
163367,74,54,20
51539629167,9,5,4
77309508100,12,9,3
17179994982,25,15,10
405072,12,7,5
1969,202,132,70
8590313248,8,8,0
8590291140,17,17,0
298966,47,26,21
68719887128,8,5,3
44368,12,12,0
242099,9,9,0
77309678164,8,8,0
8589995417,18,15,3
61339,78,58,20
34359888451,13,10,3
128849376174,9,9,0
94489552201,8,7,1
103079265574,8,6,2
42950000583,9,7,2
68719666670,10,9,1
8590025191,15,15,0
107023,31,26,5
170362,12,7,5
51539700220,13,13,0
67389,493,157,336
363976,41,37,4
8590379763,26,23,3
51884,114,81,33
8589996960,27,21,6
17179928903,18,14,4
140668,80,60,20
205663,14,14,0
262399,13,7,6
42950017515,12,11,1
208530,34,28,6
13552,70,52,18
77309738925,10,10,0
274623,59,47,12
34359882091,11,10,1
112427,10,9,1
60129914057,11,11,0
17180056241,18,14,4
42950089073,8,7,1
17180206048,8,7,1
17180205448,19,18,1
121704,8,8,0
85899639076,16,14,2
218513,52,45,7
77309760406,9,9,0
77309849063,8,6,2
8589988563,23,22,1
68719710490,10,9,1
356872,17,10,7
42950032825,16,14,2
321426,27,19,8
25770162116,9,9,0
94489546204,9,6,3
17179897476,25,24,1
14817,34,32,2
97580,43,19,24
351473,16,8,8
42949963985,9,8,1
423786,8,8,0
216637,100,32,68
12441,54,30,24
8590354047,19,14,5
68719729435,9,9,0
17179928245,38,33,5
28732,42,36,6
374261,10,9,1
374257,16,14,2
68719489108,11,10,1
25769833240,11,7,4
128849337112,10,7,3
34359810572,8,8,0
8589997509,19,13,6
17179927285,13,13,0
17180236258,9,9,0
17179927284,9,9,0
8589994914,8,8,0
2323,8,8,0
25770078739,16,14,2
390361,48,39,9
30129,35,34,1
8590007569,12,12,0
25770202404,13,12,1
8590118327,11,10,1
17179893082,12,7,5
282078,14,9,5
8590270075,12,12,0
8590270074,29,27,2
17180121766,10,9,1
60129616283,8,8,0
51539669623,8,8,0
77986,8,7,1
193532,40,36,4
77309780255,12,12,0
349244,12,11,1
329576,10,9,1
8590357942,10,8,2
51539730969,10,7,3
238404,11,10,1
34359803257,12,11,1
174985,8,8,0
25769941816,14,13,1
42949865891,9,9,0
42949865890,11,10,1
51539761922,10,10,0
25770134433,16,14,2
17179949337,10,9,1
17179900412,11,11,0
17180072084,16,16,0
8590376522,13,13,0
17180072085,9,9,0
8590002437,74,68,6
139800,285,105,180
8590065881,64,52,12
34360061329,10,10,0
247790,12,12,0
111669257602,10,8,2
202998,12,12,0
8589977358,21,18,3
32289,10,9,1
32291,12,10,2
256689,21,18,3
8590009930,25,13,12
57069,76,66,10
8590012683,15,8,7
8589953057,39,19,20
133471,36,16,20
292074,12,11,1
270006,9,9,0
71834,127,67,60
270001,21,16,5
86617,29,29,0
86610,8,8,0
103760,12,12,0
263036,11,11,0
34359940309,10,10,0
34359858113,11,11,0
85899550992,8,8,0
8590095363,47,34,13
25769858371,8,7,1
161714,10,8,2
8590159445,32,20,12
17180216920,21,21,0
118993,8,8,0
8590116081,10,9,1
17179926151,8,6,2
10019,12,12,0
8590078223,14,13,1
25769892332,13,13,0
25769892331,9,8,1
51539941691,9,9,0
101810,17,17,0
17180038505,31,26,5
8590191749,15,13,2
8590199478,34,27,7
221934,10,9,1
17180232508,12,11,1
25769857172,16,16,0
42949856153,22,22,0
17180009870,21,17,4
53580,27,27,0
263687,23,23,0
298093,13,12,1
298104,11,11,0
215651,22,17,5
34360080080,9,9,0
340006,10,9,1
409232,53,32,21
8590053133,29,20,9
8590335876,11,11,0
8590335049,8,8,0
25769808697,8,8,0
289993,25,21,4
8590353786,13,13,0
25769884595,18,14,4
42949927057,8,8,0
42949958616,8,8,0
25769828457,11,8,3
130308,194,67,127
355887,12,8,4
8590040035,8,7,1
25770053194,16,14,2
25770107028,25,23,2
94489610975,10,9,1
42949892489,19,16,3
60129898464,12,8,4
272781,31,22,9
55989,14,13,1
77309438040,8,8,0
111669311416,9,9,0
17179897520,11,11,0
97820,16,12,4
8590067843,23,16,7
3972,83,63,20
8590200478,19,16,3
8590144337,9,9,0
17180175105,11,10,1
196772,141,113,28
158582,18,17,1
17179937570,11,11,0
17180042615,8,8,0
77309743176,13,13,0
60129916278,13,13,0
6744,50,49,1
42949961481,15,11,4
85899674820,9,8,1
4888,13,10,3
214309,8,8,0
6983,202,105,97
42949967110,20,18,2
17179904464,30,22,8
77309738540,10,7,3
34359839499,8,7,1
25770243531,10,9,1
42949938367,9,9,0
25770009243,16,13,3
25769885910,9,9,0
25770134995,8,7,1
51539697419,12,9,3
51539798915,10,9,1
389817,19,16,3
42949717104,12,11,1
8590018072,25,22,3
25770232404,8,6,2
34359978225,8,6,2
120259183526,9,7,2
85899668356,14,8,6
17179897134,8,5,3
51539904299,8,7,1
111669529242,8,8,0
17180228483,10,9,1
68719625877,10,9,1
162946,133,94,39
369704,10,8,2
25769987572,13,12,1
17180043758,28,21,7
150713,23,20,3
34360084029,8,6,2
34360084026,17,15,2
200388,59,35,24
60129757107,15,15,0
8590159356,44,39,5
8590373171,13,12,1
42950070741,8,8,0
368652,16,16,0
97329,55,21,34
5007,129,101,28
42949715746,8,6,2
277779,8,8,0
8590255893,23,23,0
158096,50,34,16
8590378752,10,10,0
17180060257,16,15,1
34359948840,22,20,2
25769918403,12,8,4
60129559333,13,5,8
111990,17,16,1
42616,9,9,0
80011,8,7,1
8589996462,17,15,2
17358,19,15,4
60129881264,11,10,1
54548,60,33,27
25769930743,18,14,4
306034,36,34,2
34359959046,19,16,3
17180224340,14,11,3
13284,55,29,26
60129644287,12,10,2
317780,23,20,3
304252,33,27,6
60129793749,9,8,1
17179969080,18,15,3
8590059934,15,14,1
17179969082,8,7,1
181476,33,7,26
130199,41,30,11
42949851249,13,10,3
17179905475,12,12,0
17180155528,8,6,2
34360016486,9,7,2
260377,97,61,36
17179996046,20,18,2
412879,15,15,0
8590080170,31,30,1
25770165359,13,6,7
340565,9,9,0
42949803584,17,16,1
17180029784,29,23,6
25769805299,8,8,0
34360072006,31,27,4
8590232839,9,3,6
34359835706,8,8,0
42949871154,16,16,0
8590216231,20,17,3
42950067347,17,15,2
137867,23,22,1
17180149406,21,14,7
8590216235,8,8,0
34359996569,8,5,3
17180263610,9,4,5
25770105617,8,8,0
25769991279,13,12,1
8589953125,38,34,4
34360005351,9,7,2
8590046675,14,13,1
56366,19,19,0
251423,13,8,5
8589999033,18,14,4
8589999030,12,12,0
94489357500,9,8,1
8590024865,90,33,57
1221,207,34,173
25769832641,13,12,1
115647,17,16,1
292229,36,24,12
8590041890,12,9,3
68719587324,9,9,0
34359897660,18,10,8
60129640683,12,10,2
8590231128,19,16,3
17179952607,14,11,3
42949782322,8,8,0
17180263367,8,7,1
8590337971,15,14,1
17180116914,44,39,5
8590106655,42,29,13
8589941169,48,39,9
26323,56,36,20
17180222746,13,11,2
8589991814,16,9,7
17180300240,10,10,0
25770049661,17,14,3
17180119712,27,26,1
8590011804,20,19,1
51539738941,14,14,0
8590242240,8,8,0
8590284482,9,9,0
159001,38,32,6
213930,88,54,34
310985,53,51,2
8590001902,9,9,0
42949790509,9,9,0
8590027691,17,15,2
8590027686,10,10,0
17180092590,14,12,2
25770245189,10,9,1
61051,29,24,5
25769983931,11,11,0
17180098203,13,13,0
8590162002,40,25,15
404821,13,13,0
34360105727,10,10,0
304629,10,9,1
8590334140,13,11,2
51539935283,9,9,0
17179922502,10,10,0
8590101986,14,11,3
128849408242,8,8,0
17179930796,15,15,0
8589981991,40,30,10
34359739154,13,13,0
8590337731,8,8,0
8590337745,14,14,0
68719579390,10,8,2
17180042195,8,8,0
51539614883,9,9,0
17179870457,8,8,0
44252,23,22,1
198611,9,8,1
51539732606,15,11,4
147135,10,10,0
8590056271,19,15,4
267218,20,18,2
286253,9,9,0
286255,8,7,1
316142,9,9,0
126937,27,27,0
297090,11,11,0
8589942985,51,42,9
120259324118,8,8,0
8590123599,9,9,0
25769933773,13,11,2
325026,77,43,34
60129972783,9,9,0
40672,26,21,5
40679,15,13,2
171490,14,14,0
8590266308,21,19,2
25769842943,15,15,0
51540048594,11,8,3
8590377534,16,14,2
117487,12,12,0
17180010256,11,11,0
25769815377,9,8,1
17179961385,44,34,10
154088,14,14,0
51539636611,9,9,0
101609,15,15,0
368424,12,10,2
17179916231,9,7,2
8590254644,10,9,1
8589966413,14,8,6
8590174405,26,22,4
8590262576,10,6,4
85899516403,8,8,0
113120,12,12,0
60129699298,8,8,0
17180061630,23,21,2
17179978442,67,41,26
51539700323,9,9,0
8590133703,102,78,24
85899346942,11,10,1
34360018307,11,9,2
34360018308,8,8,0
8590213340,12,12,0
299283,12,12,0
17180308993,8,8,0
117895,119,81,38
51539707445,11,10,1
17180080886,25,21,4
17180042416,9,9,0
274267,11,11,0
296143,9,8,1
25769858045,22,21,1
8590285244,31,29,2
68719684965,10,10,0
34359878097,17,17,0
17180216473,9,7,2
17180303609,21,18,3
237624,30,22,8
8590222196,8,7,1
65700,63,57,6
34359919930,14,13,1
260217,38,31,7
25769889854,8,8,0
25770037800,8,7,1
17180270263,12,10,2
323449,24,17,7
172875,14,11,3
42949812369,12,11,1
85899570036,9,9,0
4497,55,42,13
34360155972,9,9,0
25769919946,8,7,1
16776,10,7,3
77309773329,8,8,0
25769926650,8,6,2
42949794209,15,11,4
294996,22,12,10
323924,58,39,19
8589949358,32,31,1
25769851832,17,14,3
68719832946,10,10,0
17179874477,13,10,3
8590094098,25,25,0
51539742065,13,13,0
25769967838,14,12,2
25770165590,39,37,2
25769960004,11,9,2
34359785212,16,14,2
101035,13,13,0
8590217164,34,28,6
17179974876,14,14,0
17179974877,14,14,0
82778,47,33,14
17179921967,12,12,0
25769852876,14,14,0
25769871135,11,10,1
106590,19,17,2
34359881951,13,8,5
25770019653,25,18,7
94489333785,10,9,1
8589947277,25,19,6
268653,69,32,37
8590076841,12,5,7
25769922380,20,15,5
25770126897,10,9,1
17180217017,9,8,1
382581,60,48,12
382578,18,17,1
382579,9,9,0
60129566059,9,9,0
17180184945,20,19,1
17179869816,9,9,0
17179951623,10,10,0
178744,18,16,2
8590060540,9,8,1
26085,69,49,20
34359797412,12,11,1
25769849151,21,8,13
4572,9,8,1
103079435817,8,8,0
77309630767,16,15,1
95611,13,13,0
19966,338,135,203
276444,68,41,27
68719710819,9,9,0
8590079356,15,11,4
25770030540,9,6,3
25770030542,8,5,3
190239,72,53,19
122862,38,19,19
8590171015,10,8,2
8590319178,27,20,7
103079294890,10,8,2
8589947703,35,20,15
17180282255,22,22,0
17180004003,41,41,0
42949966698,19,17,2
68719592407,8,8,0
17180096119,11,11,0
198837,28,27,1
134217,12,9,3
86204,254,126,128
85899555932,8,8,0
352184,14,14,0
77309725304,10,10,0
103079222523,10,8,2
17180053614,10,8,2
8590202973,18,16,2
25769816899,8,8,0
59812,37,34,3
8590042299,19,14,5
132399,8,7,1
17180287525,10,8,2
132389,16,9,7
400449,8,7,1
8590110003,59,37,22
60129841569,8,8,0
51539701064,8,8,0
85899650540,9,9,0
34359845332,9,9,0
77309513793,8,8,0
51567,160,108,52
8590142747,9,8,1
25770020178,11,9,2
8589994057,27,18,9
42949756341,11,11,0
42949756345,12,11,1
253548,28,15,13
34359951704,10,10,0
42950027829,13,13,0
42949693203,17,17,0
17180070943,22,17,5
339865,8,6,2
51539692632,9,8,1
17179938006,10,10,0
8590017665,19,19,0
34359785678,10,8,2
350594,67,54,13
25769965547,11,11,0
420995,25,23,2
381456,21,16,5
382179,55,26,29
17179936413,8,5,3
34360014704,19,16,3
8590290653,13,11,2
169527,14,13,1
25770087806,12,10,2
8590347728,14,13,1
8590347726,10,10,0
8590007773,23,20,3
254855,9,9,0
8590001504,26,21,5
250872,12,11,1
42949939285,8,8,0
240705,36,26,10
418567,25,21,4
25769812996,9,9,0
51539658994,10,9,1
17180036884,25,23,2
42950002791,8,8,0
8590081115,8,7,1
8590081118,22,17,5
42949721695,9,9,0
1308,15,13,2
60129972539,8,8,0
142987,10,9,1
278880,19,13,6
278879,8,8,0
17179981596,10,9,1
25770187129,16,12,4
17180241716,20,18,2
17180008457,17,16,1
85899412163,13,10,3
8590243225,8,7,1
25770087983,23,22,1
366165,13,13,0
8590002916,14,14,0
8590317640,11,11,0
8589945431,16,11,5
17179997180,19,18,1
25769818046,8,6,2
25769818043,16,15,1
103079370456,10,9,1
382063,11,11,0
382065,9,9,0
103079370458,16,14,2
103079370463,14,14,0
103344,39,25,14
25770211138,14,14,0
34360119689,21,19,2
8590244083,14,14,0
55593,44,33,11
250269,88,62,26
195673,8,8,0
66609,22,22,0
17180187566,13,10,3
139852,20,15,5
11506,489,65,424
60129904105,9,9,0
65858,21,18,3
8590102437,11,11,0
133786,32,29,3
8590364242,17,16,1
42949883044,8,8,0
111669591008,8,7,1
42949755365,8,6,2
17180146428,49,49,0
25769846404,33,29,4
294433,61,52,9
14477,69,25,44
14479,50,28,22
146028938990,9,9,0
8589970710,20,19,1
339564,8,7,1
8590050835,16,11,5
400926,42,18,24
132419,167,32,135
5466,108,85,23
94448,9,9,0
34359822196,10,8,2
227190,9,9,0
227191,9,9,0
34360137565,9,7,2
358172,23,23,0
8590235492,17,16,1
17180027156,23,16,7
366376,14,12,2
23436,23,23,0
42949838592,11,11,0
25770023524,17,15,2
362492,12,12,0
85807,17,17,0
13823,70,59,11
77309430414,9,8,1
159506,53,44,9
25769919929,20,19,1
90509,12,11,1
25769818253,12,11,1
256978,42,31,11
25770100608,11,11,0
92262,271,177,94
8589935612,26,24,2
25770125092,13,13,0
349750,49,23,26
217331,11,10,1
410268,96,76,20
320686,48,39,9
8590151791,11,10,1
8589936389,23,19,4
366469,300,52,248
34360158841,32,19,13
338375,27,27,0
85899677638,11,11,0
338372,10,10,0
34360022395,8,8,0
25769883026,13,13,0
42949918390,12,12,0
17180057849,9,5,4
292520,34,30,4
42949876870,12,12,0
140433,40,33,7
407358,13,11,2
182229,25,20,5
34359894040,12,11,1
77309480119,10,8,2
25770012371,9,9,0
8590101252,11,11,0
8590101244,21,21,0
77309655230,8,8,0
406361,51,42,9
17180019759,9,9,0
77309559213,10,10,0
34360083470,8,7,1
51539713798,8,7,1
8590075587,18,14,4
249424,13,13,0
249421,30,18,12
249418,16,16,0
249419,23,18,5
51540037574,17,15,2
17180219055,15,15,0
8589999095,69,45,24
85848,267,106,161
60129620800,8,6,2
8590038227,16,10,6
216807,10,9,1
42303,12,12,0
42306,27,27,0
51539944569,8,8,0
34868,22,15,7
8590217052,8,8,0
8590217050,10,9,1
8590217051,17,14,3
112996,12,12,0
408637,12,12,0
60129609899,8,8,0
8590326371,12,12,0
8590308720,19,15,4
17179923111,15,12,3
8590003301,49,22,27
34359913071,16,12,4
34360018310,8,8,0
34360018304,14,12,2
60129749079,10,10,0
111669461676,9,9,0
246493,13,13,0
32676,15,14,1
78681,11,11,0
17179967739,8,8,0
68719667674,8,8,0
392168,35,28,7
25770208952,9,8,1
8590233796,10,7,3
392169,19,17,2
392172,15,15,0
356564,8,7,1
35301,11,11,0
34359973853,8,8,0
17179930685,14,14,0
17180140785,8,6,2
8589976650,31,21,10
343230,35,11,24
68719720148,8,8,0
23680,19,13,6
138397,12,12,0
17180014027,35,32,3
17179926823,16,15,1
46032,15,15,0
42949910343,17,16,1
68719575461,8,7,1
68719575457,8,7,1
34359753388,9,8,1
42949796013,15,13,2
34359894579,9,8,1
34359894580,8,7,1
25770052811,15,14,1
357444,41,33,8
8590123345,13,10,3
8589975118,10,9,1
8590018201,8,7,1
40845,33,20,13
77207,64,59,5
77210,9,9,0
25770179390,8,8,0
17179930495,8,7,1
77309834626,8,7,1
119540,10,7,3
17180008568,11,10,1
8590146739,9,9,0
8590146738,10,10,0
79242,24,20,4
17180300207,8,6,2
420255,9,9,0
139840,27,26,1
17180272162,12,12,0
195598,21,17,4
133148,115,69,46
8590155268,9,5,4
17180175010,13,2,11
8589963872,26,22,4
25769980038,11,11,0
203961,19,15,4
206669,28,20,8
8589972617,9,6,3
8590260222,80,54,26
243120,13,12,1
8590128493,8,8,0
199761,13,12,1
8590128494,9,8,1
97045,50,47,3
51539821668,11,10,1
77309418283,14,11,3
25769905515,8,7,1
134589,23,22,1
134594,10,10,0
333636,10,10,0
422393,8,8,0
13477,35,29,6
8590139542,8,8,0
8590225012,9,8,1
8590225009,8,7,1
8590240170,8,6,2
111669446499,8,6,2
34360051843,9,8,1
34359757781,11,10,1
77419,8,8,0
96087,13,12,1
188384,104,79,25
323141,10,9,1
8590127217,21,19,2
25770222130,9,9,0
78773,38,26,12
120259475023,8,8,0
8590046396,11,11,0
8590059571,16,16,0
8589957840,22,21,1
235711,27,24,3
158152,18,15,3
8590144577,8,8,0
8590216207,10,10,0
107788,29,25,4
17180182840,22,19,3
136447,16,14,2
136446,17,13,4
136450,34,23,11
51539869442,8,8,0
17180173326,9,6,3
25770156978,9,8,1
17179919913,19,13,6
51539946244,10,9,1
34359810968,27,24,3
1017,36,33,3
8590013856,55,42,13
34936,8,6,2
34937,8,7,1
8590045356,33,30,3
25770166824,8,8,0
135995,54,40,14
8590039695,17,17,0
51539734724,8,8,0
170947,8,8,0
85899697220,10,10,0
51539787156,12,11,1
8589969844,8,8,0
17180264776,8,7,1
25769844893,23,23,0
204140,93,71,22
34360108800,12,12,0
306780,42,41,1
42949925205,9,7,2
8589949691,89,50,39
51539810603,8,7,1
85899690076,19,17,2
111669361069,11,11,0
141316,9,9,0
81922,16,16,0
141321,16,16,0
141314,10,10,0
25770037319,15,11,4
8590368555,11,7,4
25770096065,43,22,21
423327,11,8,3
17180176858,13,12,1
25769828796,11,11,0
25770068025,9,7,2
8590200726,12,11,1
34359807948,10,10,0
17180080366,8,7,1
194642,13,12,1
77309742672,9,3,6
102028,12,12,0
146029327810,8,6,2
42949757220,9,9,0
34360075256,8,8,0
25770202698,21,16,5
60129835862,11,11,0
35496,23,17,6
35497,8,6,2
42949767692,8,8,0
34359939927,9,9,0
17180260783,14,14,0
34360022378,11,11,0
34359972127,18,13,5
51539793910,15,10,5
103142,52,17,35
29145,69,53,16
8590368315,8,8,0
35548,271,103,168
106661,14,14,0
106654,17,17,0
25769982566,9,8,1
407536,9,7,2
34360126894,11,11,0
25770176427,29,25,4
359729,106,45,61
51539758104,10,7,3
89578,21,21,0
8590002872,12,9,3
34359796543,10,10,0
185184,24,19,5
315962,24,19,5
25770148853,18,16,2
25769822223,9,5,4
17180273893,16,10,6
17180273898,21,20,1
34359905957,19,11,8
42949982318,8,8,0
34360108446,13,13,0
34359768074,10,9,1
315146,11,9,2
315145,12,7,5
51539918417,8,8,0
17179992353,12,12,0
32213,135,74,61
8590256867,9,8,1
110459,55,39,16
8590256871,8,8,0
8589982585,10,10,0
94489578507,9,9,0
41911,10,10,0
8589940408,17,17,0
8590241545,18,18,0
382618,16,15,1
45952,8,8,0
25770194771,42,33,9
45947,11,11,0
101945,92,63,29
92211,61,48,13
8590097683,8,2,6
20122,17,11,6
42949680233,9,9,0
392052,8,2,6
275558,8,7,1
58466,49,34,15
8589963354,8,7,1
8590372609,21,21,0
8590372614,17,16,1
43973,50,40,10
17180135418,14,11,3
34359836566,12,12,0
88499,70,62,8
127842,18,16,2
8589967622,10,10,0
8590005849,35,35,0
25770026958,9,9,0
353030,11,11,0
65469,8,8,0
51539756644,10,10,0
198745,17,15,2
173121,10,7,3
8590035998,17,15,2
170408,31,26,5
34359999793,10,10,0
225107,8,8,0
362763,22,21,1
17180154376,22,21,1
281977,18,17,1
68719645383,8,8,0
77309834425,10,8,2
25770230810,10,9,1
8590017844,9,9,0
178570,8,3,5
17180157419,8,7,1
124068,11,9,2
412060,10,10,0
8590225770,9,9,0
8590066066,8,6,2
34360047623,9,9,0
42949965494,10,10,0
103079468954,9,6,3
34359894828,11,11,0
27130,50,24,26
8590057217,19,5,14
8590220564,10,9,1
116810,24,20,4
4496,11,9,2
60129966916,9,7,2
17180054214,8,8,0
17179984751,20,15,5
17180213972,17,14,3
17180117380,9,9,0
17180225948,12,12,0
368856,12,11,1
310869,70,56,14
73407,26,21,5
374361,8,7,1
8590184988,8,7,1
8590152349,12,9,3
25770215642,21,14,7
106985,9,8,1
8590077974,16,13,3
8590077981,14,12,2
25769895412,12,12,0
8590347611,10,9,1
40698,302,118,184
123019,13,12,1
25769815361,20,17,3
29732,136,63,73
25770011198,13,13,0
17179910586,15,10,5
293036,21,12,9
8590070258,27,14,13
17180061441,24,24,0
34359887666,13,9,4
42949708965,18,14,4
68719650943,10,10,0
385735,13,8,5
8590221917,12,7,5
25769895743,17,9,8
17179870245,12,10,2
8590024283,10,8,2
242573,8,6,2
269237,99,56,43
242575,8,6,2
242574,11,7,4
8589983642,8,6,2
386809,15,14,1
17180029778,17,16,1
17180029781,18,17,1
17180029786,15,15,0
402076,11,11,0
25769952733,12,12,0
378263,12,12,0
44492,9,9,0
44499,9,9,0
44497,11,11,0
44498,8,8,0
8590069344,9,9,0
359638,23,17,6
8589990647,16,12,4
105899,13,11,2
17179913698,10,10,0
389189,10,10,0
389188,10,9,1
68719801989,10,10,0
72361,135,49,86
17180286848,17,11,6
375960,14,14,0
302175,25,19,6
8590320756,30,25,5
368471,10,10,0
8590085410,13,13,0
25769866707,10,8,2
8589986214,48,34,14
148073,8,8,0
17180218084,12,12,0
60129604091,11,11,0
189874,69,59,10
77309493146,9,8,1
77309493150,13,10,3
51539786528,17,14,3
25770200928,18,18,0
8589980678,9,8,1
17179957351,8,6,2
154728,21,20,1
42950028246,12,11,1
94489437664,12,12,0
411443,15,14,1
17179977198,12,12,0
25769824724,12,10,2
25769824728,12,8,4
150503,22,13,9
51539745750,10,10,0
308256,10,10,0
8590071918,13,11,2
25770021185,10,10,0
120259419548,8,8,0
34360105068,28,28,0
34566,29,28,1
25769818075,23,13,10
8590217627,9,8,1
186814,11,11,0
42949788505,8,8,0
25770153228,9,9,0
92607,28,16,12
42950065740,15,14,1
30381,19,18,1
25769841318,19,14,5
68719838073,12,10,2
62357,17,9,8
25770074166,14,11,3
97907,10,9,1
162065,8,7,1
162062,9,8,1
162064,21,17,4
34360042439,10,10,0
34359989095,8,8,0
103079470387,10,10,0
8589989400,42,31,11
8589991340,8,2,6
80774,21,15,6
80772,18,18,0
379355,14,13,1
143373,77,19,58
106858,28,17,11
47616,27,22,5
367038,13,10,3
95180,14,11,3
17180271758,51,39,12
68719676039,8,8,0
25770208571,8,8,0
161795,52,27,25
88533,15,11,4
34359956960,10,10,0
299090,44,31,13
57305,11,11,0
65853,29,27,2
25769866189,13,12,1
8590293230,30,16,14
163217,50,20,30
8590370112,10,10,0
17180170218,18,14,4
25770012874,15,14,1
17180074227,12,12,0
34360164239,8,8,0
34360164237,10,10,0
34360164238,8,8,0
68719558957,13,6,7
60129842718,9,9,0
28632,10,8,2
8590199160,19,10,9
8590266173,16,11,5
17179992944,21,15,6
242820,18,18,0
68719536960,11,11,0
8590172511,8,8,0
34359817983,8,8,0
8590005865,41,24,17
8590171892,8,6,2
77309643052,8,8,0
98790,32,26,6
25770235289,8,8,0
25769901492,8,8,0
25770018842,22,22,0
241547,45,18,27
68719873380,8,7,1
8590212388,8,8,0
8590243157,8,7,1
111669222045,12,12,0
290234,30,26,4
77309843254,8,7,1
25769952828,13,10,3
94489364542,9,8,1
214649,89,37,52
326879,46,46,0
42949709563,8,7,1
17179907592,10,9,1
17179907590,15,14,1
25769991112,8,8,0
25769991111,8,8,0
313736,16,16,0
37790,145,57,88
51539999470,11,9,2
34359953849,18,16,2
34359953843,8,7,1
8590061996,23,20,3
8590236679,10,9,1
17180156419,25,20,5
17179960906,13,12,1
160197,18,17,1
78461,14,13,1
94489327209,8,8,0
8590005868,11,11,0
8590169968,11,10,1
8590169967,8,8,0
8590169972,9,8,1
8590267145,11,11,0
34359884383,12,12,0
25770193756,14,14,0
153112,62,54,8
8590264244,11,10,1
25770176133,8,8,0
8589975423,14,8,6
8590005380,18,18,0
25769967103,10,9,1
25769967097,10,9,1
25769967102,9,8,1
42949783988,8,8,0
17179896899,24,10,14
122937,100,21,79
253159,41,33,8
8590173768,21,21,0
42949841962,8,8,0
94489429622,8,8,0
94489509637,9,9,0
125182,127,48,79
17179884454,17,16,1
34907,76,42,34
17180038187,9,8,1
84954,27,21,6
34360013346,8,8,0
275680,25,18,7
34360013338,8,8,0
34359914518,11,10,1
304284,13,13,0
34360098392,9,9,0
8590136898,18,18,0
17180218338,11,11,0
39170,373,180,193
42950117410,8,8,0
42950117402,8,8,0
17180204352,16,15,1
17180180735,15,15,0
17179889935,17,16,1
17180177757,17,14,3
110270,8,8,0
34359796899,20,14,6
8590080970,33,27,6
60129825285,20,18,2
17179994908,8,8,0
17180074364,8,8,0
75124,12,10,2
52855,8,8,0
391758,12,7,5
391757,19,14,5
34359784225,8,7,1
8589951407,22,20,2
384740,14,14,0
25032,199,119,80
85899548435,9,8,1
85899548434,8,7,1
102282,56,35,21
34359862316,14,14,0
197124,11,11,0
8589935557,11,10,1
272369,11,11,0
34360076919,23,17,6
293926,12,12,0
111669408720,8,7,1
34359966740,12,12,0
68719680686,11,11,0
8590295913,13,10,3
17180145187,20,20,0
60129554338,8,8,0
34359885386,8,8,0
34359757667,8,8,0
8912,8,7,1
8589963298,19,19,0
8589963303,26,20,6
60129813601,11,11,0
361033,12,12,0
17180305090,15,13,2
306994,24,18,6
17180270789,18,15,3
34360074175,8,8,0
17180234520,11,11,0
25769812335,15,7,8
25769812337,17,8,9
111669417352,10,10,0
68719736032,10,9,1
51540037652,9,8,1
51539906845,10,8,2
77309792950,9,7,2
94489686546,9,7,2
8589950210,20,15,5
25769996434,8,7,1
25769996433,9,7,2
8590144847,38,38,0
25769880628,17,16,1
25769880633,12,12,0
34360009819,8,8,0
25769946068,10,9,1
34181,13,12,1
34359831142,8,6,2
8590014465,21,20,1
60129713236,8,8,0
111052,36,35,1
25770129325,8,6,2
8590296064,61,48,13
32194,21,17,4
25769858043,32,27,5
8589937871,18,16,2
322946,8,8,0
17179981273,13,13,0
348288,27,24,3
184150,71,40,31
68719609186,8,8,0
8937,60,50,10
8590056759,81,30,51
17180130166,16,14,2
184824,53,47,6
42949755176,11,11,0
34360029910,14,12,2
34360136534,13,9,4
140194,79,37,42
17180203892,12,12,0
8590163135,11,11,0
17180203896,12,12,0
17180203895,8,8,0
408217,26,19,7
8589967595,18,16,2
77309689348,11,11,0
290353,45,23,22
80710,13,11,2
8590151435,45,41,4
8590308956,9,9,0
8590200704,9,9,0
8590200697,17,17,0
125039,62,49,13
302215,8,8,0
8590243862,16,12,4
8590243866,22,18,4
331726,10,7,3
60129963304,12,11,1
17179891748,13,9,4
50177,13,11,2
8590059578,12,9,3
42949773936,8,8,0
25769805604,9,9,0
103079445883,9,9,0
325418,32,24,8
17180024346,9,8,1
17180051782,8,8,0
132564,53,19,34
17180040845,25,16,9
77309806431,10,10,0
391760,20,16,4
412249,14,12,2
25769859504,9,9,0
25769836145,17,15,2
264001,12,11,1
78555,59,39,20
5051,15,14,1
42949740315,10,10,0
8590287430,40,38,2
42949835844,11,10,1
17179922986,8,8,0
17180240119,16,13,3
159090,22,19,3
17179938470,8,8,0
306626,15,15,0
85899389505,10,10,0
8590316212,11,11,0
68719601939,8,8,0
25769957303,32,31,1
8590071103,17,17,0
77309625144,9,9,0
8590247015,25,24,1
17179985388,10,9,1
17179977789,10,10,0
17180024429,9,7,2
77309547992,8,8,0
292377,51,47,4
34015,24,21,3
369914,19,9,10
287950,11,11,0
68719667207,9,9,0
17179999681,36,32,4
25769896243,14,13,1
17180081856,19,18,1
8590319972,16,15,1
6795,370,57,313
321665,10,10,0
177483,74,65,9
34359832863,8,8,0
120259134123,8,7,1
34359796496,8,7,1
318674,10,9,1
17179887794,10,9,1
17180024359,8,7,1
116790,48,40,8
34359749322,10,10,0
51539776868,8,7,1
6556,18,16,2
17180141869,14,10,4
8590203419,11,10,1
34360116819,10,9,1
8590176464,9,9,0
51539805715,9,8,1
51539810218,15,14,1
89090,24,23,1
17180290789,10,7,3
8590327477,12,11,1
25770217763,9,8,1
8590327483,13,12,1
268550,20,17,3
8590106383,9,8,1
8590154940,16,14,2
25770051141,8,8,0
41657,21,20,1
17179960691,35,16,19
60532,120,49,71
34359944109,28,11,17
63265,8,7,1
25770038189,9,9,0
34360074422,8,8,0
155940,22,21,1
8590097478,12,11,1
8590277994,18,18,0
362052,15,15,0
362064,8,8,0
8590114481,9,8,1
8590151083,23,15,8
290721,10,10,0
76718,68,44,24
8590296363,9,9,0
77309807452,18,9,9
17180261054,10,7,3
17180049872,9,5,4
25769855362,14,14,0
8590202170,15,13,2
8590120357,8,8,0
77309466043,8,8,0
17180222455,19,15,4
8590007571,19,18,1
42949974657,8,8,0
8590274999,19,15,4
17180299602,11,8,3
43988,8,8,0
271909,10,10,0
60129566042,8,6,2
8590129262,12,11,1
51539881352,8,8,0
34360073376,12,11,1
8590096149,9,9,0
8590096156,8,8,0
34360078348,10,9,1
94418,9,9,0
313092,16,15,1
8590000872,27,19,8
42949747331,10,10,0
51539763413,11,11,0
25770050211,13,11,2
17180047919,13,7,6
8590271396,35,22,13
60129877755,8,8,0
25769911464,22,22,0
25769911462,10,10,0
34360048691,10,10,0
60129909131,10,8,2
377682,9,9,0
168481,13,12,1
309315,17,15,2
309310,50,30,20
68719722464,11,11,0
246912,49,21,28
128717,42,10,32
124371,69,25,44
361368,16,15,1
107747,11,10,1
107748,13,13,0
103079593097,21,19,2
8590009443,82,48,34
17180295135,9,8,1
51539661934,9,8,1
130648,9,9,0
17180042658,20,18,2
8589988640,14,13,1
8589984641,9,9,0
8590005993,44,40,4
8590005998,8,8,0
25770206720,10,10,0
227874,41,32,9
60129906984,21,19,2
8589993792,53,40,13
51539612535,13,13,0
34360063026,8,8,0
63780,15,12,3
17180212189,13,11,2
8590152449,15,13,2
17180112902,10,9,1
8590051347,31,31,0
120020,8,7,1
255239,48,35,13
17180271717,11,8,3
60129650398,13,8,5
17180209443,10,8,2
94489377289,8,8,0
260042,22,19,3
260053,8,8,0
8590227856,18,18,0
360362,10,10,0
36931,84,62,22
17179952739,9,9,0
8589946616,14,11,3
177030,22,13,9
17180125942,11,11,0
42949842988,30,23,7
17180056210,10,10,0
34359963083,9,7,2
94489613077,10,7,3
25769849266,17,10,7
25769866815,11,11,0
25769902753,10,10,0
25769808282,13,13,0
17179940600,16,13,3
8590022665,22,22,0
60129865314,9,9,0
17180085170,11,9,2
17180096437,8,8,0
111669361147,8,8,0
8590176074,16,16,0
42949786641,10,8,2
25770189304,13,13,0
25770152930,9,9,0
8590296288,8,8,0
51539723759,22,18,4
308582,8,8,0
308573,33,31,2
308578,9,9,0
221848,12,12,0
221844,23,19,4
25770032364,46,30,16
308464,14,12,2
8590063109,48,44,4
42949945622,9,8,1
8590133972,11,10,1
416554,45,22,23
44418,9,9,0
8589942876,14,14,0
25462,28,19,9
25769966124,14,12,2
8590112553,17,14,3
8590166001,12,10,2
274203,25,17,8
8589942746,47,27,20
8590035034,42,41,1
77309561837,9,7,2
51539695296,11,4,7
34359907635,10,10,0
291509,8,5,3
17180073021,9,9,0
94489558371,8,7,1
17179893924,14,13,1
227800,30,24,6
85899500131,8,7,1
187710,71,31,40
8590181115,14,13,1
333795,13,10,3
360046,13,12,1
6247,81,66,15
8590028633,33,29,4
49585,46,37,9
25770229217,22,19,3
8590297837,9,9,0
8590297838,12,12,0
24154,20,18,2
8590093659,11,11,0
17180081609,8,8,0
25770192152,9,7,2
68719737799,8,6,2
8590285418,20,16,4
25769911398,13,13,0
8590281146,15,15,0
34359955471,11,11,0
8590006658,75,67,8
417205,8,6,2
332390,53,50,3
111669264667,10,9,1
17179881901,8,4,4
8590227858,9,9,0
8590013167,22,22,0
8590074585,13,13,0
34359984087,11,11,0
188369,11,10,1
25769867832,8,6,2
218688,10,10,0
218695,9,9,0
376264,9,9,0
8590333197,21,20,1
25769812826,12,12,0
25769812829,10,10,0
396998,46,32,14
135599,9,9,0
8590146575,29,24,5
8590362468,23,22,1
58186,45,43,2
80515,23,21,2
39024,10,10,0
8590362402,11,11,0
17179993954,8,5,3
25770242662,14,14,0
25770242663,13,13,0
8616,18,17,1
8613,13,12,1
25769896284,8,4,4
169367,13,11,2
25769897206,19,15,4
8590289996,13,13,0
131390,30,17,13
17180307619,9,9,0
51539620226,10,10,0
51539620228,11,11,0
51539804694,12,12,0
25770098822,11,10,1
8590266085,21,20,1
25770159950,36,30,6
8589940293,20,13,7
8590171589,13,10,3
17180035193,8,8,0
127744,93,68,25
8590091922,41,25,16
99047,34,30,4
8589949690,25,21,4
21220,34,28,6
77309736543,8,7,1
420909,28,28,0
51539773884,20,17,3
17179900551,17,15,2
34360017862,17,15,2
51539773879,12,11,1
34359975021,8,8,0
51539616568,9,8,1
236368,10,8,2
25769956939,10,10,0
85899378264,12,12,0
208395,18,18,0
34359820528,8,8,0
148503,11,11,0
60129731275,10,8,2
25769883380,17,17,0
25770028601,10,10,0
8590266100,17,17,0
150897,41,33,8
22516,11,10,1
320933,15,13,2
339508,11,11,0
42949771943,14,10,4
51539690633,9,9,0
8590022205,96,79,17
219439,19,17,2
198304,53,45,8
17179928007,12,12,0
25770208107,11,11,0
8589984996,15,12,3
42949713246,13,12,1
17180109518,9,9,0
60129759944,15,13,2
11609,15,15,0
17179975333,40,33,7
154619241963,9,9,0
8590342118,11,11,0
17179906931,10,10,0
25769939439,9,9,0
122033,15,14,1
17179990653,8,7,1
85899544109,11,11,0
85899706225,12,12,0
85899544104,11,11,0
42949934773,15,12,3
153312,16,16,0
71837,74,67,7
153305,15,15,0
253847,22,19,3
85899648180,8,8,0
225857,25,24,1
244144,12,7,5
244139,8,6,2
352814,53,45,8
42949844809,10,10,0
8590071995,14,12,2
25770030688,10,10,0
79755,8,7,1
25770235988,12,11,1
25769992045,11,10,1
248303,29,17,12
8590053425,29,25,4
8589938098,11,10,1
25770089727,8,7,1
147605,23,19,4
324182,12,10,2
8590191423,15,11,4
8590011061,35,33,2
357063,28,18,10
25770198200,21,18,3
25770198203,17,15,2
8590338673,18,15,3
25770198194,17,15,2
8590132168,23,16,7
25769942566,22,22,0
8590265930,8,8,0
8589988409,12,5,7
8590001797,8,5,3
391361,24,19,5
8590148002,10,10,0
8590287953,21,15,6
42949944578,11,11,0
98863,18,18,0
153484,11,11,0
24402,16,15,1
17180141420,13,13,0
208716,9,8,1
51539866124,11,11,0
8590198901,8,7,1
42949877209,8,8,0
164179,11,11,0
168151,15,12,3
17180051950,15,15,0
85899550997,9,8,1
166643,17,15,2
34359981219,27,25,2
74996,15,13,2
55946,38,26,12
285586,17,17,0
257258,9,8,1
257257,9,9,0
17179879560,9,8,1
17179913524,14,11,3
68719755150,12,11,1
17180155226,15,15,0
328502,21,21,0
158404,25,20,5
158405,8,8,0
52320,8,8,0
25769914002,25,21,4
171981,13,8,5
5120,10,10,0
42949733367,8,6,2
334193,44,26,18
42949723830,10,6,4
34359831168,9,9,0
8590379127,14,14,0
60129954499,13,13,0
68719792092,9,9,0
8590294756,11,6,5
68719488442,8,8,0
34359916606,9,7,2
25770068072,8,5,3
135797,8,8,0
17180069557,12,10,2
17179880850,10,9,1
34359757747,15,15,0
8590074735,40,25,15
51540032775,21,18,3
416142,48,32,16
141871,13,12,1
77309823445,8,7,1
146029308524,10,9,1
185852,15,14,1
42949920241,9,9,0
51539679080,15,10,5
25769950335,12,9,3
8590318066,21,16,5
25770082967,12,10,2
304380,15,12,3
8590001717,16,15,1
17180206264,10,6,4
162185,20,18,2
77309616528,8,8,0
17180213960,8,8,0
291399,44,40,4
249698,18,17,1
25769947945,14,13,1
8590343062,44,38,6
25770172429,11,8,3
8590183351,40,30,10
17180201109,9,9,0
42949991474,18,17,1
8590047435,14,11,3
60129609000,20,16,4
25769905471,9,8,1
8590129648,12,12,0
34360163658,9,7,2
242015,93,50,43
355606,8,8,0
8590321610,8,8,0
17179945518,39,30,9
261104,29,27,2
25769959310,8,8,0
236645,22,20,2
24345,62,47,15
68719597234,11,11,0
25769885633,9,8,1
25770001986,10,8,2
2515,82,47,35
197083,59,41,18
421699,155,82,73
17179915555,13,11,2
25769955724,14,12,2
60129644964,10,10,0
8589938012,22,14,8
254768,25,23,2
4421,32,21,11
17180144384,10,7,3
51539926270,10,8,2
8590133646,41,26,15
8590000961,9,6,3
25770195755,11,11,0
34359783056,10,10,0
34360052634,12,12,0
8589950131,80,28,52
34359768425,14,14,0
42949707516,12,12,0
17180072813,18,18,0
34359847009,8,8,0
138440,9,9,0
163249,23,23,0
8590250772,14,13,1
8590299715,8,8,0
51539681255,18,17,1
8590030697,19,16,3
40617,16,16,0
40618,10,10,0
34359824170,9,9,0
34359824176,8,8,0
34360141344,10,10,0
34360141347,11,11,0
34360141353,8,8,0
237873,23,22,1
413681,61,51,10
17180111852,8,8,0
8590324454,15,15,0
17180113519,11,9,2
17180112939,9,9,0
25769887956,10,8,2
42950045837,12,9,3
57571,53,31,22
42949911466,8,7,1
17180145199,8,2,6
25769952097,9,9,0
8590140187,13,9,4
177132,26,19,7
263137,12,11,1
42950019901,11,11,0
85899689809,10,10,0
34359921042,33,26,7
60129711982,11,11,0
50351,9,8,1
42949804981,9,7,2
50353,71,65,6
34359767732,11,11,0
17180109396,44,39,5
334828,13,13,0
8590284905,109,79,30
25769885273,16,15,1
118278,13,11,2
118282,13,13,0
194950,12,5,7
25769931668,9,9,0
221027,25,16,9
60129595716,8,8,0
25769998761,18,5,13
413819,23,22,1
34359840997,14,13,1
8590183727,25,21,4
8589993405,8,7,1
8589993409,10,9,1
51539697743,12,12,0
310974,22,22,0
51700,22,21,1
17180201529,27,22,5
51701,12,11,1
137498,9,8,1
137497,8,8,0
8590024487,14,14,0
304054,20,14,6
68719901241,10,9,1
17179942827,15,14,1
51539726108,8,8,0
304057,11,10,1
138103,261,137,124
73596,21,17,4
159049,107,28,79
8590042618,12,11,1
81414,17,15,2
128849315373,9,8,1
42950060487,10,10,0
25770103244,10,10,0
85899396940,8,8,0
75942,37,30,7
224784,55,36,19
43197,166,78,88
8590137098,20,17,3
8590137095,26,19,7
42949874132,19,15,4
94489420605,10,10,0
140079,36,23,13
25769877226,12,12,0
42950115005,11,8,3
8590358778,38,31,7
25770114086,11,10,1
17180195326,18,16,2
60129731032,9,9,0
8590162646,29,29,0
34359901087,18,18,0
162868,21,18,3
17180179462,13,13,0
17180085350,16,15,1
17180085354,13,13,0
169620,13,12,1
34359857643,10,10,0
8590317690,9,9,0
25770056449,8,8,0
68719646857,9,9,0
94489544770,18,18,0
51539835330,12,12,0
51539709645,18,18,0
51539835332,9,9,0
400760,27,22,5
60129788738,8,8,0
231889,10,10,0
51539889959,8,7,1
128849032932,9,9,0
77309851203,12,11,1
25770185104,35,35,0
34360105976,11,11,0
21826,21,3,18
42443,13,11,2
117218,57,53,4
8589988147,10,6,4
8590311070,11,11,0
77309638171,8,5,3
85899710876,9,9,0
25770225073,12,11,1
42949975183,9,9,0
51539758316,9,6,3
25770231561,8,7,1
17179925760,15,15,0
94489431225,11,11,0
8589936458,13,11,2
8590290188,21,19,2
60129550176,10,9,1
8590101096,10,10,0
42949778093,10,10,0
25770042998,14,11,3
419535,13,11,2
8590326730,12,12,0
8590065257,69,16,53
99218,12,12,0
34359913189,23,18,5
210568,69,44,25
25769974150,13,12,1
8589970666,16,16,0
193953,49,46,3
8590036045,9,9,0
8590212448,38,33,5
407169,14,11,3
51539977616,9,9,0
8590122127,27,25,2
68719713465,32,24,8
8590125481,26,23,3
42949988946,9,7,2
42949782139,32,21,11
142247,12,12,0
34360085451,9,7,2
42949864307,22,19,3
8590362845,33,17,16
34359810923,17,15,2
8590228311,12,12,0
112377,13,12,1
266251,8,6,2
8590183594,12,11,1
384112,8,7,1
50103,32,28,4
85899386984,8,8,0
133477,15,15,0
420324,10,10,0
420322,9,8,1
60129708876,8,6,2
8590150300,13,12,1
25770230242,9,9,0
77309782959,8,8,0
24624,14,14,0
8590096700,9,8,1
51539782670,10,10,0
17180129602,10,9,1
25769923927,14,13,1
316494,25,24,1
257912,15,14,1
224492,40,37,3
42949788160,8,8,0
6183,62,50,12
25769978828,25,19,6
17179993124,9,8,1
25770149821,22,17,5
34359830126,16,16,0
8590376310,17,16,1
51539764800,9,8,1
8590324322,10,10,0
151480,50,45,5
68719837834,9,9,0
8590193761,9,9,0
270882,26,26,0
8589957822,33,30,3
11799,40,30,10
381502,10,9,1
8590368564,13,12,1
8589966251,260,104,156
8590248580,16,15,1
244718,37,25,12
60129777699,8,8,0
25738,112,81,31
8590010982,22,20,2
4788,51,43,8
331417,12,12,0
331429,8,8,0
8590266535,10,10,0
68719675614,9,8,1
42950048680,9,7,2
323773,8,8,0
8590274341,9,7,2
57581,15,14,1
17180073239,14,12,2
77309474699,10,7,3
34359811111,12,12,0
60129628292,8,8,0
25770121076,8,8,0
34359798730,12,11,1
8590210973,12,12,0
25769838815,26,24,2
8590030208,14,14,0
8590295863,18,16,2
42950073846,18,15,3
60129695260,10,9,1
8590181546,9,9,0
17179956149,8,8,0
17180159240,8,8,0
8589972911,35,21,14
99976,44,3,41
85899358958,13,13,0
60129829341,11,6,5
8590313161,17,15,2
51474,8,8,0
358462,8,8,0
51380,13,12,1
60129635719,8,8,0
8589994606,41,32,9
417193,9,7,2
8590372606,14,14,0
77309691605,8,8,0
111669360286,8,8,0
60129588876,8,8,0
42949765448,20,16,4
42949808973,13,13,0
683,125,24,101
8589975171,15,9,6
266575,12,8,4
331437,8,6,2
48817,54,36,18
278327,45,39,6
75550,68,41,27
85879,17,14,3
152968,12,11,1
25770211913,9,9,0
60633,62,41,21
34360083253,9,9,0
8589951346,14,14,0
94489346997,8,8,0
33912,16,14,2
103079314938,8,8,0
25770118042,16,16,0
8590262011,18,18,0
143432,9,7,2
8590291486,46,31,15
34359924082,14,13,1
17180195569,13,13,0
8590087608,21,19,2
60129958675,10,8,2
60129771777,8,8,0
8590184444,43,35,8
48333,139,75,64
25769881940,19,17,2
17179984933,22,19,3
119346,36,23,13
109892,64,52,12
403925,11,10,1
373200,30,25,5
8590190460,9,9,0
25769891806,9,9,0
11237,55,47,8
318068,20,20,0
8590131509,9,9,0
65591,101,61,40
68719689695,11,10,1
25769823041,36,21,15
17180046830,14,13,1
34359962368,11,9,2
8590279797,10,10,0
17180156119,9,9,0
8590118406,10,10,0
17180005267,9,9,0
51539828841,10,10,0
323448,15,13,2
17180131716,18,18,0
25769804167,8,8,0
60129853059,9,9,0
34359817776,13,13,0
17180129519,11,10,1
103079379345,13,12,1
17180040206,16,16,0
8590154489,41,37,4
10861,20,19,1
10864,92,60,32
8590247253,8,8,0
17180294444,15,10,5
8590144590,9,9,0
51539901657,14,14,0
42949801133,29,26,3
60129743352,14,14,0
17180255009,8,8,0
54020,8,8,0
25770238345,8,8,0
91139,71,35,36
25221,239,8,231
229614,20,17,3
60129801015,12,10,2
30841,234,129,105
6730,19,14,5
25770160144,13,12,1
25770160149,10,10,0
43966,31,25,6
8589948918,9,6,3
17180158887,18,17,1
17180049882,87,64,23
55592,156,123,33
17179945174,21,19,2
34360133999,8,6,2
8590267972,20,19,1
25770164872,22,11,11
4873,29,10,19
8589970194,12,12,0
185756,28,26,2
222238,34,22,12
51539730263,16,12,4
27228,14,14,0
8590155185,12,12,0
68719496918,9,6,3
203856,63,48,15
34360013638,12,6,6
60129915079,10,7,3
8589991788,9,9,0
8589991782,8,8,0
8590351656,38,31,7
8590344504,8,8,0
8590344500,8,8,0
34359948272,9,6,3
34359972118,16,10,6
153592,33,16,17
34359948277,13,10,3
25769887026,9,6,3
17179939064,15,14,1
112025,14,14,0
17180301990,18,16,2
367355,27,23,4
17179991645,12,7,5
17180088591,18,14,4
51539841130,9,9,0
42950063469,10,10,0
270518,20,15,5
32331,16,12,4
8589961612,8,8,0
5604,43,42,1
42949712418,9,9,0
154619196432,9,9,0
42949890926,8,7,1
34359928001,8,8,0
17180257438,29,28,1
68719567425,9,9,0
34360090174,21,21,0
8590272748,23,23,0
25770070754,10,9,1
373469,10,10,0
53263,23,20,3
53267,12,10,2
17180214608,11,11,0
17179984170,20,18,2
17180122043,8,8,0
34359947117,12,12,0
410415,20,17,3
128746,11,9,2
85899565416,9,9,0
45168,175,90,85
8590168768,15,14,1
8590334567,19,19,0
17180006100,15,14,1
17180006101,15,11,4
8590336129,8,8,0
8589983517,23,21,2
17180145423,9,9,0
43520,20,14,6
231916,30,22,8
213066,10,9,1
68719510331,11,9,2
159069,13,8,5
25769826654,45,35,10
51540008185,9,7,2
34359991328,14,11,3
8590154984,14,13,1
8590286672,22,22,0
30328,77,42,35
259434,27,24,3
22391,9,7,2
42949992732,8,7,1
17180277351,11,11,0
8590138074,14,11,3
17180142855,14,14,0
17180142860,16,16,0
34359930290,19,17,2
42949848377,10,9,1
34359937300,8,8,0
68719584519,8,8,0
8590148600,9,9,0
82865,39,35,4
51539850380,29,27,2
68719861180,11,11,0
8590053296,18,17,1
17180152630,9,8,1
8590053393,15,9,6
8590053394,12,9,3
17180203048,12,10,2
245384,12,12,0
51539670033,8,8,0
34360064635,9,9,0
8590369257,10,10,0
85899370141,15,14,1
17180160991,9,8,1
319928,17,13,4
17180082779,8,6,2
65969,21,17,4
65973,12,12,0
10288,11,11,0
25769803991,22,20,2
8590130757,10,10,0
25769954757,28,26,2
354551,74,46,28
34360136954,13,13,0
34360136946,19,16,3
8590363339,8,8,0
354945,8,6,2
690,8,8,0
8590083244,10,9,1
17179954722,12,9,3
42949816725,12,6,6
42949763922,9,9,0
231412,9,9,0
231411,15,11,4
231409,21,18,3
25769916476,8,8,0
47286,14,13,1
42949940619,11,6,5
47349,14,12,2
17180080299,24,21,3
51540015087,16,10,6
409450,32,29,3
17179922678,12,10,2
34359772091,13,11,2
160785,19,16,3
122208,16,16,0
17180083318,14,13,1
8589987664,17,16,1
324396,32,23,9
94489575618,9,9,0
8590092694,21,18,3
94489642866,8,6,2
103079614423,8,8,0
8590202974,9,9,0
42950029542,9,9,0
42949835609,14,12,2
17180292899,14,12,2
8590292552,12,11,1
17180292893,10,9,1
8590214658,29,27,2
77309418658,10,10,0
8590238015,8,7,1
34359771368,30,26,4
34360086516,49,33,16
388799,17,17,0
388798,26,24,2
388803,10,10,0
388794,10,10,0
388791,8,8,0
25770088618,9,8,1
85899458542,10,8,2
94489470431,12,12,0
51539682875,9,9,0
17180302463,10,10,0
252260,171,62,109
25769896652,9,7,2
17180273023,11,8,3
17180098559,8,8,0
8590320769,106,82,24
17180305331,10,10,0
25769981156,10,9,1
8590321768,89,56,33
42949873903,9,9,0
8590107802,24,24,0
7392,11,11,0
228175,8,7,1
51539754968,10,9,1
83982,11,6,5
8590154581,61,43,18
14732,12,11,1
17179885452,11,9,2
68719698498,11,11,0
405628,20,12,8
162492,17,14,3
78288,72,40,32
162497,9,9,0
162490,9,9,0
8589992162,13,12,1
25770015046,13,13,0
34359767372,13,9,4
42949898913,8,7,1
25769985987,13,13,0
17179888101,18,17,1
8589954740,16,16,0
367766,20,18,2
60129594539,9,9,0
8590002679,11,8,3
17179937692,8,7,1
42949803777,9,3,6
8590146753,29,20,9
382950,36,22,14
42950019586,14,12,2
25769937827,9,9,0
17180305336,15,8,7
8590305896,14,13,1
8590041314,45,26,19
388725,11,11,0
42949885250,11,10,1
294652,18,16,2
213451,26,18,8
17179933209,11,8,3
42411,10,9,1
25769912803,10,10,0
255417,20,12,8
103079291295,11,7,4
8590352245,8,5,3
25769861452,9,7,2
154618892191,11,11,0
34359861815,12,10,2
25770141597,9,9,0
17180120183,30,27,3
61584,9,9,0
106749,20,20,0
106750,147,112,35
17180010233,12,11,1
42950033212,19,19,0
8590148795,19,16,3
42949782225,13,12,1
335892,14,13,1
25769979879,12,11,1
335886,16,13,3
229349,9,8,1
8590241438,20,12,8
8590096239,25,12,13
34359827064,17,16,1
8590263466,18,17,1
291638,20,9,11
208291,20,17,3
51539614715,14,14,0
106902,14,13,1
25770233553,14,13,1
8590235067,10,10,0
77196,37,28,9
17180113850,12,12,0
365723,16,16,0
51539910421,9,5,4
17179998064,32,9,23
51539682753,14,14,0
248782,26,23,3
8590049910,11,10,1
8590192162,9,8,1
60129608848,12,11,1
285440,22,17,5
17180069170,9,9,0
10996,24,15,9
337457,8,8,0
8590345900,32,19,13
8590057231,8,8,0
17179900413,14,8,6
398633,18,9,9
8590057536,11,9,2
8590057535,18,8,10
17180042668,20,15,5
8589946625,11,10,1
60129610683,11,11,0
8590084518,15,15,0
8589966109,14,14,0
60129580161,13,13,0
102265,10,10,0
102259,13,12,1
102262,9,8,1
17180096468,15,14,1
17179966414,36,36,0
17179899934,14,12,2
17180166530,9,8,1
199774,62,51,11
17180283351,32,14,18
25770178070,9,7,2
80317,13,12,1
42950031319,20,20,0
17180033246,26,23,3
17179978091,9,9,0
8590335927,12,12,0
8590373587,9,8,1
304302,10,2,8
17180146042,15,3,12
51539866169,9,9,0
51539701376,9,7,2
60129671367,12,12,0
17180158325,22,17,5
42949992523,13,10,3
25769806939,10,10,0
17179947734,10,10,0
382988,26,14,12
8590306093,9,7,2
8590194570,29,26,3
42949788843,9,8,1
320769,18,17,1
320773,8,8,0
8590339185,14,9,5
8590265070,8,8,0
42949685478,9,8,1
222850,18,14,4
8590014218,13,9,4
268217,11,11,0
34360001126,43,32,11
20106,36,25,11
309783,8,8,0
17180214122,10,9,1
83981,36,22,14
8590015650,26,21,5
8590237228,12,10,2
8590022813,25,23,2
401167,18,14,4
8590019702,11,10,1
47021,140,99,41
60129854949,8,8,0
8590330184,34,16,18
8590240216,12,11,1
146029217620,9,9,0
8590340555,27,25,2
85899491343,10,9,1
17180173101,8,8,0
17180101914,46,36,10
17179929249,13,13,0
30472,179,76,103
156827,22,20,2
17179943562,9,7,2
8590173914,31,23,8
25769986105,8,6,2
116662,35,28,7
120259491061,10,9,1
117162,12,11,1
34359800631,16,14,2
17179883631,8,7,1
42950014947,15,14,1
68030,30,4,26
17180041531,20,20,0
118165,8,7,1
330467,13,13,0
330470,8,8,0
8590057893,31,22,9
45092,47,40,7
62535,192,123,69
17180014145,8,8,0
191669,26,20,6
68719517071,10,8,2
17179876153,20,18,2
34359776424,22,18,4
8590347512,13,11,2
34359771673,9,8,1
8590013335,38,36,2
60129753089,8,8,0
8590353052,19,13,6
34359875614,12,11,1
8590167536,16,14,2
304212,24,24,0
350308,25,21,4
347830,29,27,2
60129871763,14,12,2
152331,9,9,0
77309632596,12,12,0
8590029485,8,8,0
8590029483,12,12,0
8590029484,12,11,1
8590332827,30,27,3
77309823091,8,8,0
15390,18,18,0
15396,72,64,8
92538,16,15,1
243249,69,43,26
25770183134,8,8,0
25770183137,14,14,0
25770183132,8,8,0
8590298772,16,16,0
34359900868,10,10,0
17179870933,8,8,0
8590264586,8,8,0
17180207063,10,10,0
180996,27,22,5
244526,15,15,0
42949702707,8,7,1
34360058236,14,13,1
157599,50,38,12
299845,28,28,0
289974,14,12,2
299360,14,14,0
42949908922,8,8,0
25769905908,11,11,0
8589952039,11,10,1
25770097219,9,9,0
34359763660,16,14,2
34360104138,12,11,1
271393,15,14,1
34360104135,12,11,1
271390,17,16,1
25769837825,17,14,3
94489591680,10,10,0
51539666137,8,8,0
35934,40,27,13
42949922508,14,12,2
8590202280,11,9,2
151266,31,26,5
25769957233,8,8,0
17180071141,18,15,3
17180015106,10,9,1
49994,16,11,5
8589975780,20,18,2
60129648779,8,8,0
94489610450,12,11,1
17180279074,17,15,2
17179925632,8,8,0
94489662879,12,12,0
8590139883,9,9,0
8589971597,8,8,0
8589971594,17,17,0
42949719570,8,8,0
60129933882,15,12,3
421,9,9,0
158949,29,26,3
51539834779,14,11,3
8590106115,43,37,6
103079397611,18,17,1
8590188583,12,11,1
8592,40,37,3
8590031330,61,46,15
8590329931,12,12,0
17179895160,21,8,13
17179873723,8,8,0
8590245967,11,9,2
17179949265,29,20,9
223114,12,8,4
41009,12,12,0
41008,8,8,0
8590188221,18,15,3
25769877595,11,11,0
17179946205,21,16,5
34359872518,11,10,1
322652,8,8,0
110460,46,35,11
103079239346,8,7,1
42949914302,8,6,2
309770,11,10,1
17179887682,8,4,4
51540051730,9,7,2
15012,11,11,0
222227,50,17,33
170393,19,13,6
94489517421,8,8,0
170388,20,13,7
8590049045,83,76,7
17179961997,8,8,0
34360095252,11,8,3
97811,12,10,2
223983,11,9,2
244060,9,6,3
42949794086,11,11,0
8590311297,8,7,1
8590311309,8,8,0
173394,39,33,6
68719570734,8,8,0
25770139407,19,17,2
42949942566,15,13,2
70170,19,13,6
349433,10,10,0
34359799729,15,15,0
407451,76,61,15
25769919716,8,8,0
129675,26,22,4
34359783383,9,9,0
19609,38,35,3
8589998374,24,19,5
19985,18,16,2
68719807508,8,6,2
25770108297,13,12,1
25769834979,8,8,0
17179919187,15,13,2
216497,46,22,24
17179886780,23,15,8
111669556403,11,9,2
25769901314,23,22,1
17179992956,14,13,1
8590089485,14,12,2
357862,26,15,11
51539980242,9,8,1
17179902984,11,9,2
34360115533,18,15,3
166878,17,15,2
77309708967,9,8,1
17180229968,16,16,0
17179918082,16,14,2
17180253569,11,11,0
8590047361,29,23,6
172385,20,14,6
264203,51,31,20
51539743648,9,8,1
8590232957,27,22,5
17180028791,11,11,0
60129639714,13,11,2
77309472305,8,8,0
8590087739,10,8,2
8590119684,45,41,4
51539824815,14,11,3
190952,30,24,6
25769932614,10,10,0
68719679588,18,17,1
17179940524,11,9,2
17179940520,11,9,2
17179894571,9,7,2
285178,8,8,0
215614,51,34,17
17180265459,10,10,0
17180000704,27,20,7
347047,18,10,8
68719560454,8,6,2
8590099241,14,11,3
8590099236,26,22,4
356992,13,13,0
358225,10,8,2
358229,57,33,24
358230,11,9,2
358226,28,22,6
8590064656,18,17,1
42949873225,12,12,0
17179912583,12,9,3
329501,34,25,9
34360116898,15,15,0
34360094847,27,26,1
221180,31,27,4
8590194322,26,19,7
25769846804,9,6,3
356294,79,63,16
120259523316,8,7,1
163549,22,22,0
42949889969,29,25,4
182654,14,13,1
17179913796,15,13,2
47307,19,19,0
203877,17,15,2
8590132603,9,9,0
8590132606,12,12,0
8590132607,10,9,1
6829,48,36,12
81576,68,49,19
8590203383,12,12,0
8590190618,10,10,0
17179956746,10,9,1
8590225353,12,11,1
8590192462,33,28,5
42949699603,18,17,1
8590299482,8,8,0
25770089384,8,7,1
353538,14,11,3
8590252606,37,36,1
129768,8,7,1
17179895439,9,6,3
42949919638,8,8,0
34360013714,8,6,2
8590276158,30,17,13
73317,17,17,0
182701,38,33,5
136218,26,26,0
17180001418,15,3,12
25770123553,9,8,1
17179974904,18,16,2
17180016914,10,7,3
8590348111,9,7,2
42950022688,8,8,0
34359833074,12,11,1
8590085006,19,14,5
42949811527,8,8,0
148307,9,8,1
148310,10,8,2
148305,13,11,2
8589957061,9,9,0
8589957063,12,10,2
62820,15,14,1
322549,14,2,12
34359797068,17,16,1
34359797062,10,10,0
68719868090,13,13,0
111669153961,8,8,0
8589993385,56,44,12
42950107221,22,17,5
8590197106,18,17,1
8590006443,17,17,0
60799,23,20,3
17180115814,8,8,0
17179905689,11,10,1
17180054018,16,14,2
69843,15,15,0
68719900664,12,11,1
8590218665,37,15,22
26225,75,55,20
34359752522,8,6,2
262032,12,10,2
85899465597,8,8,0
331345,10,6,4
25770023636,10,9,1
275936,15,14,1
275937,18,17,1
51540025934,8,5,3
42949945019,8,8,0
8590042916,33,24,9
19053,19,17,2
8590042911,8,8,0
25770097623,13,10,3
25770097627,8,8,0
25770097618,10,8,2
153254,11,10,1
349868,21,21,0
34360139272,18,18,0
17180185498,11,8,3
8590371306,9,8,1
34360153064,10,7,3
34359788846,8,8,0
17179929241,11,10,1
25770018582,10,10,0
85899674614,8,6,2
207393,25,18,7
25769891976,10,10,0
51540046529,16,16,0
8590008589,10,9,1
8589996634,9,7,2
159238,13,12,1
17180246849,10,9,1
111914,78,49,29
105109,15,2,13
105108,53,6,47
17179997050,17,17,0
263033,11,11,0
384998,76,70,6
25770013706,31,24,7
281245,53,33,20
34360124652,13,11,2
25770221067,8,8,0
308977,11,11,0
25769999819,20,15,5
8590361077,13,12,1
21229,24,18,6
51539766119,9,7,2
51539766113,14,9,5
252819,28,27,1
17180086071,26,19,7
8589964987,26,22,4
8590217407,10,10,0
85899483174,13,9,4
8589945322,22,9,13
8589945324,10,7,3
17180207365,9,8,1
34359999859,12,11,1
268196,8,8,0
84422,33,32,1
8590114900,18,16,2
8590135945,8,8,0
25770214974,9,9,0
68719518972,8,8,0
8590190282,15,15,0
254436,8,8,0
8590202278,18,11,7
94489647557,8,6,2
77309610701,12,11,1
34359805316,10,10,0
42950030135,19,17,2
68719728601,10,10,0
373142,10,10,0
42949975539,9,9,0
60129898106,8,8,0
60129898107,8,8,0
239144,25,20,5
17180247368,8,8,0
17179971441,16,16,0
60129652260,16,14,2
8590241892,15,15,0
86256,16,15,1
8590326083,10,8,2
25769897392,10,10,0
25769897386,9,8,1
34360008889,9,9,0
25770146197,12,10,2
8590212599,22,18,4
8589937149,9,9,0
132064,8,8,0
8590003023,107,26,81
60129839023,8,8,0
42950063104,15,13,2
51539783291,15,15,0
17179921100,27,20,7
51539776773,22,20,2
34359897780,16,15,1
307227,53,33,20
87452,30,18,12
315978,14,14,0
8590091724,21,15,6
34360099869,10,8,2
51540045740,10,10,0
77309596090,10,9,1
8590356677,14,10,4
34359916218,13,13,0
42949778652,8,8,0
159742,9,9,0
273746,10,10,0
392284,11,10,1
392281,8,8,0
8590151778,19,15,4
17180278209,11,11,0
68719649332,14,14,0
8590282363,10,10,0
8590282360,8,8,0
105029,30,23,7
8589936338,8,8,0
8589936337,11,10,1
17180069954,9,9,0
34360154568,8,8,0
355417,33,23,10
25770068775,9,9,0
13516,10,10,0
25770068777,13,13,0
25770068785,10,10,0
8590016002,20,20,0
42950066757,9,9,0
25769972058,11,9,2
8590303696,14,13,1
32705,34,25,9
17179977371,23,15,8
231632,38,36,2
141155,19,18,1
51539989626,28,19,9
8590301726,8,6,2
8590301721,8,8,0
8590301715,14,14,0
8589975354,69,46,23
8590192962,31,27,4
77309851306,15,12,3
34359748792,8,8,0
8589983787,12,11,1
34359760532,8,8,0
51540028705,16,14,2
10909,18,17,1
60129606400,9,9,0
25769987514,15,15,0
8590131942,35,25,10
32643,8,7,1
42949708133,8,8,0
25769869343,23,9,14
25770017195,10,10,0
77309497429,17,15,2
366470,16,11,5
51539975938,8,8,0
167941,8,8,0
51539611693,8,8,0
8589986755,53,34,19
246073,73,40,33
34359901954,11,10,1
207729,40,39,1
17179982616,10,10,0
60129560179,11,11,0
299789,8,8,0
51539779590,10,9,1
25770112768,11,7,4
8589950050,36,20,16
25769849979,9,9,0
17179887617,8,7,1
17179962860,28,13,15
77309756573,9,8,1
115135,12,11,1
17180228481,15,13,2
17179875008,23,21,2
302015,17,13,4
165573,32,31,1
8590363430,10,10,0
42950060983,23,21,2
8590020942,70,27,43
8590004378,18,16,2
8590052898,51,45,6
25769992594,9,9,0
195083,12,12,0
8590108112,15,13,2
17179996156,12,9,3
239384,12,12,0
56503,9,9,0
305806,83,49,34
25770204919,18,10,8
8589968175,10,10,0
8589990788,14,12,2
94489649695,18,13,5
25769827732,23,14,9
236489,41,21,20
42950030855,10,10,0
17180137806,8,7,1
28097,20,20,0
263370,14,11,3
83504,16,14,2
25770055021,25,17,8
8589957093,11,10,1
17179947329,19,13,6
8589982980,16,15,1
8590091314,13,12,1
175660,24,22,2
191699,96,70,26
17180205809,17,17,0
8590189400,34,32,2
111669388150,8,7,1
379778,8,8,0
194014,30,24,6
94489347932,8,8,0
8590336422,29,23,6
25769891722,9,8,1
51539996947,11,9,2
382286,17,16,1
85899570386,9,8,1
8590093287,50,45,5
8590188507,27,26,1
8590129500,26,17,9
73320,62,29,33
26111,183,69,114
94489379328,9,9,0
25770184268,17,15,2
107711,22,13,9
289591,10,9,1
71576,29,24,5
8590047440,33,22,11
25770047648,13,9,4
338412,8,7,1
25769923261,8,8,0
111669197698,11,11,0
311489,11,11,0
137439157743,8,8,0
226932,18,18,0
25770054671,15,14,1
42949697273,9,7,2
8590252564,16,14,2
42949833005,11,10,1
262546,15,10,5
25770171738,41,35,6
42949751095,8,8,0
8590001907,11,11,0
8590083890,11,9,2
191950,137,85,52
34359832674,9,9,0
42949682947,11,9,2
25769913419,11,8,3
214963,8,7,1
407207,24,14,10
109109,66,40,26
17180226514,8,8,0
8590249393,18,14,4
237533,186,124,62
35687,17,16,1
9913,13,13,0
42949871812,11,11,0
17180002584,14,11,3
94489564704,8,8,0
8536,52,36,16
17179962254,11,11,0
60129917522,34,34,0
17179962253,28,28,0
60129680967,10,9,1
225348,10,10,0
393019,13,13,0
393022,15,15,0
342424,25,15,10
8589982128,20,20,0
8590098049,12,12,0
388352,21,21,0
36949,30,30,0
34359848378,16,14,2
398113,13,13,0
279312,22,22,0
68719566804,19,18,1
6285,47,26,21
108716,19,16,3
17180236215,12,8,4
8590007899,126,65,61
78324,27,23,4
17180001702,12,11,1
174538,8,8,0
42404,11,11,0
129435,10,8,2
129434,13,11,2
164042,11,10,1
8590055039,39,34,5
287791,8,8,0
287792,8,8,0
8589995161,15,12,3
77309461442,10,6,4
51539690059,8,8,0
63092,16,16,0
172390,114,95,19
423393,33,30,3
405433,15,12,3
34359833883,11,10,1
51540020724,13,11,2
48999,33,31,2
8590108136,14,9,5
279728,8,8,0
204707,63,30,33
423998,17,17,0
34359802317,8,8,0
25770240871,8,8,0
374890,10,10,0
8590328277,23,20,3
215466,8,8,0
17180168662,13,12,1
19771,38,27,11
17180145948,10,9,1
60129942928,9,9,0
85899553115,8,8,0
125315,8,8,0
125317,9,9,0
85899750363,9,8,1
8590191258,15,11,4
34359807403,11,9,2
25770193299,8,8,0
133907,48,40,8
85899656271,12,12,0
34360083882,8,8,0
85899392074,8,8,0
422719,33,25,8
25770235389,14,10,4
8589973854,23,12,11
25769820384,14,13,1
8590145658,50,46,4
189558,30,28,2
17179885624,8,7,1
34360127278,15,14,1
26185,15,15,0
25770158407,28,27,1
42949729289,8,7,1
8589948612,14,12,2
17179980033,16,13,3
25769815664,15,13,2
85899595524,8,8,0
8590195986,10,10,0
8590059576,16,16,0
265123,27,21,6
8590339700,28,25,3
25769914013,12,12,0
8590086986,8,8,0
8590086989,9,9,0
8589935955,9,7,2
25770117755,17,15,2
8590010865,13,12,1
8590219794,15,15,0
42949909251,9,8,1
352284,8,8,0
25770218355,13,12,1
17179956376,47,31,16
416706,19,17,2
51539949896,13,12,1
25770151455,26,25,1
8590262697,9,8,1
401410,22,21,1
8590343358,10,8,2
17180304071,37,13,24
17180027125,8,7,1
191403,9,8,1
17179900044,18,18,0
8590259656,32,27,5
2747,12,11,1
230434,35,25,10
370172,15,15,0
25770204091,8,8,0
25769925403,16,15,1
8590184815,8,8,0
51539718113,12,11,1
320699,23,21,2
53869,8,6,2
336080,11,10,1
8590102017,36,31,5
8590294783,11,11,0
248681,95,68,27
424034,35,28,7
8589983973,11,11,0
25769906540,8,8,0
34360052523,11,10,1
315090,15,11,4
8590259444,31,29,2
60129847487,8,6,2
189577,41,33,8
8590251563,18,11,7
17179933474,8,7,1
17180206079,8,8,0
60129597788,9,7,2
24819,32,27,5
8590336567,33,32,1
139849,51,24,27
25770158527,8,8,0
8590351084,12,10,2
68719594522,8,7,1
8590039834,98,59,39
51539630094,11,11,0
41160,127,95,32
8590097003,8,6,2
233720,30,22,8
17180281403,23,20,3
17180044120,17,11,6
8590222742,10,9,1
17180077298,9,8,1
17180069542,15,14,1
17180069544,15,13,2
8590222743,19,9,10
421466,8,8,0
8589941227,39,31,8
138750,62,24,38
77309603327,8,8,0
8590245580,26,21,5
17180003869,15,12,3
58387,146,2,144
120259277352,9,2,7
17180275550,26,25,1
60129765561,8,6,2
284960,110,60,50
34359761514,22,22,0
60129765567,8,6,2
8590112936,8,8,0
8590235051,17,17,0
70794,91,64,27
418238,16,16,0
120259239522,9,8,1
418231,14,14,0
114526,21,20,1
42949957178,9,9,0
42949804589,18,16,2
8590165728,21,20,1
42949827191,10,10,0
25769967191,11,10,1
82356,10,10,0
42949956202,8,8,0
77561,37,35,2
85177,19,15,4
9709,25,21,4
68719752973,8,7,1
8590221949,10,10,0
8590221948,10,10,0
68719592602,9,9,0
68719657636,13,12,1
111669286649,8,8,0
25769891060,10,9,1
8590380156,10,10,0
17179990403,22,19,3
8590255398,16,16,0
17180075446,8,7,1
17180075448,8,7,1
17180075445,8,7,1
51539750822,8,4,4
56258,144,94,50
34359786185,8,8,0
25769890373,8,8,0
17180040617,15,12,3
25769890374,8,8,0
26871,15,12,3
8590055505,34,26,8
17180055023,18,16,2
42949882694,9,9,0
17180055021,8,8,0
17180211551,11,11,0
8590195310,9,9,0
8590195311,10,9,1
85899775835,8,7,1
381183,15,7,8
25770209297,8,8,0
81063,11,11,0
8590344168,14,11,3
8589960177,28,24,4
8590097423,92,76,16
68719599478,9,9,0
25770048431,16,16,0
222304,23,18,5
17179992762,12,9,3
17179992755,16,12,4
8590091511,8,8,0
17180288680,9,7,2
111669490360,8,8,0
262526,19,19,0
8590353845,8,8,0
206483,25,24,1
51540014990,17,15,2
8590369159,17,8,9
8590370444,14,9,5
60129646050,8,8,0
347492,31,29,2
25770224877,11,9,2
423418,8,7,1
17180034770,19,17,2
231767,60,59,1
25933,17,16,1
64565,70,18,52
64574,14,13,1
34359806616,46,35,11
8590237707,10,10,0
17180237806,13,11,2
8589971532,9,9,0
42949931097,8,8,0
8590057094,11,7,4
60129732661,11,9,2
17180014980,42,34,8
50359,12,9,3
281463,76,71,5
8590295904,9,6,3
185922,12,9,3
276442,22,17,5
70132,40,23,17
17180074302,14,12,2
90487,9,9,0
258761,49,42,7
258767,9,7,2
382209,20,15,5
258766,10,9,1
254636,41,31,10
8590315238,9,3,6
198910,8,8,0
99869,15,11,4
72879,10,8,2
17180110551,8,7,1
17180184265,24,15,9
17180049905,11,10,1
19424,38,21,17
25769863522,11,8,3
25770002200,12,11,1
359649,23,16,7
128849460517,8,8,0
42949706968,16,14,2
246823,23,20,3
32184,33,30,3
34359876280,8,6,2
8590236691,37,25,12
170152,8,8,0
25769978839,10,8,2
17180100057,13,9,4
25769978840,13,10,3
8590109179,35,22,13
25769978826,23,16,7
25769978822,20,16,4
17180012126,37,28,9
51539769598,9,6,3
25769905667,21,17,4
8590365167,23,19,4
100936,76,34,42
17180256884,11,10,1
408205,27,25,2
34360121298,20,16,4
34360096433,9,6,3
17179974713,14,11,3
25769944043,12,9,3
68719744327,10,8,2
60129647169,9,8,1
404862,19,15,4
34360101962,18,14,4
199541,17,13,4
8590001805,9,9,0
8590360085,12,11,1
8590185786,18,17,1
8589968620,15,13,2
8590349283,35,31,4
8590075686,17,16,1
8590096705,52,47,5
180341,12,12,0
180343,10,10,0
366521,17,16,1
8590262973,22,14,8
51539622043,14,13,1
42949735684,16,15,1
60240,16,15,1
34359782474,9,9,0
25770182804,10,10,0
8590311028,12,10,2
241681,31,24,7
34360104566,12,11,1
34360104569,11,9,2
327930,8,7,1
25770143077,8,8,0
34359820363,36,24,12
288271,28,18,10
60129918369,8,7,1
231428,10,9,1
94489471597,10,8,2
34360002223,13,13,0
17179960546,12,12,0
371121,8,8,0
171798706561,10,10,0
8590168261,17,12,5
85899678458,8,5,3
237781,9,9,0
187338,36,31,5
95120,9,9,0
8590145269,24,24,0
25770071200,8,5,3
51540011746,8,8,0
8589935136,21,17,4
8589935142,46,29,17
8590109656,14,11,3
8589935146,19,16,3
85899632087,8,8,0
117064,39,11,28
157890,41,36,5
8589985190,9,8,1
17180038980,19,17,2
17180224718,15,15,0
68719814732,10,10,0
96812,45,26,19
172451,30,24,6
25770228131,9,9,0
8590349858,14,13,1
85899520487,9,9,0
17179908255,12,12,0
17179908268,11,11,0
25769870392,11,9,2
17179908259,11,11,0
158674,18,17,1
158664,19,18,1
158673,17,16,1
100256,59,40,19
8590313918,9,9,0
22350,36,35,1
8589998580,16,15,1
25770233828,13,7,6
8590246717,9,8,1
60129564109,8,7,1
68719570809,10,10,0
8589949986,9,9,0
171885,31,26,5
42950043679,26,19,7
42949772752,13,11,2
17179929867,8,8,0
42949772761,8,8,0
60129705710,8,3,5
17179910870,12,10,2
99875,27,14,13
77309677028,9,8,1
410840,67,32,35
8590057850,22,22,0
357550,8,8,0
379519,72,29,43
42949763846,9,8,1
409014,8,8,0
8590053837,12,9,3
68719815203,9,9,0
60129853636,10,9,1
8589978989,10,10,0
34359872634,14,12,2
60129615280,12,12,0
8590305967,14,11,3
117261,18,17,1
68719543059,9,9,0
118312,181,139,42
173523,15,15,0
173524,8,8,0
42949829186,27,20,7
120259271456,10,10,0
8589967085,8,8,0
8590184783,54,42,12
8590200392,11,11,0
60129575742,10,10,0
17179900473,9,9,0
78837,19,18,1
25769922783,13,9,4
8590184077,10,9,1
51540035797,10,10,0
34359838303,8,8,0
34359941863,9,8,1
263319,29,29,0
246384,18,17,1
244823,10,10,0
420552,11,6,5
60129575808,11,11,0
171798864784,10,7,3
60129575818,8,8,0
51455,89,44,45
271450,15,15,0
74381,43,37,6
77309446139,9,8,1
8590195864,10,8,2
25770016673,9,8,1
8590195868,8,5,3
34360162688,8,7,1
8589978745,15,15,0
358785,27,23,4
407043,16,16,0
301803,29,26,3
2678,10,10,0
34360011062,10,10,0
34359954406,10,7,3
8589990042,9,8,1
8589990033,9,8,1
17336,156,94,62
34360087910,8,8,0
386053,12,11,1
314736,10,9,1
161985,13,10,3
34359788459,11,11,0
25769874310,15,15,0
109422,26,25,1
8590211097,15,14,1
63985,22,21,1
77309693964,13,12,1
34359878900,10,9,1
387974,12,11,1
17180163435,11,11,0
25770180804,19,16,3
51539942621,16,15,1
25769929474,10,9,1
423041,9,8,1
423042,38,29,9
34359905638,9,8,1
34360023519,17,10,7
17180247310,8,8,0
25769875424,9,9,0
17180221377,11,11,0
19280,223,30,193
42949909971,8,8,0
68719577025,8,8,0
60129678698,8,8,0
42949732419,21,20,1
51539715458,10,8,2
60129797090,9,7,2
17180258019,14,14,0
4902,149,56,93
8590020934,12,11,1
8590020932,32,19,13
25769934778,10,7,3
68719718878,13,12,1
115224,35,33,2
42949886124,13,13,0
23526,66,60,6
166031,14,13,1
42949886117,10,10,0
42949880543,15,13,2
87674,22,13,9
77309533249,8,7,1
60129568388,10,6,4
34360126240,12,8,4
34360126242,8,6,2
60129568390,13,11,2
8590040257,8,8,0
34360055069,8,8,0
16986,24,21,3
60129971928,8,7,1
54272,13,13,0
25770109414,9,9,0
17179993141,35,31,4
51539887207,9,8,1
25769929823,25,24,1
199192,10,10,0
8590195284,18,17,1
17179992202,33,23,10
17180110914,21,17,4
51539701736,12,10,2
8590268504,10,10,0
332156,9,8,1
8590007835,17,14,3
423677,28,25,3
25769850189,17,15,2
8590124949,25,25,0
8590280103,16,15,1
17180173129,10,10,0
77309428452,8,8,0
8590303731,30,26,4
8590333630,15,14,1
261833,9,9,0
8590033579,9,7,2
51539756950,11,10,1
213425,22,20,2
8590326998,22,18,4
17179924215,10,10,0
17180287921,8,8,0
325519,11,11,0
325529,14,14,0
34360105895,15,13,2
75006,18,13,5
8590114821,17,14,3
34359999755,10,10,0
369967,12,11,1
60129630681,14,13,1
17179885979,21,19,2
17179885981,32,24,8
42949882308,8,8,0
384642,9,9,0
410767,16,15,1
8590148668,12,9,3
197914,23,23,0
77309609253,9,8,1
111669433446,10,10,0
46042,63,39,24
8590034185,23,19,4
34359851287,14,12,2
375874,8,8,0
47225,8,8,0
17180022761,19,16,3
71501,65,56,9
51539790570,16,9,7
17180088609,8,7,1
42950117288,28,19,9
8590336584,9,8,1
125783,14,13,1
406615,33,19,14
8590188028,17,17,0
51540049239,10,10,0
8590263883,52,29,23
33527,10,10,0
17180031279,27,20,7
8590127157,11,9,2
94702,62,33,29
95526,16,15,1
244642,26,25,1
18566,8,8,0
18564,12,9,3
375283,10,10,0
8590122983,8,6,2
366465,22,12,10
423584,36,20,16
34359921598,11,9,2
8590372791,13,13,0
202655,8,6,2
202652,15,12,3
10888,62,25,37
370732,12,8,4
254702,8,8,0
374316,9,7,2
85899472026,9,9,0
8590210149,15,15,0
271632,10,4,6
25769841325,8,7,1
8590304153,30,21,9
390252,20,20,0
8589936533,8,8,0
17180054200,18,13,5
25770147657,9,9,0
120259104498,8,8,0
25770147654,10,10,0
183336,9,9,0
42949712540,18,18,0
20546,34,34,0
51539762473,9,8,1
8590189157,14,14,0
42949831458,18,18,0
8589993394,54,36,18
8590268089,10,10,0
147562,9,9,0
147561,9,9,0
264592,28,24,4
147546,17,17,0
8590204001,13,8,5
96924,10,9,1
77739,13,10,3
928,8,7,1
68719790263,8,8,0
42950080915,10,8,2
17179935834,12,6,6
25769878417,13,13,0
97249,29,18,11
87488,137,94,43
214029,17,16,1
34359862566,10,10,0
239500,13,12,1
68719782722,8,8,0
139733,9,8,1
8589958982,10,9,1
17180217639,19,19,0
318801,19,19,0
42950060055,11,11,0
226451,12,10,2
8590182554,17,13,4
60129918765,10,9,1
93562,34,27,7
286542,22,20,2
17180154009,9,7,2
117211,11,11,0
8589949792,18,12,6
270045,8,8,0
8590119570,16,14,2
85899489123,10,10,0
25769866329,14,14,0
17180006962,8,6,2
8590190387,9,8,1
34359842617,10,10,0
130325,34,29,5
17180182018,8,8,0
25770115145,10,10,0
23523,39,25,14
60129693014,18,16,2
103079500197,11,11,0
8590171107,14,12,2
178812,62,41,21
8590117635,22,19,3
17180256070,19,15,4
17180048111,11,10,1
51540015188,16,13,3
25769921783,10,6,4
8590208060,8,8,0
221617,8,7,1
42949856656,8,8,0
25769833124,10,9,1
193424,17,17,0
25769913615,24,20,4
94489720854,9,9,0
305198,53,41,12
167682,15,15,0
124473,13,9,4
17180008034,8,8,0
17180149754,17,17,0
17180153244,12,8,4
25770170214,20,18,2
85899695547,10,8,2
329297,17,15,2
135464,16,16,0
17180293502,10,10,0
303243,11,10,1
290828,9,8,1
34360148613,8,8,0
25769835308,8,8,0
133929,74,43,31
34359836526,8,8,0
354394,15,9,6
317593,19,11,8
193363,21,20,1
14725,9,8,1
137439152147,8,6,2
409249,23,20,3
39112,92,27,65
8590069117,9,9,0
17180279075,12,11,1
25770038055,16,16,0
103079410121,8,8,0
25770114447,14,13,1
8590013428,17,17,0
17180049777,54,45,9
17180022716,13,11,2
17180189554,9,9,0
42949725380,20,19,1
51539713071,10,9,1
89883,31,27,4
46953,15,11,4
77309422306,10,9,1
8590377780,8,8,0
8590234448,15,15,0
34359866913,19,17,2
8590080346,9,7,2
25769985816,10,10,0
198537,53,31,22
86797,109,44,65
86810,17,16,1
77309490819,13,7,6
17179983387,10,9,1
241689,12,11,1
88411,16,14,2
215596,9,9,0
60129569689,25,15,10
187113,225,84,141
85899371561,8,8,0
25769831340,19,14,5
17180268416,9,7,2
25769868168,8,6,2
25769868166,8,6,2
34359918743,18,3,15
8590086593,22,12,10
155769,20,12,8
8590235740,42,16,26
17180131787,8,8,0
17179876754,19,18,1
264743,26,21,5
68719538767,8,8,0
25770011306,16,16,0
25769985489,13,9,4
51539773085,8,8,0
34359882856,9,9,0
51539735752,10,9,1
42949707100,12,11,1
171020,14,13,1
8590024044,12,10,2
17180145051,22,15,7
8590334047,21,17,4
8590334045,11,9,2
42949980653,8,6,2
41523,88,62,26
79154,15,15,0
68719820031,8,8,0
197779,119,89,30
34359974496,10,9,1
8590027715,24,19,5
347145,35,27,8
17180182777,11,9,2
8590284613,17,12,5
34360033325,8,6,2
250480,34,27,7
8590210190,12,12,0
42950096347,9,6,3
77309701637,10,9,1
60129663395,8,8,0
17180148678,21,14,7
17180251133,8,6,2
103079635918,8,5,3
77309446120,15,10,5
42949841921,15,15,0
25769928925,12,10,2
25770129022,20,17,3
42950058348,14,14,0
42950058353,8,8,0
206737,21,16,5
25769837870,23,20,3
68719585903,9,9,0
8590215946,14,10,4
42949962339,12,10,2
51539620544,18,17,1
68719585906,10,10,0
42949962340,10,9,1
181160,11,10,1
17179941128,30,27,3
17179941129,15,10,5
17179940031,8,8,0
17179947261,12,11,1
8590212659,13,10,3
8590212662,8,8,0
17179957885,8,8,0
58148,11,10,1
60129579511,10,9,1
60129601016,8,7,1
202729,19,18,1
42950003857,9,8,1
51539720312,8,8,0
34360055215,8,7,1
8590091743,18,12,6
17180226489,9,8,1
17180224004,10,10,0
17180061019,10,10,0
8590302407,17,16,1
336586,10,10,0
25769936153,11,9,2
8589969470,35,29,6
25770164387,13,10,3
17180281505,8,7,1
17179885688,12,11,1
387536,8,7,1
237106,24,24,0
8590243889,8,8,0
205108,15,15,0
216286,132,94,38
60129809754,9,8,1
227971,84,67,17
8590218029,16,15,1
34359779717,17,17,0
8590357679,10,10,0
190551,23,18,5
8590123798,9,8,1
8590333823,15,15,0
8590205636,21,10,11
56791,70,28,42
152005,88,70,18
34359911144,8,7,1
82516,52,47,5
25770158324,8,8,0
347377,20,20,0
8589936741,44,37,7
8589936735,18,17,1
77309714174,8,8,0
8589999100,23,21,2
25770007403,22,14,8
8589934659,12,12,0
75243,8,7,1
17180145284,18,12,6
358367,33,32,1
276103,19,18,1
8589975487,17,16,1
17180094969,8,8,0
71461,16,15,1
238452,9,8,1
25770159666,10,9,1
310365,116,49,67
34360121019,10,10,0
8590196982,8,7,1
101307,13,12,1
17180116045,10,9,1
100585,9,9,0
17180062943,20,16,4
48046,18,13,5
275750,14,3,11
162472,34,7,27
275749,10,2,8
25769905171,15,15,0
17179952276,8,8,0
187341,19,18,1
101767,31,25,6
119157,23,22,1
8590186940,12,10,2
316283,12,12,0
25770083088,12,12,0
223680,72,52,20
333757,92,71,21
51540042182,9,9,0
38804,11,11,0
38802,27,26,1
51540042185,8,8,0
16512,21,21,0
398557,8,8,0
37990,32,27,5
25769829190,8,8,0
25769829186,8,8,0
257962,57,46,11
34360079424,23,23,0
51539717828,10,10,0
8589981220,30,27,3
223153,44,40,4
85899367974,8,7,1
94802,94,28,66
125088,28,18,10
8590241805,18,15,3
42949857400,8,8,0
150537,13,13,0
186194,107,49,58
17180170063,29,27,2
419211,30,16,14
25769960529,16,14,2
25769960535,11,11,0
25770009244,12,11,1
17180164187,20,18,2
111669593283,14,14,0
51539998940,13,10,3
51539801749,8,7,1
34360054988,8,6,2
34359984080,17,17,0
17179873379,47,45,2
8590032279,18,18,0
8590279195,16,15,1
17180022824,10,9,1
17179879749,8,8,0
22564,41,22,19
8589965918,20,19,1
87076,77,51,26
25769878918,13,11,2
8590134130,34,19,15
8590150284,14,14,0
8590281290,25,20,5
25769851497,10,10,0
167747,171,137,34
8590118249,11,9,2
17180120902,11,10,1
103079336334,8,8,0
86120,23,23,0
25769984008,11,9,2
17180106456,10,10,0
60129754780,9,9,0
42949872240,15,14,1
120155,9,9,0
8590064574,28,28,0
8589949967,14,11,3
25770100933,14,14,0
200807,10,10,0
25769967666,14,14,0
17180076205,21,19,2
8589964454,8,8,0
286237,9,9,0
8590272504,16,14,2
191375,11,10,1
8590014973,57,44,13
51540054463,10,9,1
8590375318,21,19,2
17180086903,16,16,0
391106,23,17,6
8590011587,8,6,2
42949830312,10,9,1
167230,11,11,0
77309762856,8,8,0
77309793474,8,7,1
25770097925,13,12,1
8590034226,39,31,8
17180156101,10,10,0
308206,34,34,0
294274,39,39,0
310976,12,12,0
106342,220,40,180
17180181268,27,23,4
17180297940,8,8,0
43942,13,13,0
8590156033,48,43,5
131761,16,11,5
62712,30,29,1
8590036097,42,37,5
11608,19,17,2
288989,40,32,8
8590119992,14,12,2
275962,59,29,30
34360113750,17,17,0
8589972074,28,27,1
291604,18,18,0
85899534347,10,10,0
380518,8,8,0
42949876203,9,9,0
8590284081,17,17,0
148973,28,25,3
8589950301,15,13,2
25769973942,8,7,1
34359812477,26,22,4
94405,10,8,2
94409,8,7,1
94408,20,16,4
26053,27,20,7
26063,16,13,3
94489677350,13,12,1
17180231461,22,13,9
8589973834,8,4,4
17179872714,25,23,2
34360026430,16,16,0
25770216130,8,8,0
25770216138,15,15,0
25770216136,14,13,1
42949842638,8,8,0
71492,69,61,8
8590169381,15,15,0
33151,18,18,0
102469,20,14,6
42949686698,8,7,1
63406,9,9,0
25769813459,23,22,1
78687,62,39,23
25769868566,14,10,4
8590009286,79,37,42
42949738383,10,10,0
8590217552,8,8,0
17180148900,8,7,1
60129717596,11,10,1
8590360396,9,9,0
137950,70,55,15
419662,13,13,0
31390,12,10,2
105953,8,5,3
50939,159,94,65
25770006536,12,10,2
42950025952,24,20,4
68719680042,9,2,7
42950030009,10,9,1
53151,12,8,4
68719815753,11,7,4
406677,13,9,4
316701,10,10,0
17180124231,12,11,1
17180124230,16,13,3
38197,14,14,0
91834,8,8,0
269941,37,26,11
25769919427,21,16,5
26866,143,67,76
77309785816,8,6,2
353140,17,15,2
51539740007,19,19,0
51539702168,10,9,1
17179997399,18,16,2
8590277607,9,9,0
122210,15,14,1
163287,12,7,5
163290,9,8,1
42949940181,12,11,1
34360159052,22,21,1
111710,42,30,12
8590225896,9,7,2
389616,24,16,8
25769901493,8,8,0
347201,9,7,2
25769901488,11,11,0
25769901496,13,13,0
335665,10,10,0
72840,171,80,91
92487,14,14,0
17180290045,37,25,12
125166,10,8,2
8589965157,19,19,0
42949909467,8,8,0
25770069679,10,10,0
25770069682,9,9,0
292212,23,20,3
79094,42,24,18
60129779173,17,12,5
8590307085,9,9,0
8589984543,52,46,6
17179874534,21,21,0
17179874524,35,26,9
25770016948,17,11,6
34359758420,18,16,2
8589943914,9,8,1
133999,17,17,0
25821,14,12,2
25816,27,18,9
25770088792,8,8,0
17179996290,28,26,2
318341,13,13,0
318345,19,14,5
318351,13,13,0
8590363738,14,14,0
176413,8,8,0
104617,19,18,1
104620,12,12,0
8590369787,10,9,1
25769859096,29,22,7
103079297087,8,8,0
68891,8,8,0
25770085151,9,9,0
401498,8,8,0
25770164601,45,26,19
292101,109,73,36
42949858541,12,11,1
25769998889,12,12,0
410356,8,7,1
17179988003,9,8,1
25770210984,18,18,0
193995,55,40,15
8590204664,14,14,0
34359758417,8,8,0
34359758418,17,14,3
168023,38,22,16
34359755664,16,16,0
19852,25,20,5
77309790417,8,8,0
42949681144,18,17,1
92240,33,23,10
399229,40,23,17
25769963712,25,20,5
350451,22,20,2
17180262887,11,11,0
17180065501,53,40,13
1866,42,36,6
97248,167,20,147
17179949493,10,7,3
17180263740,8,8,0
17180263742,12,10,2
8590208147,84,34,50
8590208677,14,12,2
84916,30,19,11
111669230516,8,7,1
36468,9,9,0
25770017744,11,11,0
338847,8,7,1
8589952272,19,19,0
17180104195,16,16,0
157529,8,8,0
17179931179,15,11,4
238482,14,12,2
8590204199,56,41,15
29737,42,23,19
103079533420,11,11,0
5166,25,19,6
34359754251,9,8,1
46408,15,14,1
94489670070,15,15,0
305758,28,26,2
60129934291,10,9,1
34359783401,15,13,2
42949747091,14,12,2
68719708183,8,8,0
8590362747,19,17,2
8590153637,12,10,2
51539807083,14,13,1
51539807082,8,8,0
17179872738,24,21,3
342460,8,6,2
34359738418,9,9,0
34359738422,10,9,1
183856,13,13,0
239647,14,13,1
51539760824,24,18,6
24555,46,44,2
308854,8,8,0
34313,9,6,3
8590375641,11,8,3
8590375649,14,10,4
403379,16,11,5
25769881486,14,14,0
60567,68,45,23
249695,107,69,38
42950089039,11,11,0
34359994761,14,10,4
8590179410,18,13,5
8590224042,29,20,9
68719682553,8,8,0
49906,86,58,28
8590022523,26,20,6
37283,35,35,0
103079295491,17,13,4
314186,238,172,66
259982,8,8,0
146028999969,8,6,2
8589991831,11,10,1
9487,12,12,0
360253,26,23,3
214651,38,23,15
365860,8,8,0
8590320160,8,8,0
34359903098,10,10,0
25770076358,8,8,0
8590034125,25,21,4
25769817358,11,11,0
8590149344,9,9,0
90654,32,19,13
220356,65,50,15
68719680333,9,8,1
8590057104,15,14,1
25769927248,14,8,6
8590372182,12,11,1
43656,24,24,0
68719884968,8,8,0
42949904148,11,11,0
190370,17,17,0
8590005388,15,13,2
42949930582,15,14,1
17179874791,29,25,4
17180301520,8,8,0
25769888696,8,8,0
96600,73,56,17
87655,53,45,8
77309620646,13,13,0
25770143263,8,8,0
8590317418,10,10,0
8590317416,18,17,1
8590179002,8,8,0
302315,8,8,0
17180256005,14,14,0
17179904952,10,10,0
8590330820,11,11,0
25770142971,9,8,1
25770142976,11,10,1
34359962138,10,8,2
8589937308,95,62,33
17180260148,9,9,0
42949860365,10,10,0
8589958564,23,23,0
17179987848,22,18,4
158482,18,14,4
6885,76,36,40
139808,14,11,3
361257,16,13,3
17180174838,14,13,1
77309494406,9,8,1
8590227680,9,9,0
25770061109,31,24,7
17179878266,12,10,2
8590105485,36,21,15
51539954157,12,11,1
8590052784,41,26,15
85899655021,12,11,1
8590323830,11,11,0
29833,34,31,3
17180016363,15,14,1
51539851207,8,8,0
279382,28,20,8
51539986021,13,9,4
162844,17,16,1
103079354384,10,9,1
42949798260,10,6,4
25770216205,13,12,1
17179871609,13,11,2
42950055481,8,6,2
34359991576,8,8,0
163969,49,29,20
191645,12,10,2
51539887217,10,8,2
42949813139,9,8,1
25769895803,18,13,5
17180077182,38,30,8
8589994117,9,7,2
322187,9,8,1
8589953852,29,28,1
51874,31,30,1
27006,20,13,7
96130,13,5,8
60129859463,12,9,3
8590046140,13,11,2
217236,60,38,22
68719685251,8,8,0
25769996473,8,8,0
335206,13,12,1
34360080798,10,9,1
267809,17,11,6
335202,9,8,1
8590163930,14,11,3
210529,10,8,2
318076,9,9,0
51539795087,8,8,0
17180138648,16,14,2
25770139851,8,8,0
51539855909,9,8,1
8590176757,14,13,1
29926,24,18,6
6243,110,78,32
17180190263,11,11,0
8590299047,9,8,1
8590082144,19,16,3
42949725318,15,15,0
25769809440,22,19,3
392758,8,8,0
8590057881,10,10,0
34359812785,10,10,0
85899408761,9,9,0
17179967543,9,9,0
8589969016,104,79,25
302032,9,9,0
34359828588,17,13,4
97345,9,7,2
83266,14,10,4
302471,31,24,7
34359972599,9,9,0
17180138463,16,14,2
128849166452,10,10,0
98813,16,10,6
8589942390,32,15,17
112607,47,23,24
60129585712,8,7,1
42950103341,10,9,1
287822,9,8,1
287824,9,9,0
25770206098,18,18,0
51539816482,8,8,0
28892,40,35,5
8590345112,10,7,3
25769818955,8,8,0
91938,28,24,4
17180071069,22,21,1
25769981867,37,33,4
68719852321,12,11,1
69403,99,70,29
19047,19,16,3
85899419160,14,12,2
332229,49,44,5
25770001568,18,18,0
60129645074,10,10,0
320340,20,18,2
320347,8,7,1
42950044656,19,19,0
68719821965,12,12,0
25770240210,8,8,0
8590022738,8,8,0
154293,11,10,1
17179869648,10,8,2
120259477226,8,8,0
8590355398,17,17,0
8590230285,9,8,1
8590230294,9,9,0
8590230286,13,12,1
8590230284,8,8,0
8590230295,8,8,0
51539886529,9,9,0
66343,12,12,0
25770239705,11,11,0
25770100896,11,6,5
25769929341,11,10,1
8590177745,14,14,0
8590309781,13,4,9
42949771217,11,11,0
396048,16,16,0
8589955917,8,7,1
222522,11,11,0
42950044136,9,9,0
42950093430,15,14,1
19579,116,15,101
17180093703,19,10,9
102125,16,9,7
8589982645,33,32,1
60857,13,12,1
34359825902,11,9,2
51539814679,9,8,1
8590120759,16,10,6
17179872506,15,14,1
205055,24,13,11
25770247830,8,6,2
68719668971,14,14,0
87830,9,8,1
8589958106,21,21,0
8590196572,12,11,1
105026,8,8,0
17180252579,10,10,0
25769872755,24,8,16
8590351133,34,22,12
60129632512,18,16,2
8590085040,10,8,2
42949722007,14,9,5
8590043981,42,13,29
17180020415,9,9,0
27902,14,13,1
42949891325,13,13,0
25770127534,11,11,0
25770127537,15,15,0
189084,8,8,0
23215,46,31,15
25769950964,8,8,0
17179981793,12,11,1
25770069568,16,16,0
202827,13,11,2
117480,14,11,3
103079510695,9,9,0
391526,31,27,4
358865,17,17,0
8590088814,13,12,1
8590006691,15,14,1
329234,9,9,0
85899465628,9,9,0
28932,77,47,30
94489477199,8,8,0
8590264243,12,12,0
17180298064,10,10,0
42949941055,12,8,4
25769862142,11,10,1
51539752274,8,8,0
51539752265,23,16,7
295682,23,22,1
34359762313,8,8,0
25769931000,31,29,2
77309854538,8,8,0
17180291522,25,9,16
123516,15,12,3
48752,50,25,25
39683,11,9,2
8590347178,12,7,5
39681,22,21,1
34359856326,8,7,1
25769884833,13,5,8
34359861418,8,8,0
8590169825,20,20,0
275177,32,14,18
68719507388,9,7,2
17179940114,9,7,2
42949908792,12,8,4
68719668089,8,6,2
60129580421,10,10,0
8590249063,14,14,0
116082,42,34,8
146149,8,8,0
8590305708,12,10,2
8590071092,42,29,13
238774,18,16,2
8590158485,12,11,1
238776,29,29,0
25770126997,9,9,0
164254,8,8,0
17179977473,8,8,0
8590319838,22,22,0
17180153759,11,10,1
60129635125,12,12,0
51539861740,8,8,0
8590248637,9,8,1
34360092214,9,9,0
25770088804,10,8,2
319889,11,10,1
86577,18,17,1
8590124008,16,14,2
117927,9,7,2
117929,17,13,4
8590294092,15,15,0
17180072042,8,6,2
77309581390,8,8,0
172882,17,16,1
184628,11,10,1
154618868544,9,9,0
8589995990,28,26,2
34359788413,14,13,1
104633,19,18,1
34360158602,9,8,1
25769949175,14,14,0
196612,11,11,0
172552,16,14,2
42489,11,11,0
8590145508,10,10,0
8590285599,23,23,0
309110,20,15,5
50202,9,9,0
34360048141,8,6,2
68719564331,10,10,0
25770033279,16,13,3
8590208238,12,12,0
192454,26,23,3
8590116709,8,8,0
265104,22,16,6
79899,19,16,3
8590128983,11,10,1
423178,12,11,1
8589995700,35,28,7
17179909732,13,12,1
17180090071,12,9,3
8590330208,12,12,0
8590330202,22,22,0
373024,17,13,4
42949690111,18,18,0
25769975156,10,8,2
107166,9,8,1
165325,16,16,0
42949899130,9,9,0
8590303533,16,16,0
34359925581,11,11,0
8589991373,17,17,0
17180234361,9,8,1
8590205068,13,12,1
8590093476,8,8,0
18011,16,14,2
42950051229,15,13,2
98343,12,11,1
18020,14,14,0
153958,17,16,1
20099,11,9,2
51539720140,12,11,1
25770194870,10,10,0
111669338328,11,9,2
42949700428,8,8,0
77309546992,8,7,1
73878,56,42,14
8590179654,8,8,0
8590179651,13,11,2
8590325244,9,9,0
17180115257,18,14,4
8590268657,22,17,5
17180291649,22,21,1
34360066467,8,8,0
8590059667,17,15,2
17179892263,9,9,0
223223,36,32,4
68719792724,9,8,1
926,13,9,4
294991,52,28,24
336603,37,20,17
42949995682,12,5,7
8589935691,8,8,0
8589935690,8,8,0
85899780880,8,8,0
120259087249,9,9,0
42949999101,12,11,1
42949688609,8,6,2
25769953754,15,9,6
17179979118,12,12,0
288131,28,28,0
77309427383,8,8,0
175664,9,9,0
60129886205,10,10,0
179154,13,13,0
84346,12,12,0
25769964181,9,9,0
220638,77,57,20
8590208273,31,21,10
17179948674,17,17,0
88095,29,17,12
17180045558,12,10,2
60129676735,11,10,1
51539750339,9,8,1
107712,24,15,9
42949819506,16,12,4
25770068060,15,13,2
8590108823,8,8,0
34359901744,8,8,0
25769932166,18,16,2
363854,18,17,1
8590189770,16,12,4
17180025034,10,9,1
51539869459,8,6,2
392724,28,21,7
42949787780,9,3,6
34359943643,12,9,3
5102,32,19,13
34359921736,12,12,0
51539796559,10,10,0
66270,57,23,34
4225,11,8,3
8589953945,10,10,0
8590002048,9,9,0
8590002049,8,8,0
76542,10,9,1
8590378014,14,11,3
34359873692,8,7,1
17180061142,9,9,0
218855,33,27,6
42949806184,12,12,0
8590234339,33,21,12
8590182876,16,14,2
285966,8,8,0
34360138393,12,11,1
17180167775,25,23,2
225182,20,19,1
25769818370,8,8,0
55919,9,8,1
55914,12,11,1
55921,9,8,1
17180034975,10,10,0
8590280640,13,13,0
17180112566,11,10,1
8590346663,26,18,8
405631,8,7,1
8590283695,21,14,7
129499,9,8,1
405626,22,12,10
60129754822,9,9,0
60129906378,16,4,12
234231,27,24,3
25769911223,24,23,1
409930,8,7,1
42949713459,8,6,2
103079290180,11,11,0
163648,58,34,24
42949948440,9,7,2
68719490382,13,9,4
381575,15,8,7
381569,10,7,3
381573,13,9,4
9528,53,50,3
68719777462,10,10,0
8590084613,9,7,2
8590084615,9,7,2
8590090643,56,47,9
98253,32,6,26
8589955130,29,24,5
8590028072,26,25,1
17180107489,8,7,1
331028,15,9,6
17180107486,11,10,1
85899717029,10,9,1
24523,270,27,243
105230,24,17,7
343924,9,9,0
343920,9,9,0
250773,8,7,1
34359779398,8,8,0
68719650068,13,11,2
208499,9,9,0
8590091418,9,9,0
17179900133,13,12,1
42949932997,12,11,1
34359843547,14,13,1
149510,8,8,0
149501,28,24,4
34360041741,10,10,0
8589995843,14,13,1
94489503846,9,9,0
17180177611,10,9,1
34360095241,10,10,0
25770076650,8,8,0
25770171331,12,12,0
8590121733,10,10,0
124502,15,11,4
8589949780,16,14,2
60129679166,10,7,3
17180014944,10,10,0
25769979974,11,11,0
728,20,11,9
85442,103,77,26
278908,21,17,4
42950016763,9,9,0
383987,19,19,0
34359838858,9,9,0
8590090215,8,7,1
60129572341,11,11,0
8589941175,12,11,1
8589941179,16,13,3
60129625675,14,14,0
8590120677,12,10,2
8590159666,22,16,6
262470,12,12,0
17180278732,9,9,0
274805,9,7,2
25769960776,16,15,1
42949690928,8,8,0
8590140471,10,10,0
68719723322,10,8,2
51539808902,9,7,2
51539907436,10,9,1
51539907430,9,9,0
366110,32,20,12
240283,44,24,20
8590272879,29,19,10
68719641522,9,9,0
17180097489,13,13,0
8590234079,24,24,0
8590295789,36,13,23
25769842858,20,15,5
42950052651,23,22,1
8590265789,14,14,0
17180125978,8,7,1
8590355094,8,7,1
8590355101,8,7,1
48749,56,20,36
8590011238,19,17,2
265864,54,47,7
17180106868,8,7,1
25770054927,9,9,0
25770105801,9,9,0
16125,10,10,0
34360056361,10,4,6
94036,44,17,27
25770056543,16,16,0
34359755791,23,16,7
246106,15,13,2
144743,35,24,11
60129590173,10,10,0
173510,9,8,1
17180249222,9,9,0
25769851881,28,20,8
34359929146,17,15,2
108405,41,29,12
8590175751,30,27,3
17180016276,12,12,0
25770141540,12,10,2
333398,8,7,1
154003,75,42,33
17180222298,28,20,8
20533,13,11,2
60129557773,11,10,1
60129826535,12,12,0
120259129839,11,11,0
34359825418,8,8,0
17180048128,16,16,0
176758,10,9,1
34359754847,12,11,1
266736,11,10,1
8590276698,8,8,0
86563,17,16,1
86564,29,28,1
42949805984,9,9,0
51540043983,18,16,2
17180221408,8,8,0
167322,10,8,2
42949833116,10,10,0
8590287884,28,16,12
8590287880,21,20,1
8590287874,12,10,2
400199,30,25,5
44962,15,15,0
347446,87,72,15
8590311086,22,22,0
77309480517,10,8,2
94489496758,8,8,0
60129591657,10,10,0
120259267291,8,6,2
200772,10,9,1
237497,91,60,31
201965,8,8,0
17180245674,11,10,1
34360141988,8,4,4
34359945678,9,9,0
42949711921,9,9,0
17180190896,8,8,0
291274,19,17,2
32282,53,40,13
160005,95,54,41
17180091596,10,9,1
33926,32,24,8
8590003407,10,9,1
222247,10,5,5
8590114191,21,17,4
120259469325,8,6,2
34359910013,8,8,0
34360128111,9,8,1
17179981737,8,6,2
17179981736,14,13,1
8590379537,8,8,0
25769973518,21,19,2
25769973521,13,11,2
8590357316,10,9,1
5391,137,40,97
25769861974,11,11,0
64296,21,19,2
64306,18,17,1
34359768178,10,10,0
17180047602,9,8,1
17180047597,12,11,1
8589956042,21,14,7
8590339397,12,11,1
97460,11,11,0
97452,17,17,0
97458,8,8,0
17180003320,22,19,3
17180112269,17,16,1
85899748708,9,9,0
294415,17,15,2
8590017746,8,8,0
253190,37,33,4
8589941091,25,2,23
17179983630,8,8,0
21651,29,23,6
25769876126,8,5,3
8590354471,12,11,1
8590007831,25,22,3
34359986945,17,14,3
34359986951,20,13,7
42950050950,14,11,3
25769894090,8,3,5
343313,16,12,4
68719888169,8,6,2
42949765758,9,7,2
25769969853,13,13,0
17179879423,72,24,48
17180074866,24,21,3
17180270201,11,8,3
34359785385,8,7,1
68719529978,9,9,0
17180115058,37,29,8
8590297928,11,9,2
286404,10,7,3
25769935522,11,10,1
338129,130,87,43
80560,9,8,1
25769858496,10,10,0
103079471195,8,7,1
112769,40,27,13
34359928074,9,7,2
34360022839,9,8,1
34360009652,8,8,0
51540023806,11,11,0
8590006665,13,12,1
31643,256,137,119
34359921589,21,17,4
34360155438,9,9,0
85899641795,9,7,2
8589995081,16,16,0
77309542520,9,9,0
25770142575,23,22,1
264197,14,13,1
34360092391,14,13,1
34359906050,21,21,0
34359861358,8,8,0
8590292599,19,13,6
160311,75,53,22
85899363695,9,9,0
51539979965,14,13,1
54236,56,50,6
232700,14,12,2
17186,68,47,21
359683,45,30,15
17179983476,14,7,7
8590190378,10,6,4
213046,10,6,4
213043,8,5,3
208269,18,18,0
17180149199,17,16,1
8589963676,21,20,1
34360055434,9,2,7
25769966195,23,16,7
324207,51,46,5
8590185566,26,15,11
34359809233,9,9,0
335569,17,15,2
17180252525,16,8,8
275828,13,13,0
275829,22,19,3
8590331511,11,10,1
120259465251,9,8,1
8590130056,8,8,0
170416,8,8,0
25770181088,9,8,1
51539966340,9,9,0
25770167838,34,19,15
417544,22,12,10
250486,29,24,5
8589999212,9,7,2
111669174980,11,10,1
154618930107,8,7,1
17180116255,29,21,8
17180229779,9,9,0
49238,36,17,19
158868,10,9,1
8590311387,61,49,12
54684,23,18,5
381719,22,18,4
8590366005,13,11,2
103079216056,8,8,0
17180187881,20,16,4
131367,34,27,7
8590031681,12,12,0
17180127938,8,8,0
8590138545,12,10,2
8590138553,8,8,0
8590186961,12,11,1
229417,14,13,1
68719759716,17,13,4
143341,9,8,1
143339,29,25,4
175037,18,17,1
25770180028,15,14,1
8590230577,16,16,0
8590213823,10,9,1
42950002807,11,8,3
42950002806,11,8,3
42950002800,8,6,2
34359776783,12,9,3
77309768764,10,8,2
8589996425,14,7,7
77309622880,10,7,3
34360121700,8,8,0
42949923246,11,10,1
385126,15,14,1
8590168441,18,15,3
359297,57,43,14
111669429149,10,10,0
15320,65,32,33
8590023171,27,23,4
94489618448,8,6,2
17179913716,16,10,6
25770087129,8,6,2
17180241348,21,20,1
41355,10,10,0
254990,45,28,17
25770179463,22,18,4
8590380262,11,11,0
417515,13,12,1
17180226289,8,2,6
49767,9,9,0
781,25,17,8
790,13,12,1
17180289168,11,10,1
25769886399,9,8,1
103079304569,9,7,2
111669459899,10,9,1
25769958137,24,19,5
8590369001,77,45,32
111669459904,8,8,0
17179876611,8,8,0
25769901355,37,32,5
50828,20,11,9
25770177041,9,7,2
8590005967,40,20,20
17180265293,38,20,18
34360082739,9,9,0
8590254067,11,9,2
8590149128,15,7,8
8590265737,9,7,2
102959,10,10,0
255541,9,9,0
51540015737,9,7,2
8589974396,31,29,2
60129707228,11,11,0
60129707219,9,9,0
229197,22,15,7
8590005210,9,8,1
34359883732,9,8,1
51539609861,9,8,1
34359831232,11,4,7
103079269790,8,8,0
25770184234,19,15,4
8590051187,18,17,1
25769875696,41,14,27
8590118809,27,26,1
8590269176,25,16,9
17180014975,16,16,0
17180151979,24,24,0
8590006016,38,35,3
25769806020,22,15,7
34359846415,14,12,2
8590334334,21,21,0
34359862254,23,18,5
309927,8,7,1
390480,78,47,31
25769915696,18,17,1
25769888662,10,10,0
67075,25,20,5
42949921064,24,22,2
310160,20,20,0
17180266650,25,13,12
310140,8,8,0
130128,37,35,2
25770069875,10,9,1
60129674103,8,8,0
328978,16,13,3
8590005544,52,38,14
25769900602,9,9,0
34359738727,20,14,6
8590087172,31,21,10
25769879953,16,16,0
8590330445,9,8,1
77309758300,8,7,1
60129631859,8,5,3
25769864435,11,11,0
42949952814,14,14,0
60129850320,9,9,0
34360140876,13,13,0
34360066111,9,9,0
8589974972,30,22,8
217665,21,18,3
17180073285,9,8,1
395832,8,8,0
17180239134,9,8,1
300165,30,23,7
60129874415,8,8,0
17180303927,11,9,2
8589980539,11,9,2
137439248457,8,6,2
408632,12,12,0
406986,8,7,1
209116,17,15,2
8590375089,8,8,0
8590375091,8,8,0
8590138870,13,12,1
381230,26,20,6
8590039873,11,11,0
78139,18,10,8
8590037557,13,12,1
17180295726,9,7,2
8590319472,8,8,0
34359983340,14,11,3
34359983345,14,11,3
152087,23,21,2
297187,20,20,0
172597,129,67,62
25770020106,8,8,0
25770020113,8,8,0
36370,31,25,6
55374,12,12,0
68719616677,10,8,2
369116,26,26,0
68719620009,8,4,4
8590321248,8,8,0
111669507227,8,8,0
177014,15,14,1
17180106352,15,15,0
60129895012,12,11,1
60129910540,10,9,1
8590281428,29,20,9
85899645158,13,9,4
105359,43,36,7
51539922477,9,9,0
51539922474,10,10,0
42949881069,9,9,0
60129711544,8,8,0
256792,21,19,2
8590358400,46,37,9
42949778794,12,12,0
51539773946,10,7,3
8590268604,21,14,7
34359946982,15,11,4
34359946987,10,9,1
60129568109,9,8,1
380549,8,6,2
42949685999,10,10,0
209765,102,58,44
17179924603,19,16,3
42949899036,8,8,0
42949899033,8,8,0
8590153870,34,27,7
8589955674,26,20,6
180571,48,37,11
393319,29,20,9
34951,44,41,3
60129953735,14,12,2
68719864265,13,11,2
241370,20,14,6
17180256514,9,6,3
51540007623,24,17,7
17180256515,9,8,1
403995,31,26,5
8589958002,15,13,2
8590303557,13,13,0
94489557198,9,5,4
34359923486,27,24,3
8589947979,17,17,0
34360008557,8,8,0
21771,18,17,1
25770233593,8,8,0
8590335642,16,14,2
375271,9,7,2
87802,27,17,10
293309,25,23,2
8590317340,10,10,0
42949825431,9,8,1
285041,8,7,1
17180241668,30,23,7
17180242938,14,14,0
17180011082,11,11,0
346016,11,11,0
346021,8,8,0
17180206554,10,10,0
315845,13,12,1
8589993054,36,22,14
8590123022,58,32,26
25769921755,13,13,0
8590287060,10,10,0
68719844868,10,9,1
17180097186,10,7,3
8590074915,15,14,1
8590226191,14,12,2
42949868405,10,10,0
17180191323,15,12,3
17180068625,9,9,0
98778,26,22,4
329216,8,8,0
17180206788,9,5,4
17180206792,8,5,3
34359775590,10,10,0
17180139085,14,2,12
195191,19,19,0
8590090250,25,15,10
8589964750,40,21,19
103079295614,8,8,0
103079295619,10,9,1
120259090108,8,8,0
8589949501,36,33,3
315072,18,17,1
17180034332,8,8,0
42950084187,14,13,1
8590111484,40,28,12
80605,33,31,2
34359754054,10,10,0
51539623351,8,7,1
299407,10,9,1
8589973929,16,15,1
42949729688,10,8,2
103048,12,10,2
51539793511,8,7,1
25770044897,16,16,0
152373,32,31,1
17180181730,10,10,0
123053,50,41,9
54621,20,20,0
24920,24,19,5
128849382222,9,9,0
34359927785,8,5,3
8590314701,9,9,0
42949838635,8,8,0
8590215397,14,10,4
291016,13,13,0
128849277794,8,7,1
17180056350,35,21,14
42949759088,8,8,0
42949847824,37,26,11
17179904192,9,7,2
17179904182,24,20,4
22100,36,26,10
8590045112,8,8,0
113314,34,31,3
34359905404,12,12,0
271499,33,28,5
169989,80,52,28
236775,49,35,14
21803,25,24,1
8590202418,12,12,0
8590205468,9,8,1
8590026871,22,17,5
218012,12,11,1
103079219687,8,8,0
17179869627,9,8,1
336398,10,6,4
8590114912,11,11,0
341929,45,36,9
341926,54,44,10
8590124074,14,14,0
42950073455,12,10,2
51539678366,11,11,0
331890,16,4,12
17179951932,10,9,1
340798,19,18,1
8589938438,21,21,0
68719570753,9,9,0
42949788859,8,8,0
60129886984,14,13,1
316502,17,16,1
163208860166,9,7,2
51539650025,12,12,0
17180231259,9,7,2
222612,42,32,10
25770039145,8,6,2
22965,34,19,15
218990,19,19,0
354684,12,12,0
77309461303,9,9,0
41893,8,8,0
271105,8,7,1
190030,18,9,9
274789,11,9,2
8590333791,28,15,13
25770069067,8,6,2
77890,175,83,92
94489320937,9,7,2
8590348646,30,25,5
8590083839,18,17,1
17180108006,17,12,5
341075,15,15,0
3112,9,9,0
25769849725,11,9,2
17180204070,11,8,3
25770092108,9,8,1
8590195322,16,13,3
25770059448,8,7,1
127020,34,21,13
17180309110,10,9,1
366665,11,11,0
8590038180,30,23,7
8590370207,8,8,0
25864,39,28,11
42949863448,8,7,1
34360094916,9,8,1
176083,28,26,2
194752,36,33,3
11944,242,135,107
42950010112,8,8,0
42950010116,11,11,0
8590362913,15,9,6
68719493074,9,9,0
8589960483,21,21,0
77309514219,15,12,3
90955,8,4,4
375609,29,8,21
77309430438,10,10,0
17180224984,9,9,0
91138,121,66,55
186826,160,76,84
8590159083,11,11,0
17180038509,10,10,0
97982,81,69,12
8590229455,15,15,0
8590025524,46,30,16
17180159375,9,9,0
83349,31,26,5
51539625069,11,10,1
8590294930,10,9,1
25770021879,13,13,0
8590102043,16,15,1
17180252192,33,25,8
34359980460,9,9,0
60129764026,11,11,0
42949822019,8,8,0
230313,28,4,24
8590222215,19,19,0
42949878306,18,17,1
34360059878,10,10,0
43556,12,12,0
43561,14,14,0
43562,14,14,0
43563,12,12,0
8590221615,9,8,1
17179889771,17,14,3
8590151681,16,12,4
52473,46,30,16
42949992420,8,5,3
34360125012,8,8,0
34360099012,11,11,0
60129583481,9,9,0
6610,12,10,2
8590014475,11,11,0
36594,23,20,3
120259166640,9,9,0
112705,21,20,1
103079387118,10,9,1
255,63,43,20
105878,13,13,0
85899395697,9,8,1
386780,33,29,4
8590236453,14,14,0
55321,18,15,3
62653,71,54,17
116401,22,22,0
8590308555,8,7,1
8590119115,8,8,0
8590064319,11,11,0
259222,33,31,2
279766,13,12,1
29911,19,7,12
3410,10,8,2
308802,141,141,0
60129934998,8,8,0
77309804778,9,9,0
8589953314,29,24,5
12215,8,8,0
12204,8,8,0
8590109312,8,7,1
34360121442,8,6,2
206708,10,7,3
8590134690,13,11,2
149900,8,6,2
8590047534,9,7,2
158477,15,11,4
60333,9,7,2
40847,14,8,6
17180107088,40,24,16
8590255056,17,9,8
25770007934,14,12,2
11416,92,59,33
73749,304,153,151
8589966330,23,23,0
80080,62,47,15
25770150991,15,15,0
8590005781,60,54,6
17179911099,27,26,1
25770226253,20,13,7
17180239321,29,18,11
34360045238,13,10,3
34359761704,22,13,9
34360099768,9,9,0
8590285009,12,12,0
8589975921,10,8,2
313156,80,53,27
8590245591,23,21,2
414113,39,33,6
25770064262,15,2,13
366903,15,15,0
25770118789,13,11,2
17180078078,12,12,0
62199,8,8,0
43001,58,52,6
34360059316,15,13,2
8589938237,8,8,0
8590037537,38,23,15
17179946101,22,19,3
25770098211,16,15,1
77309600857,15,11,4
17180138606,47,21,26
8590083051,8,6,2
25769938807,8,7,1
17180151253,19,19,0
282407,8,8,0
25769975647,30,24,6
8590032161,25,19,6
8590239533,21,14,7
8590239528,17,10,7
8589940048,18,12,6
8590239529,33,16,17
34360016441,12,7,5
34359753906,8,8,0
42950081059,12,11,1
59190,8,8,0
8590019093,25,15,10
8590255034,15,14,1
34360054456,26,20,6
22366,41,32,9
17180223542,10,7,3
17180294877,10,10,0
8590378579,10,8,2
8590134687,8,6,2
8590084991,8,7,1
8590085001,19,15,4
8590129339,29,14,15
8590313420,12,6,6
17180207447,10,10,0
25770065957,20,15,5
144055,323,149,174
111669174972,10,10,0
8590197340,14,13,1
25444,139,33,106
60129571229,11,11,0
17179931996,29,25,4
273111,11,11,0
221175,37,33,4
59596,15,15,0
8590144131,18,11,7
8590144135,26,22,4
8590212773,10,10,0
331671,43,38,5
17179871750,14,14,0
17179896788,11,10,1
8589983221,9,9,0
8589983212,11,11,0
8589983220,8,8,0
8589983216,8,8,0
77309853667,8,7,1
17180248037,8,8,0
17180214777,9,9,0
94914,8,8,0
365812,18,16,2
17179900820,36,32,4
184855,8,8,0
25770186874,20,19,1
25770039803,9,9,0
34359752671,30,27,3
77309560020,13,11,2
47355,10,9,1
42949921286,21,17,4
248956,49,41,8
8590181644,8,8,0
25770207210,13,12,1
25770207209,15,11,4
8590289093,51,18,33
17180207143,11,10,1
17180270352,10,10,0
17180063868,16,13,3
8590015817,13,12,1
17180146837,8,7,1
190013,14,13,1
17180019673,9,7,2
141646,10,10,0
227425,17,17,0
136998,8,8,0
25769876979,11,11,0
25769913186,11,10,1
226297,14,12,2
17179877878,24,21,3
8590001858,15,3,12
227106,8,8,0
8590078791,14,14,0
266068,13,9,4
17179913288,9,9,0
17179913285,12,11,1
8590160241,13,10,3
17179896225,19,15,4
189859,13,13,0
8589990661,8,8,0
8590071398,13,13,0
329994,131,86,45
60129976260,18,16,2
51539715971,9,7,2
25770065895,25,17,8
51540046195,10,8,2
157687,45,27,18
34359999569,9,8,1
57074,199,77,122
158607,14,13,1
8590274205,9,9,0
357357,14,13,1
17180166303,17,12,5
17180007726,8,6,2
60129756000,9,9,0
68719593548,9,9,0
51540018299,15,15,0
60129854011,17,15,2
8590267091,12,12,0
17179967421,16,15,1
8590103919,10,10,0
25769967007,11,9,2
25769967008,8,6,2
383920,9,7,2
51539718564,9,7,2
152132,16,14,2
51539620264,8,8,0
200090,27,17,10
60129874417,8,8,0
8589970859,13,13,0
17180118207,10,9,1
51539911921,10,7,3
44014,29,24,5
8590331742,23,17,6
402295,17,16,1
8590231652,9,8,1
8590129324,9,6,3
77309529406,8,8,0
86122,14,12,2
8589958583,29,19,10
232044,98,80,18
20698,18,15,3
8590150204,11,10,1
188429,11,11,0
8589960102,39,33,6
8590216612,26,25,1
17180109059,12,12,0
17180022348,13,12,1
8590360290,26,21,5
8590027996,12,11,1
25769978061,11,6,5
190965,11,11,0
8590151649,8,8,0
38031,13,13,0
68719635090,9,6,3
39339,15,11,4
8590260563,9,6,3
8590256740,14,14,0
8589988703,10,10,0
34360099681,8,8,0
8590256745,9,9,0
8589981596,17,12,5
25769825388,16,16,0
154679,17,17,0
8590239457,17,17,0
8590017276,76,51,25
8590226248,9,9,0
275767,9,9,0
68719514712,9,9,0
42949708209,9,8,1
25769940313,9,9,0
275721,35,27,8
34359862616,11,11,0
43940,10,10,0
111669348076,9,9,0
42949725066,21,17,4
8590075771,10,10,0
378225,12,9,3
28842,44,37,7
51539699245,14,13,1
51540045692,9,9,0
42950001723,8,8,0
25770130900,10,9,1
17180049707,9,8,1
17180149027,15,14,1
17180149030,16,10,6
140506,65,32,33
42949704946,11,10,1
77309807274,11,11,0
8589977304,48,37,11
51539630853,9,9,0
21256,11,11,0
17179993753,12,9,3
60129872181,16,15,1
8590272739,10,10,0
135061,11,11,0
17180002734,25,12,13
39122,20,11,9
85899735168,10,9,1
8590191379,11,11,0
17180036073,25,19,6
25770028214,8,8,0
8590155921,14,14,0
396009,14,14,0
68719536888,12,8,4
358434,9,6,3
399058,14,12,2
99229,9,8,1
177939,16,16,0
8590172014,27,22,5
151992,37,37,0
142381,10,10,0
42949788074,8,7,1
25770223410,8,8,0
44796,16,16,0
409322,10,8,2
370671,51,37,14
17179950421,10,8,2
25769993844,27,19,8
8590083249,16,9,7
8590055213,30,26,4
60129568103,9,9,0
68719551598,11,10,1
8590217668,8,7,1
42949727809,11,11,0
17180019861,9,8,1
42949948674,8,8,0
8590073941,19,18,1
85899705087,8,8,0
85899705083,8,8,0
81970,18,14,4
146028952058,9,8,1
8590153898,13,13,0
25770012956,12,12,0
8590271172,8,8,0
51539738794,19,14,5
124194,17,16,1
17180030285,8,8,0
42949863551,8,8,0
17180014371,9,8,1
25769938529,8,8,0
25769813950,8,8,0
378831,8,8,0
17179991480,35,20,15
363939,71,49,22
17179951778,8,8,0
17179915677,11,10,1
17180158472,25,22,3
34360015601,11,10,1
279703,10,9,1
393507,8,8,0
8590278385,16,16,0
17180303498,11,11,0
8590110611,8,6,2
35460,8,6,2
17180043996,11,11,0
60129571962,12,11,1
106966,25,22,3
51664,24,17,7
300570,60,27,33
75988,23,19,4
56790,43,28,15
327071,26,24,2
327073,25,22,3
60129796279,18,14,4
17180071565,60,30,30
8589945355,10,9,1
8589953306,52,35,17
8590117133,12,10,2
46553,26,20,6
172633,12,10,2
94489370616,10,6,4
386316,17,16,1
27616,14,8,6
123550,27,23,4
17180153389,15,10,5
79214,11,8,3
60129825374,14,12,2
17180263236,11,10,1
60129580029,9,8,1
60129664705,9,7,2
8589973576,16,15,1
68368,193,102,91
42949936844,9,8,1
8589936006,25,2,23
8590113618,19,11,8
17180199468,8,6,2
154019,48,40,8
8590034956,8,8,0
60129726175,8,7,1
8590056280,31,28,3
42950005946,14,13,1
17180233947,8,7,1
17180152214,9,9,0
8589991635,11,11,0
8589969989,39,27,12
8590201721,21,20,1
221006,21,20,1
25770150195,23,21,2
17180019664,16,13,3
268360,10,9,1
353635,41,20,21
8590223825,9,8,1
42256,10,10,0
43171,24,24,0
8589961586,51,48,3
99632,8,6,2
8590012381,14,14,0
390160,9,9,0
34359796590,8,2,6
8590158651,12,11,1
25769875997,9,9,0
60129638566,9,9,0
101530,8,8,0
13303,38,28,10
60129721868,13,13,0
42950037823,18,16,2
16646,31,18,13
8590358468,8,8,0
25769874362,23,22,1
246693,111,96,15
17180267302,8,8,0
117381,37,29,8
8590304403,11,7,4
404595,10,10,0
8589971509,8,8,0
42950050444,10,10,0
8589971508,11,11,0
49469,12,11,1
137798,13,12,1
17179973992,10,8,2
8590092117,11,10,1
17180072170,9,6,3
8590003271,9,9,0
78724,21,17,4
94489712540,9,8,1
285136,15,13,2
51539836808,9,9,0
25769844950,57,35,22
25769996631,8,8,0
156021,24,21,3
25769996621,14,14,0
414059,23,23,0
51539708102,9,6,3
385349,25,22,3
363353,10,9,1
42950089104,9,9,0
34359873551,9,8,1
60129746779,9,8,1
260826,8,8,0
8590265221,18,18,0
8590074499,8,7,1
8590265224,25,22,3
17180205871,16,13,3
17994,36,20,16
73324,23,19,4
25770242016,11,11,0
67236,59,29,30
8590208911,22,19,3
17180024209,17,16,1
7439,23,17,6
8590055646,30,25,5
8590341325,8,7,1
158048,20,15,5
8590053365,16,15,1
8590053364,9,6,3
25769825008,8,8,0
60129734784,10,9,1
15562,9,7,2
8590375971,10,8,2
104800,24,22,2
199985,11,9,2
8590312098,8,8,0
405065,45,36,9
330552,9,9,0
60129723281,10,9,1
17180270034,8,8,0
8590357956,9,9,0
111669553924,9,9,0
8590217139,33,27,6
65402,11,11,0
42949865104,11,9,2
8590324066,33,29,4
68719819029,11,9,2
8590135825,14,14,0
82950,8,8,0
8590233812,13,13,0
34359779049,11,11,0
94489298356,8,8,0
8590286445,9,8,1
8589959066,8,7,1
25770232020,13,6,7
92142,10,10,0
8590233043,8,6,2
8590233037,14,14,0
8590001905,26,20,6
8590233044,8,6,2
8590233046,13,13,0
223421,24,22,2
8590198234,9,9,0
105880,114,49,65
25833,54,25,29
267974,69,51,18
356551,13,10,3
25770047178,19,15,4
34359835567,8,8,0
307937,19,17,2
17180197564,15,10,5
70438,13,13,0
8590283172,9,9,0
25770087474,8,8,0
25769847073,8,8,0
419593,9,9,0
17179916568,8,4,4
8590065853,14,12,2
17180215677,8,8,0
46287,19,15,4
17179945182,10,10,0
17180023626,8,8,0
8590288987,42,29,13
17179931646,8,7,1
67036,27,17,10
232754,88,40,48
34359814048,9,8,1
85899563221,11,11,0
94489474834,12,9,3
142006,142,70,72
63380,29,28,1
17180051716,21,20,1
17180228474,14,13,1
17180033534,16,3,13
8589941148,8,5,3
17180240099,12,6,6
77309521482,8,8,0
337728,23,19,4
8590081213,16,13,3
8590059792,19,14,5
17179881764,8,7,1
34359915860,24,20,4
60129979246,8,8,0
68719878967,11,11,0
327894,37,26,11
8590344071,12,12,0
8589995009,19,17,2
34359845698,14,13,1
279286,53,39,14
17179980183,25,22,3
25770216864,17,9,8
25770216873,8,5,3
77309561455,10,9,1
77309561454,13,11,2
52715,8,6,2
52720,8,7,1
42930,120,68,52
8589982709,15,14,1
8590289229,16,12,4
34359838746,22,21,1
42949812207,17,17,0
8590282619,40,35,5
228034,12,12,0
8590128229,19,18,1
34359899949,19,16,3
25769916805,13,12,1
68719850640,35,35,0
103079237591,15,15,0
304064,36,36,0
34359924263,15,13,2
297651,34,28,6
8590120715,16,13,3
16938,13,3,10
111669270022,9,9,0
25769884917,8,8,0
17180184524,18,14,4
188656,13,2,11
222094,12,4,8
164205,31,26,5
358657,11,11,0
25769839186,20,15,5
42950003298,13,12,1
51539687709,10,10,0
34360146192,10,10,0
34360051682,9,8,1
25769982963,9,9,0
25769982967,9,9,0
17180014039,12,12,0
17180131456,13,7,6
278882,12,10,2
8589952313,12,10,2
115785,28,14,14
17180187135,12,10,2
42949804801,11,9,2
187280,52,44,8
366150,45,34,11
17180208446,15,15,0
97033,16,12,4
25770078182,25,21,4
107486,75,49,26
8589968057,23,23,0
17180131293,25,17,8
205114,26,19,7
68719759873,10,10,0
25769897899,11,11,0
17180069720,17,10,7
42949693341,9,9,0
8590000616,31,8,23
124786,22,22,0
17179885550,17,17,0
8589999669,9,9,0
8589999671,13,13,0
8589999672,10,10,0
193955,9,9,0
316180,33,29,4
17180110655,22,16,6
17180289743,13,12,1
8590350236,16,11,5
8590350241,9,9,0
284271,21,18,3
25770051238,8,8,0
17180210396,8,8,0
17180086427,10,9,1
42949759829,11,10,1
8590078470,13,13,0
8590301155,46,30,16
17180283722,8,8,0
8590271441,17,13,4
17180002517,9,7,2
8589939932,13,6,7
17179896711,31,12,19
375476,17,4,13
17180188131,12,11,1
60129803133,8,8,0
17180128661,13,13,0
17180307318,24,20,4
60129617607,14,14,0
171799099338,8,8,0
68719501657,8,8,0
42950017843,19,12,7
397781,68,59,9
8590305202,24,24,0
37038,58,50,8
94857,20,15,5
8590057250,20,17,3
301656,10,10,0
6670,23,21,2
25770092934,8,7,1
42950038088,13,11,2
351617,9,9,0
160446,12,12,0
8589964907,15,14,1
25769826817,11,10,1
17179869469,8,7,1
25770028327,18,16,2
25770028331,10,9,1
77309550942,10,9,1
8589997666,9,8,1
68719638307,9,9,0
68719638313,8,8,0
68719487954,16,14,2
80470,20,18,2
8590007914,12,10,2
263327,12,9,3
60129683173,10,10,0
17180074325,19,17,2
8590290536,8,8,0
351893,8,8,0
51539886848,8,8,0
17179996829,18,14,4
51539750596,8,8,0
109010,126,107,19
25770001618,9,9,0
146029234414,8,4,4
34360102835,9,9,0
34360102837,8,8,0
25769951890,9,9,0
175105,36,29,7
350296,86,59,27
17179889261,13,11,2
51539717182,13,10,3
8590363395,22,16,6
139570,42,18,24
8590117618,10,8,2
8590117614,16,12,4
142801,115,18,97
87060,9,9,0
146029034697,8,8,0
8589936391,8,8,0
8589977171,44,39,5
34359808091,9,9,0
17180252886,8,8,0
34359820312,11,11,0
10928,17,17,0
17180152782,15,14,1
25769885800,20,20,0
42949712529,11,11,0
17180126114,8,8,0
8590287267,11,11,0
321691,46,34,12
51540018897,11,11,0
25769953748,14,11,3
17180024862,21,17,4
8590263148,9,9,0
8590148881,30,27,3
34359748771,11,11,0
8590078247,22,16,6
60129684443,11,9,2
17180261633,14,13,1
25769913014,10,9,1
17179938432,8,7,1
25769913013,9,8,1
8590257993,10,9,1
34359929305,9,9,0
247033,31,25,6
42950103159,12,11,1
25770200281,30,25,5
230626,8,8,0
186407,27,24,3
34359808280,11,9,2
8590291411,12,7,5
94622,9,5,4
17179998965,12,12,0
237586,20,16,4
198337,8,6,2
103079580197,10,7,3
17180103835,13,13,0
17179956281,63,54,9
25770169665,11,11,0
137439208973,9,8,1
34359862975,8,8,0
60129570631,15,14,1
60129570635,9,8,1
42949710563,12,11,1
265812,17,9,8
8590183314,21,20,1
312877,56,35,21
34359760915,14,13,1
34360022054,9,9,0
42949922564,8,6,2
8590252863,9,7,2
34360091724,29,29,0
60129622690,10,9,1
40591,39,35,4
42950094694,10,10,0
238569,22,3,19
17180102427,24,23,1
17180029433,14,14,0
17180304922,18,16,2
35553,43,25,18
272489,18,14,4
25769820569,11,6,5
8590026198,9,9,0
131475,8,8,0
70611,32,28,4
25770008177,10,7,3
17179917211,17,16,1
351431,11,11,0
42949997233,10,9,1
77309423073,9,9,0
34359884467,11,11,0
85899749288,10,9,1
34359884462,40,14,26
370757,20,12,8
376502,12,10,2
8589997837,17,15,2
17180238908,17,8,9
236203,65,31,34
128849443165,9,9,0
8590167537,18,15,3
8590248438,10,8,2
34359821177,16,15,1
416544,28,21,7
416538,17,16,1
34359821181,13,12,1
414838,13,11,2
245562,11,10,1
8590109878,38,24,14
169598,18,16,2
25769991636,21,14,7
205082,11,6,5
17179972323,35,24,11
360352,9,5,4
34360096741,8,3,5
111669326529,8,8,0
8589935581,17,15,2
34360149973,16,16,0
221999,10,10,0
17180013979,24,22,2
368410,17,16,1
51539900276,11,11,0
17180131337,11,11,0
389107,8,8,0
25770065736,9,9,0
394444,17,14,3
77309800877,17,15,2
51539912862,9,9,0
51539898071,8,7,1
25769887488,15,9,6
17179982857,8,6,2
17179982856,13,8,5
77309836550,10,9,1
8589953273,24,18,6
42950053045,11,11,0
17179869530,46,38,8
55466,12,10,2
17180134023,11,10,1
94489322117,10,10,0
68719690891,9,9,0
234819,15,15,0
85899781080,18,17,1
349569,12,12,0
300072,14,13,1
25769966855,16,13,3
406175,8,8,0
8590003715,13,10,3
70638,10,8,2
8590222153,46,35,11
231004,15,12,3
111669150315,9,9,0
25770020894,8,8,0
58866,22,21,1
25770160351,21,17,4
8590134817,113,27,86
8590311280,44,7,37
17179873584,13,9,4
178029,16,13,3
42949680928,13,11,2
8590363445,10,5,5
8590363439,10,6,4
8590363433,10,5,5
30679,75,10,65
17180069709,14,13,1
17179948724,9,9,0
8590301152,11,11,0
25770137539,14,12,2
25770137540,10,9,1
51539749884,9,9,0
77309465644,14,14,0
8590094986,48,32,16
338532,19,10,9
8590238993,13,12,1
77309799774,8,8,0
8590238991,8,8,0
8590118827,29,28,1
34359764871,12,11,1
8590089709,20,16,4
8590221876,8,8,0
42950013236,9,7,2
111669452074,11,11,0
25769842029,17,14,3
136674,13,12,1
171911,16,12,4
171915,11,9,2
8590378368,18,17,1
25770190003,34,32,2
232673,76,54,22
197554,29,26,3
160781,121,93,28
26719,14,12,2
17180082187,32,26,6
25770217090,14,12,2
77309448073,10,8,2
323739,27,26,1
73920,17,13,4
25769916379,11,10,1
17180004512,14,14,0
326993,13,12,1
417195,11,7,4
51540019509,9,9,0
287474,8,8,0
51540019506,8,7,1
17180275592,9,6,3
17179873026,12,11,1
94489708456,9,9,0
68719803272,11,11,0
51539820880,29,26,3
94489547003,12,12,0
97648,16,14,2
51378,21,17,4
8589982664,11,10,1
364413,16,5,11
399254,15,12,3
60129622605,9,8,1
26220,26,22,4
25770034502,8,8,0
26218,20,18,2
17179905954,12,9,3
222891,8,6,2
316423,12,10,2
316418,18,13,5
25770053456,10,10,0
25770134025,12,2,10
8589982062,27,26,1
8590079669,20,14,6
34359934586,18,17,1
17180040352,8,8,0
34359750369,10,10,0
4747,25,24,1
8590016759,10,9,1
42949908088,8,8,0
17180066744,8,7,1
8590236568,12,12,0
25770190629,10,10,0
42949777738,8,8,0
17179936486,58,50,8
8590355347,16,15,1
94489711165,8,8,0
101453,58,35,23
8590144964,48,36,12
17179933384,12,12,0
25769948380,8,8,0
46711,10,8,2
8590320334,21,20,1
42949746172,9,8,1
129770,18,16,2
146580,15,14,1
146582,10,10,0
25937,8,8,0
77309554104,15,14,1
17179981813,11,9,2
34359875859,9,9,0
170147,21,16,5
103079307786,10,9,1
235653,25,23,2
51539808557,9,9,0
67279,15,13,2
8590092716,25,17,8
8589936313,11,10,1
25770060592,19,16,3
17179932822,36,30,6
8590045500,9,9,0
133066,42,28,14
17179961495,9,9,0
415986,8,8,0
17180240648,27,25,2
25770074061,8,8,0
17180217005,9,9,0
17180254598,11,10,1
8590344382,18,2,16
204755,56,56,0
118646,24,12,12
17180025433,20,16,4
25770234817,15,13,2
25769933634,33,29,4
279171,36,32,4
263544,13,13,0
42949845363,11,11,0
34359813534,9,7,2
103079441488,9,8,1
17179972145,16,15,1
23419,19,13,6
8590173241,79,42,37
60129941424,8,8,0
215903,101,47,54
17180233853,23,11,12
42950116175,11,9,2
51540035010,8,8,0
8590369507,20,20,0
25770154923,24,23,1
2910,9,8,1
308528,25,16,9
136522,14,12,2
346587,11,6,5
8589983519,8,7,1
8590222675,11,9,2
24567,89,51,38
8590070465,13,11,2
248384,15,15,0
17180054548,21,17,4
8590141107,8,6,2
17179877911,23,19,4
401235,20,17,3
401232,11,11,0
8590207581,9,9,0
401237,17,17,0
60129842542,8,8,0
8590100368,27,19,8
25769897052,10,9,1
4910,11,11,0
117538,11,11,0
25769825513,9,6,3
8590099165,12,10,2
25769808518,14,10,4
3818,28,17,11
68719817967,9,8,1
91672,8,8,0
91673,10,9,1
8590356107,12,11,1
17179904428,26,14,12
229258,13,10,3
17179872301,21,19,2
223604,10,10,0
34360143409,8,8,0
231867,34,21,13
8590228682,10,10,0
34360076355,14,10,4
231868,9,8,1
17180197288,11,11,0
17179892205,12,11,1
60129620241,15,14,1
8590116033,10,10,0
17180243305,10,8,2
51539873698,24,23,1
243292,13,8,5
25769981042,9,8,1
120259189543,9,9,0
163608,10,9,1
17180163496,8,7,1
248808,160,31,129
313986,92,63,29
57422,15,15,0
57430,16,16,0
8590232496,16,16,0
34359763622,16,15,1
8590003858,46,37,9
34359982922,9,9,0
111669367183,8,8,0
60129714109,9,9,0
164597,10,8,2
25770040658,10,9,1
25770117298,17,9,8
94041,67,31,36
25769880337,10,8,2
17180126541,10,10,0
276717,21,21,0
42949708799,10,9,1
8590205693,17,14,3
135057,25,20,5
8590205695,8,8,0
8590208887,8,6,2
132573,15,13,2
25770056281,17,15,2
82987,13,11,2
81682,10,10,0
25769807091,11,8,3
25769807089,8,7,1
77309473355,10,6,4
34360028530,10,8,2
8590308804,8,8,0
34360131018,10,10,0
42949908699,8,8,0
202479,49,33,16
25770044872,12,10,2
51539787886,9,9,0
90750,156,92,64
162222,22,20,2
8590122103,17,14,3
42949894350,19,16,3
40715,11,10,1
40716,13,12,1
40712,27,16,11
232849,30,25,5
17180252328,8,8,0
17179978117,32,32,0
17179873618,10,10,0
8590153380,17,17,0
8590153381,18,18,0
17180050346,17,16,1
17179883317,8,7,1
51539814681,8,7,1
25769872029,13,11,2
171830,43,33,10
60129928024,12,8,4
8590095102,9,9,0
170658,27,22,5
8590095088,52,35,17
60129954485,14,14,0
25770191248,8,2,6
17179961904,14,12,2
8590315005,9,8,1
25769957775,9,9,0
170027,32,15,17
184951,38,34,4
8590221571,29,23,6
153162,19,16,3
150237,13,7,6
25770083991,10,10,0
8589994101,34,33,1
21927,55,39,16
8589949107,11,11,0
8589949108,36,25,11
144144,17,17,0
198668,62,32,30
8590259474,16,16,0
34359981413,19,18,1
8589988616,28,24,4
17179902361,10,8,2
51539696471,8,8,0
17180030253,17,14,3
34360079920,8,8,0
117022,9,8,1
8590006853,12,11,1
85899542474,9,8,1
8590133732,8,7,1
397162,10,10,0
17179949383,23,19,4
229314,35,24,11
51539860931,15,15,0
68719805300,10,10,0
392936,17,13,4
34359819512,20,17,3
8590205201,38,36,2
34359819520,18,18,0
218378,11,9,2
390174,23,15,8
8590193745,13,13,0
8590137117,23,17,6
34359756755,14,14,0
179177,11,11,0
8590315747,8,8,0
8589947741,28,21,7
85899708475,10,10,0
51539872346,19,19,0
141731,64,37,27
25770154042,9,8,1
122052,64,46,18
8590342718,64,34,30
236964,8,8,0
8590010800,11,9,2
166295,10,10,0
8590337249,27,18,9
74626,8,7,1
142483,31,13,18
8590185561,35,20,15
73976,12,11,1
68719636544,10,10,0
17179952823,13,11,2
97540,83,61,22
144260,23,20,3
139890,20,13,7
8590022162,32,28,4
17180207869,11,11,0
273135,15,14,1
51540052176,9,8,1
100907,8,8,0
17180140743,8,8,0
42949772332,15,10,5
60129931814,14,13,1
255254,12,12,0
255250,21,20,1
282741,124,48,76
34359990052,33,22,11
142795,8,7,1
142798,9,8,1
8590272429,14,11,3
17180088575,9,8,1
17179973472,8,6,2
17179973464,9,8,1
17179973466,10,9,1
17180064642,14,14,0
60129842745,12,11,1
60129842744,11,10,1
60129644371,13,13,0
25770148040,26,26,0
17180226753,10,9,1
34359874101,10,10,0
8590204136,17,16,1
60129749575,11,9,2
34359758487,16,16,0
417510,41,31,10
329681,21,17,4
34359802089,14,13,1
17179944420,12,11,1
17179944422,11,7,4
42949732201,21,21,0
148174,75,29,46
34359894640,18,13,5
60129767006,10,8,2
218737,14,14,0
17180112568,14,14,0
15807,18,18,0
8589967385,19,16,3
8589991752,18,13,5
257774,8,8,0
42949946703,10,10,0
17180252847,9,9,0
17180252845,15,15,0
140944,24,21,3
42950019807,19,16,3
25770187345,15,15,0
25770187354,12,12,0
42949785641,9,9,0
51539865795,10,10,0
34359856612,12,12,0
103638,33,21,12
32625,189,32,157
34359820532,15,10,5
17179961100,13,13,0
8590058757,17,17,0
17179961103,10,10,0
8590172957,38,28,10
383324,28,18,10
383320,8,8,0
8590198795,10,10,0
8590274155,28,25,3
137439001836,8,8,0
34360111607,21,17,4
60129941022,9,8,1
130264,20,17,3
8590078929,15,14,1
341199,15,14,1
8590362031,21,13,8
19866,12,10,2
19868,12,12,0
215235,61,52,9
8590056425,18,12,6
8590113743,17,11,6
25769883460,9,8,1
25769883464,8,8,0
376643,11,11,0
350595,38,37,1
25770152638,13,12,1
8590359462,9,9,0
8589975892,10,7,3
8590150278,38,33,5
8590150286,13,13,0
32207,48,37,11
317575,14,14,0
110660,126,79,47
8590178227,14,13,1
68719812292,10,10,0
17180110346,8,8,0
8590100653,11,10,1
126062,13,13,0
118262,8,8,0
8590196246,12,11,1
94356,30,29,1
17179887214,13,12,1
308834,12,11,1
375482,20,20,0
25769934229,22,15,7
42949705850,22,16,6
42949875620,8,7,1
204224,29,22,7
217358,28,11,17
60129979892,9,8,1
4901,54,26,28
77309534766,13,13,0
8590059495,10,9,1
351456,23,9,14
111751,24,23,1
111749,29,26,3
111752,15,15,0
74563,87,61,26
74564,11,11,0
44902,66,55,11
42949826033,9,8,1
60129600353,8,7,1
17180277470,11,8,3
203068,12,11,1
68719845161,9,9,0
17180179648,9,8,1
60129922054,8,7,1
8590362254,12,11,1
38828,38,37,1
260808,86,61,25
8590283564,17,16,1
179283,14,12,2
422334,13,13,0
422332,14,14,0
422335,10,10,0
359408,8,8,0
8590291561,9,9,0
351803,12,11,1
77309636845,8,7,1
8589981352,8,6,2
8590279190,32,27,5
223591,27,13,14
8590218569,27,13,14
42949826824,20,18,2
63646,9,9,0
8590321363,10,7,3
8590130320,29,14,15
111669174979,10,10,0
25770188942,10,10,0
68719896083,10,10,0
279256,9,9,0
8590169515,16,15,1
335507,12,11,1
51539623130,9,8,1
25770087040,15,13,2
25349,14,14,0
8590166754,9,9,0
8589953670,12,11,1
85899654877,8,8,0
51539641293,8,8,0
330239,30,27,3
42949869690,10,10,0
17161,21,18,3
17179932298,8,8,0
176162,11,11,0
176160,24,20,4
176163,10,9,1
8590368114,13,11,2
51539705768,14,14,0
182640,44,34,10
8590211036,17,17,0
34360060797,11,9,2
60129661349,15,10,5
8590234185,89,40,49
25770151526,9,9,0
352915,33,29,4
51540030242,8,7,1
8589990323,23,9,14
51539790695,19,17,2
16511,49,37,12
17180262167,10,10,0
218898,9,7,2
103079552877,9,9,0
68719771037,14,13,1
8589967627,15,15,0
286391,12,11,1
5087,174,98,76
42949693287,16,14,2
177850,12,12,0
296149,43,31,12
34359816341,8,8,0
17180102510,9,8,1
34360163865,13,13,0
8589940639,9,8,1
313365,27,26,1
131301,33,31,2
131297,20,19,1
197632,21,21,0
25770010726,18,16,2
51539710400,10,9,1
17179922255,118,77,41
60129944230,8,8,0
34359781312,11,8,3
8590157368,8,8,0
17180096266,8,7,1
232903,8,7,1
85899742452,11,11,0
42949855987,13,13,0
8589964491,49,42,7
272728,16,16,0
339439,48,40,8
8590336119,9,8,1
8590336121,8,6,2
408240,17,14,3
8590129128,9,8,1
8590111108,14,13,1
85899528866,8,7,1
381758,56,27,29
68719807476,8,7,1
17179985112,10,7,3
64195,12,10,2
247391,40,28,12
64197,8,7,1
291660,9,8,1
291661,9,9,0
181123,8,8,0
60129825693,11,11,0
68719599876,8,8,0
42949824246,10,9,1
25770185711,15,15,0
17179910775,8,8,0
17180010160,8,8,0
123829,8,7,1
8590198011,18,15,3
187265,68,53,15
8590249605,9,9,0
327470,41,26,15
120633,10,10,0
25770079856,14,12,2
378961,24,20,4
17180007029,20,20,0
123515,99,76,23
8590174417,13,12,1
34359951996,9,9,0
60129701785,14,12,2
17180257562,8,8,0
17180046364,8,8,0
98110,81,53,28
8590305393,40,20,20
8590305398,17,13,4
403165,21,18,3
267363,8,8,0
259692,122,61,61
17180030380,8,8,0
68719844821,12,11,1
219777,9,9,0
380289,26,18,8
278194,8,8,0
193493,18,14,4
68719859005,10,10,0
131229,10,10,0
131226,10,10,0
131232,8,8,0
34359837254,8,7,1
34359837252,11,10,1
197568828062,8,7,1
397296,8,8,0
8590190613,11,11,0
148396,8,8,0
148399,14,11,3
8590212500,10,9,1
8590212503,9,8,1
25769873364,40,29,11
8590162767,9,9,0
8590131319,9,6,3
51539675906,9,9,0
389773,9,8,1
37717,14,13,1
245402,38,29,9
223393,9,7,2
223402,8,7,1
194597,29,29,0
233682,12,12,0
141284,11,11,0
186866,57,37,20
312111,32,29,3
17180012240,12,11,1
128398,13,13,0
25770201719,8,8,0
34359923070,10,9,1
391412,19,17,2
128849400236,8,7,1
17179967020,17,15,2
25699,163,82,81
8590291380,62,21,41
42949731942,17,15,2
8590250950,11,11,0
119988,36,25,11
144297,20,13,7
73308,27,26,1
51539863466,8,8,0
120569,20,18,2
93573,30,24,6
311938,45,42,3
174391,66,50,16
25770052822,9,8,1
8590105111,34,27,7
8590190693,22,20,2
8590020443,23,21,2
164794,34,27,7
42949971699,25,24,1
28572,110,51,59
68719661869,11,10,1
8589948679,8,7,1
233550,28,16,12
17180229185,9,5,4
60129970830,13,12,1
393332,10,9,1
51539695108,19,7,12
77309504418,12,11,1
51539810128,10,8,2
25770075413,24,24,0
268792,13,13,0
23065,10,7,3
40962,10,10,0
25769813906,10,10,0
212792,27,20,7
158771,13,12,1
34360107258,12,12,0
411764,13,12,1
77309739950,8,8,0
176872,17,14,3
51539723082,8,7,1
25769809573,10,9,1
25867,9,9,0
34359870313,23,19,4
195021,20,19,1
418354,28,24,4
8590312815,8,7,1
17180255632,9,7,2
395048,30,23,7
17180239546,18,13,5
25769934370,23,20,3
17179939310,55,35,20
60129889046,8,8,0
17179880083,33,22,11
8589936738,14,14,0
8590279739,18,16,2
60129726171,8,8,0
17180154165,12,12,0
51539838978,8,8,0
8590164380,18,17,1
25769963460,10,10,0
68719505317,13,12,1
8590297789,25,24,1
8590297788,16,14,2
25770022189,15,14,1
8590231861,27,26,1
25770055958,10,10,0
34359985511,18,18,0
25769951122,9,9,0
8590306089,8,7,1
8590306084,9,8,1
17179877072,20,17,3
124793,53,39,14
124789,25,12,13
34359854887,10,10,0
8590325912,11,10,1
25769965145,24,22,2
8590262592,8,7,1
42949740642,13,11,2
241998,10,10,0
17179891454,32,28,4
8590205302,8,8,0
225472,9,9,0
8590248266,8,8,0
42949737390,8,2,6
221749,11,11,0
17179879940,9,9,0
404245,8,7,1
34360108707,11,11,0
11863,73,44,29
25770045681,8,8,0
205560,11,11,0
346214,8,8,0
275832,10,10,0
275836,9,9,0
310553,11,11,0
220168,14,12,2
17179897478,15,15,0
17179897474,9,9,0
17179960846,23,18,5
8590128243,54,42,12
34360161777,13,12,1
34360161776,8,7,1
42950066122,8,8,0
308847,12,12,0
379117,20,20,0
8590017726,8,8,0
357109,19,12,7
322989,60,27,33
353066,10,9,1
8589938650,8,7,1
17180308520,9,9,0
8589966805,27,16,11
25769984126,8,8,0
8590070986,23,23,0
301819,12,12,0
205653,23,21,2
381706,8,7,1
381703,21,21,0
381707,26,26,0
17179928320,10,9,1
85899470274,8,7,1
275648,18,17,1
42949784381,10,10,0
25770247894,10,10,0
17179869562,16,15,1
8590349186,21,15,6
8590071537,20,15,5
34359794297,14,13,1
103079244371,10,10,0
64707,59,25,34
338280,39,34,5
42949882964,13,13,0
25770199676,11,10,1
154619060794,8,8,0
25770083762,10,10,0
242956,60,44,16
68719535980,12,12,0
8590164613,12,12,0
34359959327,9,9,0
8589946885,17,16,1
227001,76,30,46
42949786164,12,8,4
25770137116,8,8,0
103823,13,12,1
8590196965,11,11,0
68719722328,10,10,0
8590173694,8,3,5
34359803041,8,6,2
8590377958,16,16,0
85123,70,44,26
372125,18,17,1
216213,42,27,15
60129685760,14,12,2
17180171644,36,31,5
8590109139,17,14,3
244729,171,107,64
12876,104,54,50
60129913095,10,9,1
60129823720,10,10,0
17180167205,25,24,1
17179882909,10,9,1
8590213493,9,9,0
77309816626,8,8,0
81509,52,18,34
25770000844,27,15,12
8590101797,22,21,1
220335,17,11,6
60129739745,8,8,0
25770003640,24,14,10
185854,8,6,2
8590338588,12,9,3
356037,15,14,1
211708,24,18,6
201883,16,14,2
201882,15,13,2
17180261907,10,9,1
423506,13,13,0
423504,15,15,0
25770176016,11,11,0
8590319517,23,22,1
312004,26,19,7
8590168820,8,8,0
105927,13,9,4
111396,12,11,1
57994,23,21,2
155547,9,9,0
129430,20,14,6
25770189654,14,12,2
74118,106,74,32
315342,11,11,0
200377,24,13,11
301594,8,6,2
8590092157,11,10,1
128849152503,11,9,2
17180203873,10,8,2
17180275316,9,7,2
8590189892,14,13,1
51539885437,9,8,1
34360001246,11,11,0
162171,129,30,99
17179934145,9,8,1
17179934139,10,10,0
25769908225,9,8,1
257885,29,28,1
4368,31,30,1
8590108722,19,18,1
365594,12,10,2
25770050386,8,8,0
42949689084,10,9,1
128249,12,11,1
94489515196,9,8,1
156203,11,11,0
77309790210,8,7,1
17180276670,23,23,0
193802,33,15,18
17180057078,30,24,6
129325,101,77,24
8590179768,13,11,2
60129934750,9,9,0
25769822643,9,9,0
17179965698,24,19,5
139684,44,28,16
8590151569,9,8,1
8589978500,22,12,10
17180002514,21,11,10
25769892498,9,8,1
34359920595,21,19,2
17180213037,15,13,2
192682,59,50,9
103079287994,8,8,0
8590205637,20,12,8
17180041126,16,14,2
17179987919,25,25,0
258366,51,44,7
288185,11,8,3
8590358564,11,11,0
79690,87,18,69
25770174532,8,8,0
42949715513,10,9,1
42950101346,11,10,1
42949865089,8,8,0
103079614024,9,9,0
287675,10,9,1
85899746554,8,8,0
421754,16,16,0
175471,27,20,7
184986,26,22,4
53409,11,11,0
8590279174,43,39,4
8590039313,16,16,0
34360047345,20,16,4
77309530078,8,7,1
8590351962,15,14,1
226859,43,26,17
97149,38,32,6
255438,10,10,0
203026,12,8,4
8590075522,23,17,6
42950107975,8,6,2
76209,8,6,2
63249,53,42,11
34360062739,13,12,1
42950073242,10,10,0
181552,10,10,0
25769951770,12,12,0
17180270688,17,15,2
17179917733,8,8,0
215477,52,35,17
34359751427,8,7,1
17180177945,18,8,10
34359751419,12,10,2
25770009268,13,11,2
86194,17,12,5
42949908365,8,8,0
25769908794,14,14,0
17180044474,9,9,0
85199,9,9,0
8590188322,22,18,4
304830,9,8,1
34359931851,15,14,1
8590209304,11,9,2
42949757582,19,17,2
8590240081,12,11,1
8590088022,15,11,4
3040,9,9,0
17180263118,17,16,1
8589987887,101,44,57
97664,8,7,1
225164,84,44,40
34360031413,11,11,0
138545,8,8,0
138539,8,8,0
8590084992,29,23,6
25770065939,15,15,0
68719691633,11,8,3
51539897760,12,11,1
8590335145,14,13,1
51539984649,15,13,2
17180234346,24,22,2
42949819772,12,11,1
403448,12,12,0
42949922221,16,15,1
42949922224,10,10,0
143992,52,30,22
60129639409,8,6,2
17180052360,13,13,0
8590367535,14,14,0
382034,8,6,2
8590305141,8,8,0
25769928890,9,9,0
25770242583,10,10,0
178261,24,16,8
8590213911,8,8,0
8590061340,15,11,4
17179973977,16,15,1
120259406060,8,8,0
172180,8,7,1
25769910986,8,8,0
17180195564,8,8,0
17180195568,10,10,0
68719886323,8,8,0
17180271303,8,8,0
34359769841,9,8,1
201723,10,10,0
17180244703,10,10,0
8590038786,10,9,1
18117,10,9,1
25769857738,31,30,1
400359,11,10,1
8590044323,17,16,1
252756,33,31,2
331400,11,11,0
60129701155,11,10,1
25769977284,8,8,0
8590192746,13,13,0
8589985253,10,10,0
237390,38,30,8
8590177498,11,6,5
103079616092,9,9,0
8590253720,38,34,4
8590178642,9,7,2
172973,61,45,16
261407,8,8,0
8590299102,14,13,1
34359974548,12,10,2
8589961479,9,8,1
34359974545,8,8,0
8589961478,10,9,1
192736,8,7,1
171860,69,51,18
68719594621,8,8,0
117161,11,11,0
42949961285,10,10,0
8590184882,42,37,5
51539661162,8,7,1
25770072969,10,10,0
94489499815,9,9,0
8590325357,8,8,0
42950097632,17,16,1
232066,10,10,0
243269,10,10,0
8590073313,9,9,0
42949691438,8,8,0
126447,15,12,3
74238,9,9,0
51539701962,10,10,0
25769927857,23,18,5
8590027225,9,9,0
94489643794,8,8,0
68719531087,8,8,0
8590033439,32,27,5
42949931987,8,6,2
51539694909,9,8,1
17180041396,15,12,3
34360038068,8,4,4
275752,15,5,10
51539768083,8,6,2
39926,10,10,0
68719781326,21,14,7
77766,48,19,29
17180197016,14,12,2
77309619749,8,8,0
68719849986,8,8,0
8590266137,9,9,0
198699,37,6,31
25770146321,10,10,0
42949830600,10,10,0
42949830596,13,13,0
42949830601,12,12,0
42949830599,14,14,0
25770161876,19,14,5
34359997792,9,9,0
18691,153,94,59
234272,8,6,2
8590245526,12,12,0
212084,8,8,0
34360023827,11,10,1
422231,12,9,3
42949951685,16,15,1
68719614214,8,8,0
17180182615,13,13,0
55126,9,8,1
34359955329,10,8,2
17179880792,14,11,3
8590100413,24,22,2
17180090153,17,16,1
12966,92,32,60
8589980638,33,15,18
17179915531,9,7,2
127510,20,19,1
51539865187,8,8,0
17179977855,9,8,1
8590305898,14,12,2
8590271941,10,10,0
8590076643,25,24,1
34359759546,10,10,0
58071,15,15,0
8590062693,38,28,10
25769973814,37,24,13
8590028996,39,23,16
17179960320,22,18,4
42949682985,10,10,0
60129561728,8,8,0
415502,15,12,3
8590140755,10,10,0
415498,17,15,2
103079354996,8,7,1
8590182811,8,8,0
10974,249,110,139
8589999201,9,8,1
34359782543,11,11,0
304413,12,10,2
8590063866,23,23,0
8590170027,14,13,1
60129713775,9,6,3
319679,60,37,23
115600,98,64,34
365995,14,14,0
8590315628,9,9,0
18462,62,43,19
265180,12,12,0
96956,14,14,0
85888,82,49,33
60129652850,9,8,1
8590240245,26,25,1
17180220566,14,10,4
17180301842,14,13,1
103079359274,9,9,0
205683,85,60,25
103079359271,9,9,0
272841,8,7,1
94489648125,8,7,1
17179987620,12,12,0
34359802906,32,20,12
8590377641,12,12,0
17180204972,9,9,0
25770237520,15,15,0
17180027560,9,7,2
8589946682,9,9,0
25769873582,8,8,0
103079278417,23,20,3
224286,27,25,2
51539990149,17,16,1
25770045742,8,8,0
56938,8,8,0
56931,66,38,28
173144,9,9,0
259098,51,42,9
88709,9,8,1
17180134210,14,14,0
85899702881,9,9,0
233217,11,11,0
8590165742,13,13,0
176585,19,16,3
133761,11,11,0
42949695792,10,9,1
8590318389,11,10,1
25770158689,12,12,0
157064,55,44,11
332075,8,7,1
332079,65,34,31
51539678865,13,11,2
329085,9,9,0
34359901872,9,9,0
94489489985,13,8,5
34359901863,15,14,1
8589962938,12,11,1
34360004670,10,10,0
168843,57,36,21
25769834255,10,9,1
17180028731,9,9,0
93322,8,8,0
8590154755,10,10,0
121345,68,48,20
77309506414,10,10,0
42950094317,11,11,0
17179967974,10,9,1
25770208412,12,11,1
25769982761,9,8,1
317652,17,17,0
3479,162,92,70
34359889090,14,11,3
25770142251,10,8,2
193993,18,13,5
321233,38,34,4
51539886448,13,12,1
139571,18,10,8
17179918776,12,9,3
8589959970,13,13,0
191903,15,11,4
68719736522,10,8,2
25770147168,10,8,2
151442,10,10,0
120324,31,29,2
103079409774,13,12,1
8590071774,24,24,0
353374,28,25,3
17180203868,24,20,4
51539679862,8,8,0
51539679870,9,9,0
8590356620,9,9,0
343615,20,17,3
77309498111,9,9,0
42949679405,11,9,2
203267,40,35,5
68719635763,12,11,1
8590109240,10,7,3
34359980756,12,10,2
230024,14,14,0
25770243253,14,13,1
60129674100,9,7,2
8590194989,16,15,1
8590278667,21,5,16
170663,19,19,0
8590074722,20,17,3
34359895955,8,8,0
8590095085,8,8,0
189590,12,12,0
8589956099,12,12,0
34359826290,10,10,0
8590307385,56,28,28
94489316968,10,9,1
8590333211,11,7,4
42949981496,8,7,1
8590076453,10,8,2
94489475687,8,6,2
8590328794,12,7,5
188454,38,30,8
8590308036,19,18,1
68719605997,11,11,0
8590372290,10,10,0
34360129290,32,25,7
42949764674,13,13,0
34360058131,8,3,5
17180207481,11,10,1
25770121995,17,12,5
215193,9,8,1
63033,116,73,43
177041,20,13,7
17180024724,10,9,1
34360057336,8,8,0
8589934615,32,26,6
17180201669,14,13,1
17180201672,25,18,7
8590071772,37,35,2
4787,10,10,0
17180214782,8,8,0
3062,25,20,5
25769906369,12,11,1
42949778015,15,15,0
25769975068,15,13,2
107328,61,37,24
36163,27,26,1
17180061620,13,13,0
27956,10,8,2
94489309353,8,8,0
17180053994,40,32,8
104999,15,14,1
132984,54,43,11
25769989249,17,16,1
25770073960,14,13,1
121361,13,13,0
8590194860,9,9,0
8590254634,13,13,0
171404,30,23,7
277394,23,15,8
14679,11,10,1
93095,12,12,0
8590342408,17,17,0
17179937775,13,10,3
17179890203,12,11,1
135440,59,47,12
42949691376,8,8,0
25769986117,11,11,0
25770052686,17,16,1
16528,17,15,2
8590110775,17,15,2
111669434532,8,8,0
25769906178,24,21,3
25769819072,9,9,0
154618923832,8,8,0
17180010434,18,14,4
330326,12,7,5
85899565145,10,8,2
17180221869,9,9,0
77309651731,8,7,1
70103,13,13,0
34360026401,11,11,0
8590045251,28,18,10
17179986002,10,7,3
8590346802,12,12,0
8590055960,14,13,1
415964,8,8,0
8590224747,13,11,2
415971,8,7,1
415965,15,13,2
25769841730,8,7,1
101542,9,9,0
8590217576,22,18,4
8589970551,15,8,7
8590041846,19,16,3
190711,39,34,5
77309491294,9,8,1
51539736959,9,9,0
34359960195,10,10,0
8590064777,9,9,0
42949789540,8,8,0
94489394885,9,9,0
188508,16,15,1
95916,10,7,3
68719699944,10,8,2
348512,8,7,1
25770240227,13,12,1
34359916625,13,12,1
34359916627,18,13,5
85899754940,10,10,0
25770081614,17,16,1
125370,61,20,41
121297,13,10,3
197275,11,11,0
68719620808,9,9,0
94489353468,9,9,0
17180084581,8,8,0
17180088770,13,13,0
60129948983,16,15,1
8590051258,66,49,17
422400,72,41,31
327281,12,12,0
17180110198,44,38,6
68719652988,8,8,0
103079225949,10,10,0
95430,34,25,9
192529,21,19,2
25770234096,12,12,0
17180030724,13,9,4
264511,8,6,2
264512,10,9,1
34359820998,8,7,1
8590195068,8,8,0
42950102254,9,8,1
407777,23,19,4
42950026358,8,8,0
17179993370,8,8,0
192719,18,11,7
42949692591,17,11,6
8589988922,29,28,1
17180151932,12,10,2
42950010217,8,8,0
111669238058,9,9,0
34359849281,13,8,5
42950020624,11,10,1
8589991168,8,5,3
8590147813,38,23,15
8589991170,8,6,2
162228,68,59,9
103079334345,8,7,1
25770164280,8,7,1
133951,27,25,2
17180130719,12,12,0
42949680317,9,9,0
51539906258,8,8,0
187025,48,26,22
17180259238,13,13,0
8589953325,55,43,12
8590216115,9,9,0
17180216378,9,7,2
268045,11,11,0
17179954067,15,4,11
146029048553,8,7,1
42949851501,14,14,0
94489379661,10,7,3
17180065257,13,9,4
60129749398,8,8,0
68719874388,9,9,0
8590236324,8,8,0
5671,11,11,0
8590241905,15,15,0
8590241897,33,30,3
226099,25,25,0
30466,17,14,3
42950067420,8,8,0
279604,68,62,6
34359754679,19,15,4
412094,8,6,2
25770059867,8,7,1
25770110814,11,11,0
34360105346,9,9,0
8589940900,14,13,1
17179983067,13,12,1
103079394537,10,8,2
98983,18,16,2
34359953298,8,8,0
25770057433,15,13,2
47905,21,20,1
94489286876,12,12,0
84673,41,25,16
8590200082,15,12,3
8590200075,20,14,6
25770140136,11,9,2
77309419852,8,6,2
77309821955,8,6,2
8590073298,8,7,1
8589954966,14,11,3
279086,17,14,3
17179975599,19,14,5
34359939711,10,10,0
25770049260,22,21,1
160340,15,15,0
42949856970,24,12,12
42949911951,16,11,5
42949911952,14,10,4
42949911948,11,9,2
398135,11,9,2
325142,9,8,1
34359828295,12,12,0
313498,20,16,4
313510,9,7,2
313503,15,12,3
94489507576,8,6,2
17179907672,8,7,1
402553,11,10,1
17179907671,11,11,0
163791,41,27,14
25769853230,9,9,0
17179960555,10,9,1
382915,8,7,1
17179960568,12,12,0
42950045923,13,11,2
8590018556,38,20,18
398143,11,10,1
60129785702,21,17,4
111669593195,8,8,0
60129884013,9,9,0
68719751803,8,7,1
8590262912,22,15,7
8590214734,13,9,4
8590080341,18,14,4
8589968094,25,16,9
8590267603,21,18,3
25770041460,14,13,1
85899632733,8,7,1
85899594125,8,8,0
60129837015,10,8,2
60129837018,8,8,0
34359914841,9,9,0
8590120236,24,19,5
34359826241,17,17,0
34360063161,18,17,1
34360063160,20,19,1
25770130034,10,9,1
8590152147,14,11,3
8590291096,10,8,2
8590291087,8,6,2
17179938846,9,9,0
22520,16,12,4
25769807387,23,17,6
77309742046,15,14,1
8590263168,8,7,1
17180239462,39,30,9
48456,27,19,8
77309431637,13,12,1
77309822837,12,12,0
25770003398,17,17,0
25770003399,21,21,0
5504,78,61,17
70659,14,14,0
17180038302,18,13,5
135009,21,17,4
102632,24,14,10
173738,21,11,10
17179946054,34,27,7
17179977184,65,28,37
8589958662,10,10,0
269255,15,13,2
94489427593,10,9,1
25770091345,20,13,7
8590027193,12,11,1
8590103332,15,11,4
8590211202,71,36,35
42949884709,10,10,0
181076,9,9,0
8590242598,17,17,0
94489512448,12,11,1
25769881324,8,8,0
105064,35,33,2
17180075633,22,22,0
8590074419,22,20,2
16342,19,19,0
25769993787,9,8,1
147305,24,24,0
16344,23,23,0
94489326451,8,5,3
111669323079,9,9,0
385500,31,21,10
42950092234,19,18,1
398842,8,8,0
8590241081,17,16,1
21064,29,27,2
77309704760,12,12,0
162113,14,14,0
25769979180,10,9,1
150415,16,15,1
17180112961,13,13,0
34359772154,17,11,6
17180050213,9,7,2
8590317120,10,7,3
25770105942,14,9,5
42950080452,10,10,0
38179,16,13,3
85502,16,13,3
42949798048,8,7,1
56742,49,31,18
17180279054,10,10,0
103079375646,12,11,1
8590134669,38,33,5
25769980615,13,12,1
293198,8,8,0
332132,33,32,1
25769814550,11,7,4
25769897233,9,8,1
34359831522,19,18,1
137439226201,10,10,0
8590349610,11,10,1
68719594119,9,9,0
115128,8,6,2
8590020090,18,18,0
68719516769,8,8,0
25769885411,12,12,0
25769885410,23,23,0
77309687574,9,9,0
120259204482,9,9,0
154618853268,8,7,1
60129678206,16,14,2
82181,9,9,0
103079306484,9,9,0
25770046943,8,8,0
8590075830,9,8,1
77309624270,8,7,1
17180192283,9,9,0
17180192280,11,11,0
305577,56,36,20
25770113122,8,8,0
305583,10,7,3
34360097192,21,18,3
54042,77,63,14
34359846169,8,7,1
42949923200,10,9,1
17180207331,8,8,0
22054,38,31,7
163209017194,8,7,1
34359913645,9,7,2
25769856952,9,8,1
51539935064,9,9,0
8590146557,10,10,0
25770005769,19,19,0
8590156702,25,21,4
8590032036,11,11,0
17180098321,11,8,3
95237,38,35,3
25770039567,13,11,2
25770008415,9,8,1
113831,30,25,5
8590231092,11,11,0
8590068222,10,9,1
42949983665,8,8,0
188762,10,10,0
371094,72,51,21
34359795430,14,13,1
42949681700,10,8,2
8590258600,10,10,0
135002,67,31,36
51539987935,9,9,0
8590294341,14,12,2
8590258604,11,9,2
17180264714,8,8,0
8590045937,12,12,0
51539806218,16,5,11
8590260722,10,9,1
141980,42,38,4
8589978231,22,22,0
17179911185,15,15,0
17180015838,28,27,1
17180015837,8,8,0
414022,19,18,1
51539974627,9,9,0
197961,41,30,11
47581,40,24,16
8590211799,22,19,3
298779,13,12,1
34359787384,9,9,0
8590038511,30,29,1
8590081904,13,13,0
17180218703,8,8,0
42949926186,10,8,2
42949942238,9,8,1
25770103041,14,8,6
25770103044,9,8,1
25770103042,9,9,0
31126,12,11,1
8590092088,52,36,16
51539906041,8,8,0
94489353492,13,10,3
17179904168,25,17,8
17180067583,19,14,5
8589991983,28,27,1
8590189520,8,8,0
8590099255,14,10,4
34359868136,12,7,5
34360027981,14,13,1
51539657127,16,16,0
300554,38,21,17
42949961371,20,17,3
277359,26,21,5
17179971016,13,10,3
17179954992,17,16,1
34359925153,31,16,15
8590181167,10,9,1
42949754529,9,9,0
8590191365,24,20,4
25770076858,8,8,0
77309647380,8,6,2
34360005244,13,11,2
380955,8,7,1
169050,17,17,0
18353,37,35,2
18352,37,35,2
8590009861,10,9,1
352912,8,8,0
140162,97,70,27
34359757733,11,8,3
360288,10,9,1
8590126712,12,10,2
89585,10,10,0
151916,22,19,3
17180241028,11,6,5
17180076807,11,11,0
17180076811,8,8,0
234017,14,12,2
17179874270,14,14,0
25770077953,15,14,1
8589950694,8,8,0
375229,29,16,13
77309675312,8,8,0
8589950692,10,10,0
8589950680,11,10,1
420813,22,22,0
111481,17,11,6
356734,13,13,0
77309753940,11,10,1
92804,29,27,2
68719558524,8,8,0
68719558518,10,10,0
128849072728,9,7,2
8590148122,8,8,0
284043,42,37,5
8590262694,15,14,1
42950034492,12,12,0
8590129953,18,16,2
68934,49,46,3
25770176932,14,14,0
34360011718,9,8,1
17179875118,10,10,0
17180212795,13,11,2
316925,55,20,35
65089,23,21,2
215146,10,8,2
8590177362,9,9,0
168528,16,12,4
17180014029,10,10,0
8590180236,25,23,2
25769918790,11,11,0
153602,102,67,35
8590177781,11,11,0
51539863669,11,10,1
60129556110,10,9,1
8589980226,12,12,0
106353,25,19,6
77309529037,8,8,0
34359812167,8,8,0
60129615647,8,8,0
34360123880,12,11,1
34360123878,10,10,0
8590105144,11,9,2
48552,60,24,36
25770238757,12,12,0
8589995350,11,11,0
8589995345,24,18,6
51539608823,17,17,0
25769945018,25,21,4
17179911465,17,17,0
17415,9,9,0
8589935712,12,11,1
8590028645,12,12,0
68719709516,8,4,4
34359959631,13,13,0
341126,8,8,0
34359934951,12,9,3
34360047584,9,7,2
1,19,17,2
262391,18,18,0
51539800631,12,11,1
17180173814,9,8,1
369922,12,12,0
8590264957,15,14,1
42949742655,9,8,1
42949742661,8,7,1
85899396676,13,13,0
77309750851,9,9,0
25769905459,9,9,0
25770066214,15,15,0
8590127064,8,8,0
51539649826,8,8,0
8590139038,8,6,2
17179928839,20,15,5
42949688524,13,12,1
51539710835,12,11,1
8590030619,11,10,1
34360144827,11,9,2
34359793235,8,6,2
8590265819,8,8,0
60624,8,8,0
171799053928,10,10,0
17180025108,17,16,1
17179946788,11,11,0
175476,40,11,29
25769934618,34,18,16
144105,9,9,0
34360143201,8,8,0
17180096410,14,12,2
91594,10,9,1
8590111758,11,9,2
8590024689,25,23,2
51539916573,9,9,0
51539916574,8,8,0
8589963673,35,25,10
20204,8,7,1
51539971350,12,10,2
8590192024,15,14,1
8590192025,18,18,0
219199,75,58,17
85899451374,10,10,0
121376,10,7,3
17180011623,37,29,8
60129593607,8,8,0
252659,17,16,1
8590124151,29,24,5
8590200035,10,10,0
34360022298,11,9,2
422945,11,10,1
17180013977,12,11,1
17180013981,9,8,1
8590047289,9,8,1
17180034706,9,9,0
251867,14,13,1
34359867797,21,21,0
25769873079,23,19,4
8590044349,30,26,4
8590117749,9,9,0
68719507601,9,9,0
17180262312,15,15,0
7306,33,28,5
7313,13,13,0
17180227228,12,12,0
8141,16,14,2
45558,9,9,0
25769837184,18,16,2
17180200588,34,23,11
34359834387,15,15,0
34359834384,8,8,0
27557,10,10,0
15907,9,9,0
17180089078,14,12,2
17180168792,9,7,2
386501,19,14,5
179367,11,6,5
8590069103,18,18,0
17180200191,14,13,1
282848,18,17,1
8590089175,13,12,1
8590102659,30,18,12
62603,44,34,10
25769813415,13,13,0
42949814083,8,8,0
8590039570,9,9,0
185577,10,6,4
17180218130,26,15,11
8590148108,9,9,0
207045,24,19,5
34360157020,8,8,0
25770218860,8,8,0
181169,14,9,5
68719508969,15,14,1
8590344796,10,10,0
17180015499,9,9,0
51539921222,17,15,2
227701,14,13,1
67536,21,21,0
25770121768,20,18,2
171689,13,13,0
229988,34,29,5
111814,87,60,27
8590145188,102,29,73
317468,13,12,1
8590045050,88,61,27
101424,9,6,3
25769900206,12,12,0
8590118878,10,10,0
34360150115,21,15,6
25770247911,12,11,1
17179930591,23,21,2
59215,19,18,1
34360058445,10,8,2
8590302038,20,15,5
397400,111,36,75
8590338546,105,44,61
8590322219,10,9,1
17180150282,8,8,0
8590011449,8,7,1
280029,16,12,4
105529,21,19,2
17180001552,14,14,0
8590347105,10,10,0
8590075758,10,10,0
98666,28,27,1
13166,22,21,1
13169,27,25,2
25769948752,17,16,1
85899618541,9,9,0
373004,28,17,11
8590304657,10,10,0
38149,90,77,13
96540,20,20,0
222409,10,10,0
17179996655,19,18,1
44276,149,44,105
216750,56,44,12
183377,35,29,6
34359947350,10,10,0
176522,37,18,19
25769971196,11,10,1
98327,10,10,0
8590295562,10,10,0
85899408444,13,13,0
34360133518,9,7,2
2471,22,20,2
42949977207,8,8,0
77309831953,9,9,0
8590201925,11,8,3
34360051758,12,10,2
51539860954,9,9,0
300731,43,34,9
25770220464,10,8,2
87058,8,7,1
4544,62,48,14
205358,8,8,0
94038,13,10,3
25770102126,22,14,8
25770102118,18,13,5
34359924007,16,12,4
25770102129,16,12,4
77309432127,12,9,3
8590350282,21,15,6
8590249456,13,8,5
369862,8,8,0
87703,10,9,1
8589948910,18,18,0
39616,76,28,48
8590039419,58,48,10
125233,13,10,3
8590182596,16,14,2
51539851657,12,12,0
25769885841,9,5,4
97818,55,40,15
17180123052,13,8,5
8589988875,8,7,1
8590356152,11,11,0
350592,8,8,0
17179881982,32,24,8
35961,17,11,6
34359743013,9,9,0
85899630205,14,13,1
68719561810,8,8,0
85899630210,14,12,2
8590192926,10,9,1
25770192873,12,12,0
8590093669,15,14,1
8590072454,30,19,11
198424,43,40,3
8590120463,9,9,0
413970,14,13,1
60129686680,22,17,5
110407,42,34,8
96443,9,9,0
25769820109,8,8,0
17180153555,30,28,2
225991,11,11,0
42949837061,10,10,0
8590003807,11,11,0
31415,24,16,8
176606,11,11,0
19799,11,10,1
245323,23,19,4
42665,9,8,1
8589967743,12,11,1
34359790397,14,13,1
25770118593,9,9,0
128849097298,10,10,0
68719619420,8,7,1
8590205616,8,8,0
51539742610,8,7,1
247927,95,3,92
8590334036,32,19,13
137160,121,81,40
125550,18,15,3
17179876665,14,13,1
17179876680,8,8,0
184262,11,8,3
8590207019,17,17,0
42950019502,33,27,6
77309567749,12,12,0
94489522528,9,9,0
45018,11,10,1
17180172196,12,12,0
44711,8,8,0
42420,79,51,28
98261,11,9,2
8590235257,44,38,6
121525,345,105,240
8590047091,8,8,0
8590107525,9,8,1
8590107530,8,7,1
17180134720,9,9,0
8590073355,20,18,2
17180209682,10,10,0
8590061808,28,22,6
34359795899,39,33,6
8590061460,47,39,8
8590018606,10,10,0
25770052967,13,11,2
166395,9,8,1
401966,63,35,28
203498,12,12,0
25770185148,15,15,0
47024,11,11,0
51539658076,10,8,2
82819,51,41,10
370755,39,37,2
353323,15,14,1
146583,8,8,0
68719611247,13,11,2
17179893759,12,12,0
8590357070,12,12,0
34360052270,12,10,2
398373,11,11,0
34359985726,18,10,8
17180255100,10,10,0
17180255101,11,11,0
8590095143,16,14,2
51539619409,12,12,0
68719616187,8,8,0
8590172572,20,20,0
41181,68,60,8
34359965833,9,9,0
166761,13,13,0
17179915315,12,12,0
42950000822,8,8,0
8590084581,10,10,0
148420,11,9,2
8590370411,8,8,0
17180088723,15,9,6
151412,12,10,2
8590042361,9,7,2
25770197733,11,10,1
8590237935,13,11,2
8590159440,9,5,4
17179963778,15,12,3
256262,9,9,0
34359884476,25,22,3
17180219963,8,8,0
60129595970,16,14,2
104945,21,18,3
60129595967,10,4,6
17179931962,8,8,0
297894,59,48,11
264869,10,10,0
42949845868,13,12,1
34360107596,17,16,1
111669515853,8,8,0
117919,16,11,5
8590375062,31,29,2
122685,193,132,61
239469,140,89,51
165320,89,62,27
85899363609,13,12,1
181270,36,31,5
8590162168,38,18,20
34359768693,16,16,0
392164,35,31,4
17180040910,8,8,0
313835,17,15,2
42949796897,10,10,0
17180198759,8,7,1
17179951144,9,9,0
17180146708,10,8,2
34360015174,9,6,3
334226,21,15,6
141562,9,9,0
17180049846,16,15,1
58755,13,12,1
17179872938,9,9,0
42949937088,8,7,1
8590339980,30,22,8
8590015043,10,9,1
25770022568,10,8,2
220237,71,31,40
51539907005,12,9,3
8590165580,14,14,0
8590165582,14,14,0
25769838309,16,13,3
280631,29,25,4
8590008156,13,12,1
8589983664,12,12,0
323562,52,21,31
25769888891,10,10,0
417720,9,9,0
25770197398,10,9,1
25770197393,15,11,4
8590177430,25,24,1
17180250471,53,42,11
242201,10,9,1
8590137523,8,8,0
34360147363,9,9,0
231378,8,7,1
85899502473,11,9,2
17180073667,14,14,0
265203,8,6,2
42949728782,8,8,0
242284,18,17,1
17180188022,8,7,1
17180196467,17,14,3
332453,10,7,3
25769848207,10,9,1
60129947370,9,6,3
42949961113,10,8,2
8590100531,10,9,1
370400,55,29,26
83877,84,25,59
34359755327,20,19,1
25769995817,10,10,0
25769813077,10,9,1
8590227310,21,17,4
51539841767,10,10,0
244501,65,20,45
17180186943,14,14,0
8590225501,26,17,9
8589943524,16,16,0
8590012296,47,42,5
245512,9,8,1
51539963141,13,11,2
84875,13,11,2
84873,47,25,22
84874,29,19,10
25769986901,10,9,1
34359803064,9,7,2
25769917022,43,36,7
17180100891,9,9,0
322873,33,21,12
25769961402,14,13,1
8590254687,9,9,0
164867,11,11,0
123575,24,20,4
288667,8,8,0
8590287735,10,10,0
17180159129,14,13,1
8590089009,33,26,7
395109,31,31,0
17180159134,8,8,0
112290,34,31,3
17180171537,15,14,1
34359926708,8,8,0
31692,19,13,6
8590141734,8,8,0
25770011643,23,19,4
8590361740,12,8,4
25770011645,16,15,1
18245,35,16,19
68719823999,8,6,2
42949981135,11,9,2
17179892386,10,10,0
25770068940,20,19,1
134559,9,9,0
34359992941,8,7,1
25769865242,10,7,3
130532,66,45,21
94489501978,9,9,0
98171,30,21,9
8590152031,18,16,2
17180117103,9,5,4
8590090246,11,11,0
558,19,18,1
25770201561,23,12,11
194528,14,13,1
194529,17,16,1
8590190220,46,22,24
51539852011,10,10,0
8590215219,9,9,0
8590215217,10,10,0
34359955386,9,9,0
25769907190,8,7,1
8590288980,48,43,5
16668,19,17,2
60129629277,13,13,0
17180193666,11,8,3
42950074062,13,12,1
112141,126,46,80
25769940157,17,15,2
59439,44,33,11
288511,53,44,9
25770117289,14,11,3
17180180248,8,7,1
94489722940,9,8,1
8590144532,33,30,3
8590309538,19,16,3
42949906520,12,11,1
143857,16,15,1
96281,16,16,0
42949677016,8,6,2
42949677013,11,10,1
8590036711,15,10,5
61907,12,8,4
25770203344,11,9,2
42950079006,8,8,0
17180205693,21,21,0
60129943930,8,7,1
17180296554,31,18,13
85899666329,16,14,2
8590305984,13,13,0
17179942195,11,10,1
105143,11,11,0
411338,10,9,1
60129654282,8,8,0
25769932256,13,12,1
25769894276,15,14,1
34359835138,25,23,2
8590210502,15,14,1
8590210499,8,7,1
8590067731,8,8,0
51539913140,8,8,0
8590325597,11,11,0
25770242082,9,7,2
151223,41,34,7
35434,14,13,1
8590311445,19,15,4
8590013505,101,7,94
77309715318,11,7,4
42949704809,12,9,3
34359895744,10,10,0
183643,44,4,40
25770192680,8,7,1
51539901369,13,11,2
30508,10,10,0
30509,11,11,0
34359806643,8,6,2
8590139494,56,38,18
8590043737,9,9,0
168529,8,8,0
17180057813,8,8,0
25769936052,8,6,2
25769936047,8,6,2
42949801502,11,7,4
31419,40,20,20
60129546595,9,9,0
8590277898,32,19,13
42949834786,14,13,1
34359887136,10,10,0
34359887141,16,12,4
60129584839,9,9,0
8590021405,11,10,1
111669320741,8,6,2
17180179583,11,10,1
193106,34,25,9
79193,76,65,11
34359785717,11,10,1
34360136484,22,19,3
322568,14,12,2
25769806853,8,8,0
25769804684,9,9,0
8589943898,28,22,6
16482,21,18,3
378847,30,27,3
8590293103,11,2,9
51539787752,13,4,9
121039,65,48,17
85899584583,9,9,0
34359895130,18,12,6
380016,12,12,0
30572,12,8,4
410274,17,12,5
417943,38,35,3
350587,20,19,1
373701,15,12,3
78190,11,11,0
64975,16,14,2
183052,37,31,6
282539,61,55,6
331563,8,8,0
8590270779,16,14,2
111669228799,8,8,0
366297,19,15,4
34359988896,21,20,1
280927,22,18,4
198955,29,21,8
17180156909,15,14,1
14960,71,61,10
8593,8,7,1
242323,9,8,1
378500,28,24,4
8590148459,16,11,5
42949722399,8,7,1
8590365458,24,20,4
51539817994,16,9,7
8590053303,10,10,0
142879,8,8,0
60129937549,13,13,0
139846,8,8,0
62818,15,15,0
8589956854,26,25,1
60129615137,12,12,0
8589956858,23,19,4
25769873855,11,11,0
8590248365,23,20,3
25769863568,10,9,1
17179946852,9,8,1
85899777854,8,8,0
8590262185,50,46,4
17180272528,8,7,1
51540017310,8,7,1
25770059804,13,7,6
141774,11,9,2
8590136727,10,7,3
8589975504,30,3,27
51539987768,8,7,1
25770096772,8,5,3
17179998900,20,18,2
8590076093,24,14,10
68719832522,8,8,0
137439203831,11,11,0
17179966560,21,16,5
209978,54,24,30
8590335059,9,9,0
299734,12,10,2
8590040017,27,21,6
334036,46,26,20
13720,14,13,1
34359780512,8,8,0
337254,14,13,1
296403,22,16,6
8590256376,10,10,0
17179918909,12,11,1
17179908610,8,8,0
147123,59,49,10
17180080932,23,19,4
60129818993,10,9,1
60129818999,17,14,3
393552,47,41,6
392567,87,67,20
8590307229,12,11,1
42949673307,22,20,2
17180225143,8,6,2
17179901974,28,25,3
395025,12,10,2
51539842681,9,9,0
17179884442,12,11,1
42949710073,13,13,0
8590067101,36,21,15
17180105488,12,9,3
400084,50,42,8
68719546905,8,8,0
17180062033,11,11,0
42949828604,14,13,1
25769891391,14,13,1
85899579491,10,8,2
128849405239,8,8,0
68719603075,10,8,2
8304,56,28,28
34881,33,27,6
3459,171,117,54
17180008223,18,18,0
229064,26,23,3
34359977750,9,7,2
68719528036,8,6,2
8590008546,10,10,0
34359796074,14,13,1
8590155771,8,7,1
8590083003,26,20,6
25770014387,11,11,0
380848,142,95,47
34360108313,12,12,0
85899421761,8,8,0
17180251948,15,12,3
68719645785,8,8,0
17180101691,27,25,2
162474,107,65,42
68719742632,10,10,0
25769821920,12,7,5
10539,30,30,0
17180123209,10,10,0
17180228716,10,9,1
34359749584,10,10,0
51539986077,8,8,0
308207,36,36,0
34359850504,8,8,0
75187,35,30,5
34360056814,22,22,0
25770054980,10,10,0
17180020141,8,8,0
8590074116,16,16,0
77309832270,11,11,0
51539918513,15,13,2
17180220418,35,31,4
17180043199,9,9,0
17180155535,8,8,0
17180043198,9,9,0
25770087581,10,7,3
8590235937,50,37,13
8590058395,12,11,1
8590058399,12,8,4
34360021859,9,4,5
181772,44,24,20
8590284508,12,6,6
42949722555,11,10,1
51539760073,9,7,2
358464,12,12,0
71008,12,12,0
34359749205,14,11,3
68719835731,9,9,0
146619,61,39,22
51539814694,12,11,1
42949813250,12,12,0
25770018079,9,8,1
321432,18,14,4
8590021290,31,19,12
25770128209,13,12,1
60129827866,11,11,0
77309696765,10,10,0
17180224599,8,7,1
8590023902,19,17,2
267281,16,12,4
137439182220,8,8,0
353541,13,11,2
51539900249,10,10,0
8589964531,33,10,23
248695,31,5,26
125213,22,18,4
8589950051,13,13,0
398350,47,31,16
275085,42,16,26
42950113944,10,9,1
8590239884,12,9,3
8590189827,21,12,9
302252,18,18,0
8590268084,25,25,0
34360069000,21,18,3
8590183749,31,28,3
38575,36,32,4
8589937987,8,8,0
8590286910,14,14,0
163209066887,8,8,0
60129855845,8,7,1
37822,36,35,1
171159,9,8,1
17180099876,10,8,2
144340,14,13,1
162544,25,21,4
8590182542,8,7,1
51539684684,12,11,1
25770058671,8,8,0
77309498957,8,8,0
92773,12,12,0
60129939010,14,14,0
261587,54,50,4
156589,14,14,0
261588,18,18,0
85899548187,16,14,2
8589983780,9,9,0
17180274177,8,7,1
414164,24,22,2
349317,12,12,0
109778,15,12,3
187696,32,26,6
77309418059,11,10,1
8590012013,9,8,1
51539828956,12,10,2
51539876132,9,9,0
73629,9,9,0
17180123460,15,12,3
129306,51,39,12
25770003555,8,8,0
77309549594,8,8,0
60129926088,8,8,0
8590142291,9,8,1
17180043405,27,19,8
51539882236,8,8,0
8589989353,20,12,8
123553,8,8,0
86611,8,8,0
8590142598,20,15,5
315445,16,12,4
315449,12,12,0
157768,26,24,2
92911,8,8,0
214550,12,11,1
87276,11,11,0
17179922134,20,19,1
34359806808,10,10,0
8590289078,18,15,3
17180292283,8,6,2
77309467443,8,8,0
25770119400,9,9,0
77309467450,9,9,0
275848,15,15,0
8590313552,12,10,2
51539758651,10,10,0
68719685579,12,11,1
148366,24,22,2
148361,23,22,1
172393,41,38,3
8590074336,26,15,11
60129883541,11,8,3
17179952436,9,7,2
277554,9,9,0
17179926305,8,7,1
260702,44,28,16
295485,25,5,20
25770150924,16,10,6
25769998775,20,18,2
412880,9,9,0
85899517048,9,6,3
51539978740,16,14,2
326197,11,10,1
106611,42,28,14
86997,12,9,3
25770032131,16,13,3
265463,9,8,1
42949798800,11,10,1
8590031650,14,13,1
369645,35,22,13
8590345818,20,20,0
213863,10,10,0
8590349726,25,23,2
17180195040,8,8,0
68719550460,11,8,3
68719859347,8,8,0
301694,10,10,0
219562,56,43,13
25769926182,15,14,1
8590376490,12,12,0
155121,19,19,0
155120,17,17,0
8590352062,14,14,0
68719515555,13,12,1
8590220745,15,13,2
17180161037,9,8,1
9867,10,10,0
8590013732,10,10,0
223449,8,8,0
8590048334,29,21,8
8590065529,16,16,0
377327,38,30,8
51539997183,8,6,2
68719683588,10,9,1
234217,10,9,1
25769818523,8,5,3
25769818520,9,5,4
17180149105,12,12,0
25769859779,34,22,12
8589974599,31,22,9
51539705871,24,18,6
34359964018,8,8,0
317478,14,11,3
51539725968,12,10,2
17180061602,18,7,11
25770021836,10,9,1
17179911859,12,10,2
60129734679,9,9,0
28928,10,8,2
17180109081,26,5,21
60129902514,8,8,0
111669417599,10,10,0
123091,8,8,0
34360001663,15,15,0
42949893962,9,8,1
34359913761,13,11,2
42949893956,11,9,2
42949893965,9,7,2
17180060690,13,12,1
42949893963,11,10,1
253010,18,16,2
8590009405,8,8,0
316402,15,14,1
34359933616,9,8,1
131425,20,19,1
17179985159,11,9,2
8590006432,11,11,0
25769903124,8,5,3
8589936480,13,11,2
8590171277,12,12,0
8590088126,10,8,2
233458,22,19,3
233452,31,20,11
233460,10,10,0
17180006313,10,10,0
8590254290,22,9,13
42301,44,28,16
8589937307,19,18,1
324216,39,29,10
103079340277,8,7,1
25770131385,12,11,1
56358,26,25,1
17180094998,31,20,11
17179967011,9,9,0
17179977535,10,9,1
60129973950,11,11,0
8590026773,23,3,20
85899522801,9,9,0
318613,16,16,0
1676,36,35,1
34360148190,8,8,0
8590325501,34,24,10
51539984842,8,7,1
25770061521,19,19,0
17180112176,14,13,1
180364,8,7,1
8590117343,54,36,18
25769975394,11,10,1
196001,27,24,3
94489565215,9,8,1
94489565216,11,11,0
8590369499,25,25,0
108024,46,12,34
34359822283,12,12,0
51539754904,8,8,0
17179924806,10,9,1
17179924807,8,8,0
359625,15,11,4
42950104668,8,8,0
60129978307,14,13,1
8589984601,20,20,0
42949878968,9,6,3
25769817524,12,12,0
68719685630,8,8,0
24014,15,15,0
190193,10,9,1
8590148437,35,28,7
34360060364,10,9,1
42752,10,7,3
60129836904,12,12,0
289496,20,19,1
42949806943,13,13,0
85899469498,10,10,0
8590140965,49,45,4
83227,27,26,1
51784,8,8,0
25769908972,9,8,1
380809,10,10,0
25770065214,8,8,0
349103,25,20,5
51540031349,9,9,0
339082,8,6,2
60129579288,14,12,2
8589971469,8,8,0
47010,32,23,9
42949841960,11,11,0
147872,11,11,0
8590230152,31,29,2
17180269369,9,9,0
212676,29,24,5
25770031871,13,11,2
8590167688,9,8,1
8590129616,11,11,0
27851,25,19,6
1915,124,95,29
229910,44,25,19
103079273252,8,6,2
25769871389,9,9,0
28366,79,37,42
8589991485,26,26,0
42949716240,9,9,0
25769915220,10,10,0
8590108017,49,28,21
34359848172,8,8,0
34359848171,9,9,0
34359947964,8,8,0
25770148900,29,24,5
8590243832,10,10,0
345627,70,30,40
8590243817,29,24,5
17179942373,10,8,2
51539629535,12,12,0
401465,12,11,1
42949737003,8,8,0
350206,9,9,0
42949775777,10,9,1
333657,8,7,1
77309548036,15,15,0
8590011046,8,6,2
25769970422,25,23,2
5003,79,59,20
76779,18,17,1
389266,33,28,5
60129555948,10,7,3
51539863412,8,7,1
8590192542,10,10,0
305112,71,46,25
17179996641,10,8,2
17179996643,9,9,0
174387,19,11,8
17180229810,11,11,0
92711,10,2,8
92710,19,2,17
34360033222,9,9,0
34360033223,9,9,0
42949813967,17,15,2
218520,59,47,12
109820,60,27,33
17180111968,12,12,0
34359885423,33,21,12
51539696480,8,8,0
34360140592,10,10,0
47893,43,35,8
8590137198,8,7,1
25769806953,8,6,2
8589989861,9,9,0
25770000315,12,10,2
25770120145,11,10,1
25770193166,8,8,0
191043,17,14,3
34359936064,10,8,2
17179879578,10,8,2
8590064166,12,12,0
8589942255,8,7,1
25769935133,11,11,0
8590251283,22,22,0
17180111372,8,6,2
154249,8,7,1
25770163574,9,5,4
413926,8,8,0
344517,10,10,0
344518,14,14,0
34359859591,8,8,0
77309591443,8,8,0
42950079126,8,8,0
200348,19,17,2
130732,26,19,7
252502,26,18,8
42949881126,9,9,0
50796,15,14,1
51539787379,8,8,0
280652,14,13,1
53412,10,10,0
363005,8,7,1
51539950278,8,5,3
34359932525,10,8,2
17180116569,22,18,4
17180037220,8,7,1
25770226007,8,8,0
77309434131,11,10,1
77309434127,8,7,1
42949967610,11,10,1
8590097833,13,12,1
409863,35,20,15
17180204380,9,9,0
1465,18,16,2
325051,16,11,5
247912,17,8,9
8589939809,9,9,0
17179946847,10,9,1
34360134736,12,10,2
34360134734,14,10,4
17180208533,13,11,2
34360134728,8,6,2
34359863510,11,11,0
17179893384,19,18,1
25770202785,10,10,0
77309809225,8,8,0
162178,68,40,28
389496,17,15,2
17180259296,34,21,13
17180006045,17,16,1
17180148380,71,41,30
8590154263,9,9,0
210947,18,18,0
17180261174,12,12,0
117014,53,27,26
17180237329,14,13,1
8590121578,11,11,0
253735,17,14,3
17179907816,12,12,0
399249,29,26,3
271251,65,43,22
389769,9,8,1
389771,9,8,1
42949870775,8,6,2
8590057509,27,23,4
8589936318,26,16,10
59305,8,8,0
156541,15,13,2
52403,72,43,29
249281,9,8,1
42949931395,11,10,1
8589968163,8,8,0
161227,32,23,9
17179893990,8,5,3
17179893992,14,11,3
17180249796,13,12,1
34360064947,10,7,3
288101,15,8,7
17179977305,9,8,1
17179916005,20,11,9
132764,19,10,9
105937,34,33,1
267854,19,18,1
8590029785,11,11,0
221343,17,17,0
362749,8,7,1
8590261873,11,10,1
17179903534,10,8,2
105938,67,53,14
8590298725,16,16,0
8590010196,14,13,1
8590016102,170,111,59
34359870232,13,13,0
8589992830,21,17,4
17180087414,8,8,0
8590226972,24,18,6
260774,9,9,0
4371,13,13,0
51539834222,9,8,1
77309797901,12,12,0
8590143637,15,14,1
34359857426,9,8,1
34359857429,9,9,0
34359857422,12,10,2
312716,8,7,1
17179999806,8,8,0
8590216479,9,7,2
8590314405,9,8,1
17179878011,24,15,9
17180283352,9,7,2
8589984386,16,4,12
142555,11,10,1
17179953312,9,9,0
17179953307,13,12,1
25770066457,10,9,1
42949868126,9,9,0
17180301475,23,19,4
42949944205,11,10,1
271707,14,14,0
150882,14,12,2
8590292159,8,8,0
8590292157,14,14,0
17179883251,17,16,1
408195,9,8,1
42949771899,16,15,1
42949800227,9,9,0
17180228625,8,8,0
25769949629,31,24,7
25769949623,8,7,1
347851,23,21,2
347854,20,20,0
68320,11,9,2
8589957827,22,20,2
25770078067,14,10,4
17180200362,11,11,0
8589964028,13,13,0
212698,22,17,5
34359821409,29,20,9
8590199636,34,27,7
85899498170,9,9,0
8590257083,28,16,12
17180178405,17,16,1
143143,20,16,4
199039,16,10,6
132537,15,15,0
137439190079,9,7,2
280688,31,27,4
8589968256,27,25,2
8590372311,10,10,0
193898,15,15,0
57050,40,32,8
8590059680,14,14,0
65626,26,22,4
17180077125,8,6,2
343070,16,14,2
51540053395,12,12,0
77309555825,15,12,3
25770036707,11,11,0
8590331236,26,19,7
25770036701,15,15,0
60129843277,8,8,0
83140,66,50,16
17179982610,30,29,1
8590372006,41,35,6
123893,41,40,1
42950030911,11,11,0
25769884518,11,9,2
45699,8,8,0
17180303361,28,21,7
68719650703,12,9,3
51539876729,14,11,3
338911,34,34,0
94489328460,9,9,0
34360029879,16,16,0
8590106156,11,11,0
60129736690,10,10,0
17180125900,26,26,0
17180245453,10,10,0
229989,22,17,5
51539948681,13,11,2
60129550405,15,15,0
8590083005,25,15,10
42949848961,10,10,0
25770135489,15,13,2
25770071467,13,13,0
39063,12,10,2
42949820300,21,19,2
8590250872,14,12,2
17180108615,12,11,1
17180108616,20,17,3
8590370492,11,9,2
60129929458,9,9,0
224964,24,22,2
224971,8,8,0
17180197464,10,10,0
34360037126,12,12,0
42949741313,10,10,0
185644,8,7,1
185645,14,13,1
28922,32,31,1
8590205393,8,8,0
361653,42,29,13
17179930905,8,8,0
146029224638,8,8,0
61652,17,11,6
17180045254,12,12,0
85899661959,9,9,0
8589988105,19,16,3
34359988269,10,10,0
227096,19,19,0
8590095886,12,12,0
17180140565,12,11,1
17180043725,11,7,4
8590117338,20,14,6
85899382907,9,9,0
25770219093,8,8,0
34359958811,9,8,1
180445,69,36,33
25769824915,10,9,1
333110,9,8,1
8589997261,29,25,4
8590093680,39,24,15
300963,54,40,14
85899786090,8,8,0
68719645007,10,10,0
132008,9,8,1
132007,8,8,0
55888,8,8,0
248181,19,17,2
137923,8,8,0
17180036022,25,20,5
25770053936,13,10,3
8590157494,12,11,1
75669,12,9,3
51539850719,9,9,0
66465,19,9,10
227330,16,11,5
12965,13,13,0
42949763234,10,10,0
17179975064,10,8,2
17179975065,13,11,2
47120,12,12,0
25769851626,13,13,0
137741,8,7,1
214148,56,51,5
68719478427,11,10,1
350464,19,18,1
34359835005,11,11,0
8590111206,8,8,0
25770104813,16,13,3
220679,11,11,0
8590062533,41,6,35
60129575769,11,11,0
60129575773,9,9,0
17180168299,9,7,2
51539807988,10,10,0
203944,11,11,0
221741,17,17,0
8590031533,17,10,7
109056,73,37,36
8590101504,27,21,6
8589951440,20,16,4
42694,12,12,0
17180244977,16,15,1
17180244978,18,17,1
60129595460,8,8,0
4261,22,22,0
90881,13,13,0
34359793237,10,8,2
91525,17,11,6
42949777147,9,7,2
60129696439,8,8,0
8590028872,14,12,2
8589958365,10,10,0
256948,26,21,5
9656,41,35,6
34855,13,13,0
17180260687,9,9,0
7822,16,12,4
269906,16,12,4
25769827113,22,18,4
17179971455,9,9,0
60129738275,8,8,0
8590092272,70,49,21
25770194841,11,10,1
173060,31,30,1
72237,25,23,2
77279,9,9,0
60900,11,10,1
60901,17,17,0
25770084337,20,17,3
204866,24,20,4
42949725030,14,14,0
60129548597,10,9,1
17180248345,14,13,1
42949772728,8,8,0
51539716544,11,10,1
42949935588,12,12,0
34360078577,8,8,0
57051,18,18,0
101217,17,17,0
8590311834,10,9,1
8590269712,27,14,13
367361,30,23,7
8590087230,9,9,0
8590167975,9,7,2
17180294737,40,33,7
8590035079,20,14,6
25770028458,11,11,0
25770008609,10,8,2
25770008616,26,17,9
8589939860,14,10,4
46688,13,13,0
66007,11,9,2
402324,21,15,6
163002,75,55,20
17180251195,11,9,2
8590277281,18,16,2
42949827480,10,10,0
8590090174,13,12,1
9349,12,11,1
60129717268,12,12,0
53340,28,25,3
25769927722,9,9,0
86873,21,20,1
28486,11,11,0
28472,20,18,2
28479,16,15,1
68719749453,10,2,8
17180299051,10,6,4
17180299050,11,4,7
34359744754,13,11,2
77309826299,9,9,0
193554,14,14,0
25770155019,8,8,0
25770155017,11,11,0
60129599101,9,9,0
103079550839,9,9,0
370744,11,9,2
8590164338,8,8,0
8590370399,24,24,0
8590229309,10,7,3
8590229318,8,8,0
25769922041,11,10,1
8590356112,15,11,4
403592,41,22,19
8590177021,10,10,0
8590177018,18,16,2
39189,15,15,0
344699,13,11,2
17180215293,8,8,0
8590273085,15,3,12
8590326544,25,17,8
34359921579,10,7,3
155065,16,12,4
8590212416,15,15,0
8590212417,8,8,0
17180057392,11,11,0
8590076142,10,10,0
34359843972,11,11,0
8589988435,13,11,2
8590017667,10,9,1
8590315723,9,9,0
8590050596,10,10,0
77309829776,8,8,0
77309829775,9,8,1
77309829772,9,8,1
8590130073,35,23,12
68719624747,12,10,2
96242,15,10,5
381566,11,11,0
25769827870,27,25,2
87471,8,8,0
34360112534,8,7,1
85899739078,10,10,0
17180096094,12,12,0
347197,9,9,0
191347,27,25,2
30487,18,16,2
25770023113,12,12,0
59887,36,29,7
315612,32,26,6
25769908815,9,8,1
8590011585,14,14,0
34359872914,8,8,0
34359739208,16,14,2
241240,13,12,1
241237,17,15,2
241239,14,11,3
241242,9,8,1
241243,13,12,1
8590045874,12,12,0
8590261954,29,26,3
8590290341,11,11,0
136422,8,7,1
17179904503,35,20,15
256437,12,10,2
25770029426,9,9,0
25770008061,11,11,0
34360054914,8,8,0
25770029424,10,10,0
17180099029,9,8,1
8590005103,8,7,1
17179956275,17,16,1
42949852236,32,17,15
8590213312,26,20,6
147160,46,33,13
274978,13,12,1
274984,9,8,1
8590263917,32,31,1
355795,8,8,0
8589981625,47,38,9
133141,9,9,0
12796,17,16,1
103079570661,8,8,0
147296,79,70,9
85899691746,8,8,0
196449,25,24,1
34359906704,10,10,0
25770225181,10,10,0
25770080105,14,13,1
25300,54,51,3
257080,12,12,0
17179880126,77,23,54
8590167403,8,8,0
423793,12,9,3
210009,9,9,0
197672,37,26,11
60129775309,10,9,1
311684,17,15,2
311688,11,9,2
305893,31,24,7
270341,32,30,2
191086,14,14,0
25770233659,8,5,3
206981,12,12,0
8590053306,24,20,4
25770208030,13,13,0
34359839977,10,8,2
137439258640,9,9,0
8590054124,32,28,4
389974,8,8,0
322662,19,17,2
51539852852,14,13,1
8590295423,25,23,2
8590045683,15,13,2
17180043468,18,15,3
128849204022,8,6,2
34360049008,11,11,0
145636,11,11,0
17179969033,26,18,8
172231,18,11,7
8590029491,26,16,10
17180198792,21,18,3
17180021543,10,9,1
400723,20,18,2
8590081457,21,18,3
25770102207,10,10,0
25770102208,11,11,0
39120,25,16,9
25769972061,8,6,2
143464,16,13,3
150367,27,23,4
25770019066,16,13,3
25769895175,21,18,3
17180094353,29,27,2
25769888730,8,6,2
397496,26,20,6
226468,24,24,0
173075,10,10,0
68719818619,12,12,0
42949900423,8,8,0
173079,8,8,0
173077,12,12,0
25769981872,13,13,0
25770116342,8,5,3
8590040942,9,6,3
8590080029,11,8,3
92241,29,27,2
51539749725,19,14,5
8589972894,12,12,0
127293,29,28,1
8590336558,10,9,1
8590125801,21,20,1
17179921143,38,25,13
34359764545,19,13,6
103079614786,11,10,1
17180288514,8,6,2
17180214343,19,18,1
51539779740,9,8,1
120259382178,8,8,0
25769944108,8,6,2
313141,39,26,13
384929,11,9,2
8590359373,13,10,3
34360065741,8,8,0
42949803647,12,9,3
13785,80,48,32
60129591671,15,14,1
34360068385,9,9,0
25769808556,12,9,3
192964,12,11,1
25770010297,18,14,4
288412,14,13,1
17180276725,9,9,0
42950090267,12,11,1
42950090271,13,13,0
42950090274,9,9,0
42950090270,15,13,2
17180100155,13,11,2
51539681025,8,8,0
31253,8,8,0
25770219648,25,19,6
8590303629,19,13,6
17180048947,11,8,3
173092,10,10,0
173096,12,12,0
8590115152,10,10,0
8590314086,8,8,0
42950055234,14,14,0
17179933238,10,10,0
17179933231,42,39,3
17179933234,11,10,1
41360,9,8,1
8590261685,16,12,4
8590337009,15,9,6
25770052528,8,8,0
51539857195,14,14,0
17180009160,9,8,1
8590125440,21,20,1
17180043715,77,49,28
17179997280,13,11,2
8590020008,17,17,0
8590020011,9,7,2
76995,30,28,2
85899783075,11,11,0
8590231629,16,15,1
60129551494,17,14,3
17179877290,8,8,0
8589943853,20,18,2
122854,124,95,29
8590143839,10,10,0
8590143837,12,12,0
17180128151,8,8,0
68719884762,9,9,0
77309733713,11,11,0
25770243484,8,7,1
8589947801,36,32,4
17180199849,15,15,0
365441,14,10,4
365438,12,8,4
365431,45,19,26
68386,70,13,57
25770060791,8,6,2
25770092508,12,12,0
17180025315,15,11,4
68719742878,12,11,1
60129658934,10,10,0
34360004570,9,9,0
25770237450,12,5,7
64247,21,17,4
8589973710,32,30,2
17179930800,10,9,1
17180291092,13,10,3
77309706419,8,8,0
103286,8,8,0
47816,12,8,4
190899,8,7,1
51539617591,8,6,2
60129812209,17,17,0
34359897039,10,10,0
8590332638,17,11,6
256681,13,13,0
8590079148,12,11,1
68719892305,8,8,0
8589967639,43,37,6
8590375788,8,7,1
25770037070,9,9,0
17179921527,8,7,1
44516,12,7,5
161842,17,15,2
63660,28,13,15
399208,32,27,5
8590273633,10,10,0
8590162796,31,24,7
8590065350,31,25,6
8589949198,8,8,0
8590187017,51,47,4
8589936698,18,13,5
34360160288,8,8,0
410993,28,19,9
77309625126,11,11,0
17180193191,21,19,2
133939,27,24,3
17179989132,8,8,0
68719900109,8,8,0
25770073030,24,22,2
223614,12,12,0
25770058234,16,15,1
77309806352,11,11,0
53941,32,22,10
17179958304,23,19,4
42949926781,17,16,1
8590146513,19,17,2
51539717984,8,8,0
137439183641,8,8,0
34359903332,24,18,6
17180082435,11,11,0
379020,34,12,22
96580,9,9,0
109359,112,77,35
54897,172,64,108
25770076780,9,9,0
77309694795,11,10,1
77309694786,8,8,0
34360146204,10,9,1
51539995739,9,9,0
34359749562,10,10,0
8590089701,8,8,0
34359959448,8,8,0
68719478950,13,12,1
25770174922,8,7,1
25770208117,13,9,4
120259485567,9,7,2
146948,55,41,14
160037,45,30,15
42949811902,8,7,1
17179957895,8,8,0
190617,9,9,0
49463,11,10,1
25769899958,10,9,1
60129860774,13,8,5
231804,29,23,6
8590151608,13,11,2
68719808407,13,13,0
8590310107,13,12,1
8527,35,31,4
34359864711,13,12,1
17180270956,8,8,0
282297,8,7,1
111669443286,14,10,4
54578,140,90,50
60129583655,13,12,1
174299,19,14,5
25770119527,20,17,3
17179928835,19,11,8
17179928838,12,9,3
33015,8,7,1
2757,36,27,9
61306,19,17,2
8590317338,29,25,4
65905,15,12,3
25770165953,8,6,2
17180298324,9,7,2
8590050476,14,14,0
8590347196,15,11,4
8590109069,23,16,7
77309613829,8,6,2
120259283249,8,8,0
34360046421,17,17,0
267028,11,10,1
137931,45,40,5
17180307225,10,10,0
17180093582,14,14,0
17179912856,9,8,1
60129709959,16,16,0
25770021271,26,25,1
17179939486,26,21,5
240735,12,12,0
103079216691,9,8,1
42950110009,13,12,1
8590195956,9,8,1
309508,24,15,9
68719747419,8,8,0
349052,10,9,1
25769892007,14,14,0
406295,10,8,2
51539896764,13,13,0
60129810780,11,11,0
103224,13,11,2
231283,18,13,5
308491,18,14,4
34359807614,8,6,2
69788,17,15,2
17179927312,35,26,9
17179927303,8,8,0
42949793527,12,11,1
332508,37,36,1
17179891126,49,42,7
8590326754,8,7,1
8590326755,13,11,2
42949693657,12,10,2
85936,9,9,0
34359789351,19,17,2
8590006993,15,15,0
17180217328,12,11,1
51539675714,11,11,0
51539675719,11,11,0
94489360684,9,7,2
166943,28,26,2
8590198793,10,10,0
17180156527,8,7,1
352305,10,8,2
17180207697,41,23,18
8589980835,8,6,2
17179979403,8,6,2
17179889504,9,9,0
315719,22,19,3
368859,11,9,2
8590044559,16,16,0
8590348993,20,18,2
120259173077,8,8,0
8590110394,12,11,1
154111,22,21,1
34359761473,10,9,1
26130,11,10,1
8589976641,10,10,0
8590262255,28,18,10
8589950049,18,13,5
17180258685,24,21,3
85899763608,10,10,0
183020,28,23,5
17180163099,17,16,1
8590168769,9,9,0
51539795273,8,6,2
8590213568,12,12,0
8590213575,11,10,1
17180133462,16,16,0
7954,20,15,5
8590027099,41,29,12
17180292160,9,9,0
149597,13,13,0
335251,17,16,1
209986,8,7,1
17180235988,10,10,0
27156,29,22,7
100933,22,17,5
8590023414,25,20,5
243623,10,10,0
17180291671,20,17,3
25769866888,12,12,0
43389,8,8,0
68719786201,10,10,0
13210,54,45,9
25769971658,10,10,0
8590059051,9,8,1
284892,17,12,5
8590120414,12,12,0
183384,11,11,0
183385,11,11,0
156651,26,19,7
17180180840,21,16,5
8590091201,46,21,25
60129548288,8,8,0
25769856841,10,9,1
326410,10,10,0
151595,27,21,6
93815,10,10,0
94724,10,10,0
8590105396,17,14,3
17179914169,16,14,2
8590291348,32,22,10
8589967848,12,12,0
111669442847,8,8,0
324033,9,8,1
265160,10,6,4
60129682164,14,14,0
8590364254,19,17,2
34359772379,8,8,0
17180259284,13,11,2
17180259288,9,8,1
25769972354,11,11,0
17179870711,9,9,0
8590069543,12,12,0
42949934171,12,12,0
17180060961,17,16,1
25770115507,11,9,2
8590179208,11,8,3
25769832169,14,14,0
25770181483,13,13,0
113624,38,21,17
330141,11,11,0
25770181478,8,8,0
77309621655,8,7,1
8590240664,16,13,3
77309594578,11,9,2
8590240661,19,18,1
381861,18,18,0
42950053423,10,10,0
199878,9,9,0
14935,8,8,0
58271,27,19,8
8590135544,8,6,2
25770177024,15,8,7
270705,60,44,16
8590320650,19,18,1
43490,8,8,0
269801,8,8,0
269804,9,9,0
60129725569,15,9,6
111669522013,12,10,2
8590130145,12,12,0
282924,12,11,1
282925,8,8,0
244440,53,41,12
17179922702,11,10,1
25769932419,10,9,1
8590339073,9,9,0
17179969341,12,12,0
42949798117,9,8,1
8589964216,15,13,2
8590082907,21,20,1
82935,62,25,37
82939,10,8,2
60129683388,12,12,0
60129627921,8,8,0
17179893722,8,7,1
25769926070,20,13,7
251134,13,10,3
25770225470,17,17,0
17180265491,16,15,1
60129628406,20,18,2
111669259012,8,6,2
34359941855,11,11,0
17179946361,9,7,2
17179969283,9,8,1
8590132410,8,8,0
392510,17,14,3
85899352882,8,8,0
25770199638,13,12,1
8590071957,8,8,0
8590093525,17,17,0
383981,13,10,3
17179910562,10,10,0
25769830378,13,11,2
97765,38,23,15
8590254870,23,19,4
34359805404,8,7,1
208832,9,8,1
208829,8,8,0
240029,11,10,1
240030,51,37,14
42949941589,12,12,0
299462,9,9,0
411488,9,9,0
219115,21,19,2
193614,37,24,13
51539837946,10,5,5
25769946502,30,23,7
17180181437,9,8,1
48699,12,12,0
48700,11,11,0
8590252066,32,29,3
8589945654,10,8,2
8590093246,17,17,0
138472,12,12,0
377160,10,9,1
32459,33,25,8
35029,12,12,0
25770039266,9,8,1
85899363517,11,11,0
377899,8,8,0
8590205726,11,11,0
42949685485,12,12,0
25769969198,15,15,0
8590221119,38,32,6
34359960130,9,8,1
8590103504,9,7,2
411355,38,36,2
143079,9,9,0
94489335680,12,12,0
342360,27,26,1
190889,64,54,10
25770118996,9,7,2
110415,16,15,1
25769868601,11,11,0
25769868598,12,12,0
416045,10,10,0
38260,9,4,5
42949833784,8,8,0
51539644814,9,9,0
34360156460,14,13,1
133524,24,20,4
8590056198,42,41,1
21211,19,16,3
42949706327,9,9,0
8590337984,10,10,0
8590078185,11,11,0
8590078188,9,9,0
8590078189,19,16,3
8590078182,29,28,1
25769813466,8,8,0
60129944815,10,9,1
315081,57,23,34
315084,25,13,12
414213,12,11,1
158377,13,13,0
158379,8,8,0
107956,14,14,0
25769918611,9,8,1
262644,9,9,0
103079240047,9,7,2
269060,10,8,2
56495,18,13,5
25769833466,8,7,1
51539859824,9,8,1
17180101556,21,7,14
68719549287,8,8,0
8590045763,8,7,1
8589960432,37,35,2
8590292271,13,12,1
25770031592,15,15,0
101522,23,17,6
296729,14,12,2
56987,36,27,9
34360041524,8,6,2
328774,15,12,3
17180155713,8,8,0
17180044307,8,8,0
60129731858,8,7,1
25769869049,9,8,1
34360090975,17,15,2
8589959505,11,10,1
8589954652,10,9,1
203901,22,11,11
245037,25,24,1
25769827821,20,18,2
17180098570,25,24,1
398847,9,9,0
8590138758,25,21,4
8589997040,8,8,0
34359747607,18,18,0
17180247182,23,22,1
371356,51,46,5
17179971177,9,9,0
17180040866,32,27,5
250584,13,10,3
67608,15,15,0
67605,17,16,1
17180148192,12,12,0
17180293853,10,9,1
110510,20,17,3
315925,11,11,0
8590040178,44,19,25
8590304076,25,12,13
34359947559,10,8,2
25770202619,14,14,0
51539954964,9,9,0
259462,62,46,16
17180170839,30,25,5
42950019216,11,9,2
42950019217,17,13,4
17179988333,8,8,0
51539671003,8,8,0
34360065130,12,12,0
34360065129,14,14,0
8589985944,11,9,2
68719649320,8,6,2
41082,16,16,0
94489698554,9,9,0
17180288734,20,14,6
60129723098,9,9,0
77309452425,15,10,5
152835,46,40,6
77309779338,12,10,2
17180159733,18,14,4
161405,24,24,0
8590262203,8,6,2
42949718886,10,9,1
5386,30,22,8
149077,13,13,0
163625,13,11,2
240351,10,9,1
25769843009,10,10,0
34359892839,9,8,1
34359892836,9,8,1
68719692394,11,11,0
17180038817,8,8,0
96638,9,9,0
42949739687,14,12,2
25769876864,12,10,2
25770151135,8,7,1
42950010056,12,10,2
17179896577,10,9,1
8590364583,11,10,1
42949728845,10,10,0
42949728849,8,8,0
42400,13,10,3
155891,19,10,9
42949981606,10,8,2
8590039408,19,17,2
38875,21,13,8
34359833035,9,8,1
342203,29,23,6
255469,22,21,1
25770129574,10,8,2
382075,13,12,1
17180018959,8,8,0
8590002471,8,6,2
111669442849,9,9,0
51539809235,9,9,0
172253,20,12,8
191646,23,18,5
113538,9,9,0
113541,9,9,0
8590038692,8,8,0
25769909262,9,9,0
25769946459,8,8,0
17180056327,8,8,0
8590152234,12,10,2
85899435289,9,8,1
8590112536,9,8,1
8590247976,35,22,13
8589985641,11,10,1
68719858773,9,9,0
108941,13,13,0
34359960050,14,11,3
409537,15,14,1
8589943999,29,27,2
57269,18,9,9
8590080496,13,13,0
8590352887,16,16,0
133826,17,11,6
25770186736,10,10,0
17179970430,13,12,1
8590069512,44,39,5
17180104820,8,8,0
51539713899,12,11,1
42949798627,24,12,12
51539713903,8,8,0
8590010154,12,10,2
122850,10,10,0
94489586411,8,8,0
222465,13,13,0
94489586407,8,8,0
42950102666,16,15,1
17179942057,11,11,0
25769970259,23,21,2
34359831224,10,10,0
8589993310,9,7,2
8589993303,8,6,2
17180018819,36,22,14
77309443146,10,10,0
60129895252,9,9,0
116425,56,44,12
26597,95,58,37
17180104275,10,9,1
111669195912,10,9,1
17180104278,17,12,5
379599,18,11,7
360284,10,6,4
17180055584,11,10,1
17180055583,12,11,1
295968,13,11,2
8590137531,12,12,0
69789,18,13,5
109064,11,10,1
68719766320,8,8,0
8590020918,47,25,22
8590252199,8,8,0
347044,25,18,7
25769812417,12,11,1
33409,16,15,1
17180104418,10,7,3
25769884200,19,11,8
8590040214,31,21,10
42949729368,11,10,1
25770092840,32,32,0
138819,8,7,1
120593,9,9,0
300088,14,10,4
8590174895,13,11,2
359733,20,16,4
25770232429,22,15,7
20192,15,13,2
25769844687,29,14,15
68719784983,13,12,1
8590098795,8,8,0
8590206449,12,12,0
25770040657,8,8,0
17179871320,9,7,2
9416,11,9,2
17179927583,13,12,1
51039,10,10,0
8590219764,14,13,1
60129631562,12,12,0
275542,25,19,6
25770178763,17,16,1
60129620825,9,3,6
118988,30,30,0
42950064287,10,9,1
8590034617,10,10,0
34359915718,14,9,5
8590031239,18,17,1
375011,9,6,3
8590029433,8,8,0
25770056180,18,18,0
8590272482,12,12,0
8590272469,20,13,7
156035,12,11,1
8590009621,8,7,1
124797,45,18,27
34359899039,31,31,0
51540016239,11,10,1
25770213569,10,8,2
375421,17,17,0
375420,9,9,0
375423,9,9,0
8590115096,20,14,6
25770123663,10,9,1
25770158723,19,15,4
42949689790,8,8,0
8590041129,23,16,7
103992,19,18,1
68719504695,13,11,2
17180306763,18,14,4
361585,8,8,0
17180306760,8,8,0
60129868735,11,9,2
17180157782,14,14,0
25292,34,19,15
8590214593,11,10,1
8589958739,15,15,0
84517,17,17,0
42949850000,15,15,0
17179918495,16,15,1
157464,8,7,1
305647,40,18,22
25769940027,14,12,2
8590190114,10,10,0
42949871821,8,6,2
160905,16,14,2
8589946333,14,14,0
8590035039,11,11,0
51539882317,14,14,0
42949818278,10,10,0
34359850191,23,21,2
145858,21,19,2
17179997726,8,8,0
17179997727,8,8,0
333794,9,7,2
17179963988,10,8,2
25769917171,13,13,0
8590136154,21,17,4
357956,9,9,0
357952,14,14,0
357968,8,8,0
357958,12,12,0
34359772766,9,9,0
104306,32,30,2
25769882697,11,9,2
34359830405,14,14,0
34359830407,10,6,4
8950,8,5,3
25770122962,8,8,0
8590070559,8,8,0
42949930969,15,14,1
178427,16,14,2
364064,19,18,1
17180211141,8,8,0
8590307310,9,8,1
17180097670,28,27,1
42949733642,13,13,0
27518,42,37,5
42949892551,12,12,0
8590148893,8,8,0
8590276461,12,11,1
42949832874,8,7,1
96524,89,61,28
60129914977,10,10,0
17180181475,36,28,8
8589980062,26,24,2
403859,12,8,4
403855,9,7,2
25769942593,14,13,1
25769835944,11,11,0
25769835948,8,8,0
8590281599,12,11,1
6671,25,20,5
8590089672,70,47,23
55324,8,8,0
51539613570,21,19,2
25769912381,14,14,0
25770009231,22,17,5
346751,9,9,0
216624,32,29,3
25769990484,13,11,2
62694,12,7,5
8589951078,11,10,1
25769907505,12,10,2
17179900321,10,10,0
25770196805,15,15,0
359240,32,29,3
283775,41,39,2
253230,31,25,6
8590101732,15,14,1
8590101731,13,13,0
69823,8,7,1
51539801633,16,12,4
34360013225,8,8,0
34360047190,11,2,9
76114,18,18,0
8590101313,17,17,0
164705,55,47,8
8590151551,13,13,0
111875,101,70,31
51539814072,10,9,1
68719763562,9,9,0
17180138150,18,17,1
17180138146,12,11,1
8590378260,12,12,0
25769924082,15,10,5
17179897010,26,10,16
51540048863,12,9,3
51539876508,10,8,2
264959,10,9,1
264961,9,8,1
264963,10,9,1
140732,59,25,34
8590019722,24,19,5
8590034715,15,12,3
42949784263,17,15,2
25770175403,12,12,0
8589998196,11,11,0
17180285081,12,12,0
77309489041,10,9,1
286541,29,24,5
17180067475,8,7,1
17180067479,10,10,0
51539627867,19,13,6
68719720301,8,7,1
17180139318,12,11,1
42949702891,12,12,0
17179938599,19,18,1
25769866607,18,17,1
94489638798,8,7,1
60129608554,8,6,2
302134,25,20,5
302125,38,26,12
25770224633,13,12,1
60129722594,11,9,2
51539684905,9,9,0
8590376604,14,13,1
60129696166,10,10,0
42949738273,8,8,0
223407,19,17,2
265555,18,13,5
8590110487,8,8,0
17180210287,26,24,2
51539748966,9,9,0
8590353074,8,6,2
60083,26,26,0
17180142858,8,8,0
17180142856,14,14,0
84948,12,12,0
390134,29,29,0
34359840163,8,8,0
34359840162,13,13,0
34359840164,17,15,2
34359840161,15,15,0
17180174212,21,20,1
34359840158,11,11,0
17180212703,10,10,0
17180212700,15,10,5
17180084061,10,10,0
8590237026,37,30,7
17180005607,13,12,1
129535,21,17,4
17180163982,8,7,1
34359877934,10,9,1
17180231444,8,8,0
17180131391,10,9,1
51539712269,8,8,0
17179877215,15,14,1
42950035170,13,11,2
34359986300,10,9,1
115704,25,24,1
34360025210,10,10,0
68719851369,12,12,0
25769918502,13,13,0
17179927358,10,10,0
17180199427,14,13,1
17180102098,13,12,1
85899372480,9,9,0
68719488798,9,8,1
34359890619,29,28,1
8590198517,9,7,2
8590305903,9,9,0
8590198522,9,7,2
51539855435,11,9,2
17180275859,13,10,3
17179977430,12,11,1
60129947090,8,8,0
25769896231,12,9,3
25769909447,12,9,3
25769909444,8,6,2
244863,11,8,3
244866,13,10,3
244869,12,9,3
37288,8,8,0
42949715956,9,9,0
396129,21,17,4
25770173155,9,9,0
25769965048,27,23,4
51539760285,12,12,0
51539867961,16,14,2
8590003452,46,33,13
50589,44,32,12
208775,33,24,9
25770006921,10,10,0
314737,10,8,2
42949675994,8,8,0
314740,8,7,1
103079368022,10,7,3
60129953089,9,8,1
54157,58,28,30
104478,43,27,16
164624,10,8,2
194392,22,13,9
17179953380,16,16,0
221423,21,21,0
17180249534,9,9,0
42138,26,21,5
34359983623,8,8,0
17180036108,20,18,2
51539659945,10,8,2
8590170425,32,17,15
22250,8,7,1
34360027008,17,12,5
233648,21,21,0
17180050867,34,29,5
338252,20,19,1
44966,13,12,1
44963,26,19,7
44970,13,11,2
8590209057,14,14,0
8590209060,9,9,0
34359743582,9,8,1
34359775522,13,13,0
25770080076,37,28,9
110586,28,27,1
42949889193,14,12,2
25769971128,30,13,17
17180140030,15,13,2
205735,18,17,1
17180058236,23,21,2
134915,26,22,4
51539608877,8,5,3
34359794941,14,14,0
42949790613,10,10,0
158716,12,10,2
34360052782,8,8,0
18065,17,17,0
324333,14,13,1
17179913416,12,11,1
8590177618,12,12,0
26216,15,15,0
34359984881,13,11,2
13233,11,9,2
366085,23,20,3
25770098878,11,11,0
1440,12,12,0
25770098876,9,9,0
25770098877,12,12,0
25770098880,10,10,0
17179882829,8,8,0
8590089055,16,16,0
365424,114,67,47
8590146366,24,22,2
25769982767,13,13,0
51539970723,16,14,2
25769982763,10,10,0
8590105686,13,13,0
214604,11,10,1
37845,12,8,4
42950066352,8,6,2
51539834350,8,7,1
8589947960,12,9,3
8590229071,11,9,2
17180025086,9,7,2
8590172732,9,7,2
323015,15,8,7
8590132609,16,11,5
251857,9,9,0
17179957511,10,7,3
17180202853,16,14,2
8590162267,18,13,5
8590259309,27,22,5
25769829298,9,8,1
17180139757,23,13,10
51539699310,15,11,4
77309643291,10,10,0
151746,8,8,0
60129736460,8,7,1
8589968720,52,46,6
17180067666,8,5,3
306187,41,35,6
8590067116,14,13,1
196638,22,19,3
120259433896,9,9,0
17179906946,13,13,0
194526,43,40,3
51539742837,11,7,4
171821,35,18,17
371850,13,12,1
17180069168,23,21,2
8590038054,16,14,2
17180255027,12,11,1
17180255034,10,9,1
85899680244,9,9,0
17180255038,8,7,1
42950110416,8,8,0
42950085443,8,7,1
132152,29,27,2
17180154898,9,9,0
383227,18,13,5
77309755719,8,8,0
144924,59,42,17
17179912015,10,10,0
8589984060,10,10,0
8589984065,8,8,0
34359854801,8,7,1
17179962061,16,14,2
199377,26,16,10
17180275832,25,25,0
42949934333,10,10,0
378801,10,10,0
8589951667,8,8,0
8589951670,15,15,0
51539979434,19,19,0
68719753761,9,9,0
25770147126,12,12,0
34359984378,12,4,8
60129915031,9,9,0
17179953837,12,12,0
102854,8,7,1
25770126885,17,15,2
25769817889,21,16,5
17179924378,14,12,2
8590070370,19,19,0
94489629123,8,8,0
42949994630,15,13,2
68719829988,8,8,0
229038,13,13,0
42950020846,12,11,1
85899471450,9,9,0
8590012252,11,11,0
34359767606,11,11,0
25769922715,15,15,0
17180224588,10,10,0
51539965641,9,8,1
8590310934,9,8,1
59816,35,34,1
51539891845,20,16,4
8590212727,8,6,2
25770213833,12,12,0
25769911476,8,8,0
8589990965,10,10,0
8589990967,10,10,0
8590073751,16,13,3
17179914017,9,9,0
8590113991,16,14,2
17180267727,9,9,0
42949715966,9,7,2
255445,15,15,0
8589946390,20,20,0
239602,16,15,1
8589961343,10,10,0
81910,10,10,0
13700,23,18,5
287983,10,10,0
8590015641,14,11,3
8590015639,8,8,0
42950106922,16,14,2
361410,14,13,1
25769849501,13,9,4
17179938354,10,8,2
34360104117,8,7,1
17180022002,9,9,0
8589976603,44,40,4
27185,37,29,8
42949907066,11,10,1
8590379821,10,10,0
17179919422,13,11,2
8590001229,53,46,7
68719506139,8,6,2
94489603740,13,9,4
77309496322,10,8,2
17180020849,8,8,0
256410,10,9,1
8590145386,41,28,13
8589965643,104,74,30
8589965664,19,19,0
34359901454,20,20,0
67174,36,33,3
210148,109,72,37
362287,30,24,6
145377,25,23,2
8590194452,15,14,1
139243,42,33,9
17179875810,42,29,13
17180084680,12,10,2
17180200150,16,15,1
108876,23,23,0
42949998989,13,11,2
17180050546,44,27,17
34359996836,9,6,3
17180263651,20,15,5
34359996893,18,16,2
8590232170,21,18,3
59826,56,44,12
25770068049,9,8,1
103079276100,11,11,0
18101,119,70,49
25769826467,8,7,1
8589939249,12,12,0
17180162875,25,23,2
8590127879,16,15,1
68719513673,8,8,0
17180155614,10,9,1
8589967361,14,12,2
413365,44,37,7
17179955034,27,26,1
51539810547,9,8,1
8589948745,36,28,8
25770040359,14,12,2
25770209022,13,13,0
17180205675,23,19,4
17179960782,8,8,0
299190,10,9,1
60129548142,9,8,1
60129548140,8,7,1
281257,20,16,4
25769850070,29,19,10
10334,16,14,2
10338,110,69,41
34360035125,11,11,0
34359875475,10,10,0
25770123943,16,16,0
8590370613,8,8,0
25770025553,15,13,2
51539773932,8,8,0
51539773934,8,8,0
51539773939,10,10,0
42950058754,8,8,0
8590024868,16,15,1
215653,8,6,2
17180023050,15,11,4
101692,16,11,5
60129782673,12,9,3
78944,8,8,0
8590001914,8,7,1
51539889742,8,7,1
8590051726,14,13,1
17180102900,8,8,0
328642,11,8,3
275927,8,5,3
25769950066,16,16,0
60129646792,8,8,0
85899703264,9,9,0
34359759567,8,8,0
99926,121,84,37
17179935507,16,11,5
8589954725,13,4,9
108520,56,30,26
223006,21,21,0
8590201369,23,22,1
8589966006,17,11,6
25770069877,14,12,2
58763,37,22,15
68719826289,10,7,3
94489620765,10,10,0
34359937724,10,9,1
8589969706,38,34,4
8590065525,14,13,1
77309553529,10,6,4
248347,21,18,3
4520,19,14,5
60129858545,8,7,1
25769900663,26,23,3
271849,9,8,1
17179871315,27,18,9
8590051533,49,43,6
8590331608,10,10,0
8590143866,11,10,1
60129920875,8,6,2
8590353145,9,9,0
190632,46,39,7
265442,26,16,10
373934,24,22,2
104402,9,6,3
25769928799,17,15,2
25769928786,8,8,0
93036,17,15,2
8589958126,13,12,1
25769855503,9,9,0
103295,9,7,2
17180288041,8,7,1
11791,11,11,0
270729,17,16,1
25769823993,15,15,0
17180032606,28,28,0
17180259576,9,9,0
17180005779,8,8,0
8590223580,10,10,0
8590223584,12,12,0
8590207639,9,9,0
17179920658,20,20,0
177796,9,8,1
8590083229,30,30,0
8590284102,37,28,9
25769827454,11,11,0
17180070625,10,7,3
17180230836,22,19,3
365720,8,8,0
8590215513,9,8,1
68719788990,12,12,0
392619,8,8,0
392618,12,10,2
60129812929,8,7,1
43129,15,14,1
137439320495,10,10,0
100225,16,14,2
68719584692,8,8,0
60129880112,10,10,0
8590052725,10,9,1
8590046904,15,11,4
8590088269,8,8,0
34360124269,8,8,0
185655,12,12,0
226757,15,12,3
226756,60,37,23
362164,34,31,3
97892,27,24,3
8590290205,12,10,2
8590044608,13,10,3
60129776497,11,10,1
60129867645,10,9,1
8590123509,16,12,4
43761,15,15,0
43758,21,19,2
25769897695,11,10,1
42949931226,14,10,4
25769848870,13,12,1
108820,155,124,31
85899421325,11,8,3
9218,12,12,0
17179925477,14,13,1
17179925473,8,8,0
42949817050,12,10,2
104036,17,13,4
104039,16,13,3
25770109156,8,8,0
163272,8,8,0
17179991100,19,19,0
17179932591,11,11,0
8589949252,8,8,0
8589949255,12,11,1
285427,15,13,2
140356,20,20,0
15531,90,26,64
177040,26,11,15
8590334032,9,7,2
17179918096,10,9,1
17180104822,9,8,1
8590091150,10,10,0
226683,31,29,2
34359754493,10,10,0
51981,22,20,2
8590028881,10,10,0
400985,11,11,0
8590339174,8,7,1
244651,8,6,2
17179870804,18,16,2
8590012464,10,7,3
17180275929,16,16,0
42949678025,11,10,1
42949752130,9,9,0
190957,8,8,0
25769844521,8,8,0
51539958883,10,6,4
248276,16,8,8
25769991177,11,10,1
25769838230,17,16,1
384212,19,18,1
51539616855,9,8,1
17180042410,14,12,2
103079552576,12,11,1
25769972261,9,9,0
8590336203,9,8,1
25769837443,9,9,0
103079222729,9,9,0
45977,50,48,2
17179874485,15,14,1
8590143507,9,9,0
8589940541,11,10,1
25769837421,16,11,5
128420,10,9,1
60129655509,13,12,1
60129666175,12,12,0
17179964246,13,11,2
8590169313,21,13,8
8590189305,11,11,0
337067,47,40,7
34359747745,9,7,2
60129927499,8,3,5
77309797451,8,7,1
42950018907,9,9,0
160341,10,10,0
17179908098,32,23,9
34359765999,8,8,0
17180184386,18,18,0
17180184387,9,9,0
417298,12,12,0
77309444286,8,7,1
237022,8,7,1
77309668588,8,8,0
77309717624,8,8,0
17180110380,19,15,4
25770198871,8,8,0
25769883528,18,16,2
68719900286,12,11,1
8590164058,11,11,0
17179954357,11,10,1
268730,10,10,0
17179954359,21,21,0
17180155221,16,14,2
319406,18,16,2
34360082594,11,11,0
17180192468,9,9,0
17180124946,34,30,4
51539960946,10,10,0
8590052998,23,22,1
353463,18,14,4
68719526313,9,9,0
375861,9,8,1
278917,9,9,0
285271,17,16,1
42949715245,13,12,1
8590169073,20,20,0
326025,9,9,0
326019,11,11,0
34359741326,8,8,0
8590208557,10,10,0
85899494344,9,8,1
17180164682,13,13,0
25769980348,15,13,2
34359911196,11,11,0
103079331531,10,10,0
17179955641,9,8,1
239788,12,11,1
42949757936,12,11,1
25770041000,8,8,0
17179896335,11,11,0
159966,9,9,0
126620,8,4,4
240576,50,24,26
17180027495,9,8,1
110390,91,36,55
8590022750,12,12,0
148115,16,15,1
331717,27,22,5
326975,41,38,3
68719792766,10,9,1
228933,9,8,1
167979,23,23,0
8590075141,20,19,1
8590018176,8,6,2
8590052920,14,14,0
8590098389,23,13,10
8590023459,17,16,1
8590176462,11,11,0
51539889231,8,8,0
365873,14,14,0
60129836683,8,8,0
138890,16,15,1
17180033569,22,20,2
25769994348,8,8,0
39611,69,66,3
34292,26,24,2
105622,15,15,0
51539975886,8,6,2
19393,23,16,7
8589999459,13,12,1
415970,10,10,0
8589972419,17,16,1
17179869284,10,10,0
366403,32,17,15
291577,56,2,54
8590208820,9,9,0
13841,19,15,4
154107,13,10,3
17180210506,22,18,4
187882,13,11,2
68719722679,13,13,0
25770107325,9,8,1
34359824426,10,10,0
227830,23,23,0
17179958838,14,12,2
69325,9,9,0
42949783304,14,14,0
34359846145,9,9,0
334517,10,10,0
25770245597,9,8,1
12031,75,57,18
60129956521,13,11,2
25770023679,13,12,1
137439269885,9,9,0
103079493184,11,11,0
68719573063,14,11,3
8590047403,8,6,2
34359774778,9,9,0
25770136982,10,9,1
17179926396,13,13,0
94489499708,9,9,0
351175,47,43,4
60129832195,21,19,2
17180051936,9,8,1
8590377809,8,7,1
8590275829,9,9,0
8590004526,18,12,6
17180205101,8,5,3
416387,18,14,4
42950014692,9,2,7
42949703567,10,9,1
34360134731,9,6,3
383237,82,62,20
8589948743,58,46,12
25770023432,8,8,0
8590139008,8,7,1
8590104792,20,13,7
181607,8,7,1
34360018842,10,10,0
8590263685,22,22,0
25769947230,8,7,1
51539844017,10,10,0
25769811454,16,16,0
17179977018,11,11,0
25770160235,8,8,0
8589981780,28,27,1
8590017760,8,8,0
91528,51,41,10
8590354543,22,20,2
414201,22,18,4
111669332799,9,8,1
110114,18,15,3
51539631424,9,9,0
8590164424,9,9,0
25770094070,14,13,1
17180232728,22,3,19
8590007026,24,19,5
94489621928,10,9,1
215462,16,15,1
25770182417,45,28,17
17513,11,8,3
17512,21,14,7
17515,26,26,0
17179966941,11,11,0
25770186757,8,8,0
111076,15,14,1
17179878968,19,17,2
107843,37,36,1
301610,12,12,0
313499,17,11,6
140026,9,9,0
8590109343,12,12,0
214187,17,17,0
34359958525,14,13,1
25769817306,10,10,0
60129717050,9,9,0
42949969753,23,15,8
17179953297,23,12,11
8589988753,20,19,1
60129975957,10,10,0
8590076861,10,10,0
85899610652,15,15,0
8590076859,13,13,0
25769989297,19,14,5
8590060607,12,7,5
120605,64,37,27
60129925665,8,8,0
25770149556,19,19,0
42949955971,13,10,3
34360152981,10,10,0
17180149436,11,8,3
60129651151,9,9,0
17180150062,11,8,3
8590206595,24,23,1
415227,20,20,0
183978,13,11,2
8590316804,19,19,0
8590241787,9,9,0
51539872314,9,9,0
17180302889,19,19,0
25769872436,20,18,2
25769982590,8,8,0
131899,14,12,2
51539765403,13,13,0
17179879136,10,9,1
51540038670,8,8,0
60129714438,9,8,1
25770018231,13,9,4
17180219245,8,7,1
95541,116,60,56
68719650352,11,11,0
149708,16,13,3
34360059103,10,8,2
149705,14,11,3
17180301531,16,16,0
289139,20,15,5
182136,50,43,7
368174,20,17,3
14796,47,40,7
17179925966,16,14,2
34360088833,13,9,4
215632,31,26,5
52151,21,20,1
386156,52,21,31
25770049264,21,18,3
8590104176,33,24,9
25769932987,9,8,1
92729,30,23,7
8590048839,15,12,3
120259134194,8,8,0
332127,23,21,2
341840,13,9,4
17179971691,9,8,1
8590221247,13,10,3
151040,34,21,13
17180234691,13,10,3
8589967491,23,20,3
8589935325,12,7,5
48940,59,51,8
25769924919,16,15,1
34359789639,12,9,3
25769969447,10,9,1
25769969446,11,11,0
25769969444,13,12,1
43672,49,29,20
25769969450,11,11,0
123271,14,13,1
211453,123,68,55
181048,23,22,1
202843,111,56,55
34359984865,14,10,4
34359984868,15,10,5
133570,14,13,1
34360054176,26,18,8
137439232369,8,8,0
34360050020,8,8,0
8590118287,10,10,0
124202,10,10,0
25769919982,10,10,0
25770171088,24,15,9
103079415837,9,7,2
8590043419,14,13,1
17180252364,11,11,0
8590129052,9,9,0
17180252359,9,9,0
103079370477,8,6,2
148087,21,21,0
17180058429,11,11,0
51539953855,12,12,0
77309636955,10,9,1
94489634753,9,9,0
394309,11,10,1
388515,12,11,1
8590086641,16,14,2
60129705809,11,11,0
8590140626,8,8,0
17180073555,10,9,1
25769823646,12,11,1
9081,9,8,1
13307,93,78,15
34360086954,8,7,1
157237,60,46,14
416555,17,12,5
77309600123,8,7,1
51539639422,13,12,1
161967,25,24,1
167155,60,49,11
25769826337,9,9,0
8590032681,8,8,0
395975,18,17,1
354182,8,7,1
358083,10,8,2
42949713486,8,6,2
8589961460,12,12,0
8590114195,8,8,0
105241,45,24,21
42950043071,12,12,0
25769879157,8,8,0
25769879160,12,11,1
8590103979,10,10,0
34360078690,12,12,0
8590103981,11,11,0
17179988207,13,11,2
8590061822,20,15,5
128849352263,8,8,0
25770222036,12,12,0
51539839594,8,8,0
42949979190,11,10,1
8589981944,17,14,3
34360133511,11,10,1
373703,59,56,3
128849308791,8,7,1
34360154415,15,12,3
8590335148,9,8,1
382644,11,7,4
8590124743,8,7,1
51539877513,8,8,0
259785,19,15,4
34360111760,12,11,1
8590332580,18,17,1
17180293697,15,13,2
77309559469,12,8,4
42949674291,13,12,1
218692,18,13,5
8590011128,29,27,2
357187,18,17,1
68719585753,10,8,2
25769960697,8,8,0
136842,39,34,5
60129561369,8,8,0
134077,12,10,2
60129909876,9,3,6
60129909877,8,8,0
17180258680,8,7,1
68719547118,8,8,0
139437,10,10,0
8590144169,37,31,6
34359819951,12,11,1
17180036014,17,10,7
25770109816,8,7,1
34359899522,11,7,4
25769886892,9,9,0
17179920250,10,9,1
60129608603,8,5,3
25062,12,7,5
60129608602,9,8,1
17179964978,11,11,0
17180067216,15,14,1
36366,30,27,3
17180188808,25,21,4
68719535361,13,11,2
60129666085,12,11,1
8590345775,35,28,7
205349,21,20,1
42949873545,10,9,1
17180144210,17,17,0
399340,13,13,0
60129770523,12,12,0
146029007905,9,9,0
8590063669,8,8,0
25770238521,8,8,0
174139,21,17,4
377842,8,8,0
17180289171,13,11,2
60129594496,10,9,1
17179954422,8,6,2
120259299201,9,9,0
8590316356,18,18,0
94489411737,12,12,0
8590312962,8,7,1
68719709688,10,8,2
25770095792,23,22,1
17180108990,11,11,0
8589973472,8,7,1
25770148240,12,11,1
8589973471,8,7,1
262389,18,10,8
8590189515,10,10,0
55558,8,7,1
17179979876,26,21,5
137439136135,8,8,0
17180034856,18,18,0
68719594009,13,13,0
68719516528,11,11,0
8589980851,36,23,13
128849396535,9,9,0
17179987354,34,16,18
34359759336,34,31,3
365623,14,14,0
296846,11,10,1
60129736652,14,14,0
8589980882,26,18,8
209770,11,11,0
117008,14,12,2
8590099736,8,7,1
8589986723,8,7,1
8590241791,31,27,4
220866,33,29,4
34359956862,8,7,1
77309744053,17,16,1
308361,18,15,3
8590370792,16,15,1
169591,10,9,1
8590320034,27,15,12
8589994633,38,28,10
25769813520,12,12,0
34359795043,31,26,5
77309625062,9,8,1
17180109029,17,15,2
25770239083,8,8,0
8590037466,8,8,0
8590037464,16,16,0
34359955062,17,14,3
34359955064,14,11,3
103079387783,11,10,1
25769827318,15,13,2
103079387784,11,10,1
34359863183,14,12,2
103079387785,14,12,2
8590354187,37,28,9
52063,42,40,2
94489509422,9,9,0
25770223877,17,15,2
34359858707,20,15,5
68719496895,10,9,1
84168,26,24,2
34359769017,9,9,0
51539861932,11,11,0
216922,11,11,0
216919,13,11,2
25006,14,13,1
8589957264,8,8,0
8589957272,11,11,0
8589990602,12,12,0
17180128305,19,9,10
405969,19,18,1
123087,12,11,1
17180191006,11,11,0
34359893992,16,15,1
17180045882,11,7,4
55169,21,17,4
365937,12,12,0
17180184131,13,13,0
60129947536,10,8,2
165113,32,16,16
42949711342,11,10,1
68719868822,12,12,0
216603,9,9,0
345513,13,13,0
51320,10,9,1
42950077872,9,9,0
60129684914,11,10,1
60129666906,8,8,0
42949754188,10,8,2
42949691017,10,7,3
8590152530,14,14,0
34359825991,26,25,1
8590174247,11,10,1
66397,31,25,6
25770122353,8,5,3
122392,8,6,2
77309473150,9,8,1
25769924796,8,8,0
85899650787,8,8,0
17180065491,14,13,1
15498,10,9,1
66131,26,21,5
77309736774,8,8,0
25770225111,27,25,2
25770104891,8,8,0
25769887649,13,13,0
35632,8,8,0
34359854664,12,12,0
17180045070,10,10,0
8590046781,49,46,3
34360066050,8,8,0
25770164818,10,9,1
8590157725,24,23,1
17180151763,26,19,7
2857,21,17,4
8589961059,24,13,11
34359951648,10,6,4
406793,15,15,0
42949673683,15,12,3
17180049783,9,6,3
17180214546,8,8,0
128849076121,12,11,1
128849076116,14,12,2
269937,12,11,1
25769964124,30,23,7
50376,134,102,32
17180007338,9,9,0
322617,10,10,0
25770074946,12,10,2
283959,33,25,8
34360076990,17,17,0
8590103413,13,13,0
60129587062,12,12,0
85899582962,9,9,0
25769884191,8,8,0
25769884188,11,11,0
25770034045,24,22,2
73221,16,14,2
8590104630,31,24,7
77309600764,8,8,0
34360163819,11,10,1
17179982654,8,8,0
8590309667,12,12,0
257185,10,10,0
150375,12,10,2
42949708687,16,16,0
108203,38,36,2
60575,10,9,1
17180106681,10,9,1
90556,64,25,39
8590184967,22,17,5
25769931170,13,10,3
34359921303,12,12,0
187662,27,18,9
163944,15,14,1
8590024910,14,14,0
7466,9,8,1
77309416642,9,7,2
294141,33,28,5
53123,204,99,105
294137,26,26,0
294136,25,25,0
8590090274,37,30,7
8590154943,16,15,1
34359850903,23,21,2
17179907984,12,12,0
120259529984,13,13,0
8590064803,9,9,0
44580,13,13,0
120259246118,9,9,0
25769823625,12,12,0
413438,32,28,4
76954,20,20,0
60129706995,9,8,1
17180305200,34,27,7
17180264172,24,21,3
8590265453,11,11,0
17179922212,89,54,35
229306,13,12,1
42950051221,8,8,0
34359835489,8,8,0
110421,31,22,9
8590135935,13,11,2
60129692009,8,7,1
67714,8,8,0
42949909979,11,11,0
25769947061,16,16,0
167065,15,15,0
25769947054,10,10,0
167055,14,14,0
198008,13,10,3
198007,12,11,1
303379,17,5,12
323089,47,45,2
275073,9,9,0
8590184750,12,12,0
8590184756,9,9,0
223334,23,23,0
8590373313,14,13,1
398258,17,15,2
8590030185,10,10,0
8590374517,9,7,2
111669191672,12,11,1
17179882776,8,8,0
17180243324,10,7,3
17180104901,11,11,0
312769,11,10,1
236260,18,18,0
403279,11,10,1
14011,54,43,11
25770167585,9,9,0
25770157208,12,8,4
60129572083,9,9,0
109774,28,17,11
51539650273,9,7,2
207371,42,23,19
238270,37,30,7
17180051064,10,9,1
274613,9,8,1
87618,73,64,9
116962,39,34,5
116966,9,8,1
329419,14,11,3
78004,36,27,9
51539613200,8,7,1
34360111115,8,8,0
307259,95,22,73
94526,8,5,3
17180288836,26,23,3
103079629191,11,11,0
17179919920,23,19,4
34359974089,18,18,0
77309415081,9,8,1
77309600983,16,13,3
8589976145,27,24,3
17180278597,13,12,1
34360042704,14,14,0
34359765874,21,21,0
17180160300,13,11,2
341231,8,8,0
120259127605,11,11,0
61686,24,20,4
8590357654,12,9,3
25769918096,11,8,3
77309785188,12,11,1
57681,14,14,0
2130,29,27,2
9264,9,9,0
378600,16,16,0
103079466147,9,9,0
111669448254,9,9,0
17180288658,8,8,0
8590374105,18,18,0
42424,35,28,7
366229,25,7,18
17180114161,10,10,0
17180099364,13,13,0
17180010701,14,14,0
25770171924,8,5,3
8590378628,17,13,4
39704,29,25,4
8590210005,14,14,0
8590378619,10,10,0
17180173788,12,12,0
6848,68,52,16
103941,9,9,0
85899553908,8,7,1
17180098369,14,13,1
314087,37,27,10
25770070229,11,11,0
25770105471,13,13,0
25769875196,11,11,0
17180077303,12,12,0
190615,14,13,1
17180077305,8,8,0
17180077304,16,15,1
25770108604,16,16,0
17179950085,15,14,1
34359851207,9,2,7
8590352361,10,8,2
207146,11,7,4
8590179479,8,7,1
17180061529,10,10,0
42949802691,10,10,0
17180221748,12,11,1
17179911367,25,16,9
17179911371,19,18,1
105098,92,59,33
34359838642,8,7,1
8590331492,8,8,0
303927,13,8,5
8590129504,60,18,42
54146,9,8,1
237418,41,37,4
8589942963,8,8,0
10999,15,15,0
68719533107,8,8,0
420360,8,8,0
17179903173,20,20,0
17180262316,10,10,0
181835,33,22,11
51539720227,26,25,1
8590012372,13,11,2
94489623432,9,8,1
53320,9,9,0
42949731070,32,29,3
230730,19,18,1
34359921508,9,9,0
17179935889,10,9,1
8589977305,72,51,21
290416,68,63,5
8590229413,11,11,0
8590003905,16,16,0
185699,24,20,4
8590065281,34,30,4
371399,71,34,37
17180280321,9,9,0
396466,10,10,0
350149,14,13,1
25769880620,27,18,9
94501,12,12,0
8590046613,12,11,1
128849045277,10,9,1
85899501809,9,9,0
42949746495,10,9,1
42949746494,14,11,3
34360108974,14,10,4
17180068238,9,7,2
137439313480,10,9,1
153777,10,7,3
14667,13,13,0
14672,14,13,1
8590281773,16,16,0
68719863406,12,11,1
369183,45,41,4
8589942661,24,24,0
17180301012,35,31,4
8589979923,32,25,7
68719671255,14,14,0
17180128656,13,13,0
42950027980,10,10,0
8590042629,69,22,47
8590315872,39,38,1
8590240560,21,21,0
85899759680,9,8,1
34359779840,12,11,1
8590040727,62,49,13
17180000893,13,10,3
68719654725,11,11,0
51539859460,10,8,2
25770236055,8,7,1
3792,8,7,1
68719775789,9,9,0
126777,12,12,0
25770018268,8,8,0
23094,36,29,7
17180025271,17,17,0
8590062844,30,29,1
8590062845,8,8,0
8590322357,18,18,0
80328,31,21,10
25769856039,8,7,1
17180036217,8,6,2
42949806024,10,9,1
255434,11,9,2
203030,10,8,2
85899528327,18,15,3
8590068262,12,12,0
384807,10,8,2
8590137242,10,9,1
42949859734,16,11,5
8590276029,11,11,0
17180065972,9,9,0
8590084150,16,14,2
34360066173,11,11,0
8590333266,10,8,2
17180241904,15,15,0
34359858638,18,12,6
51539974892,9,9,0
8590176338,8,7,1
139490,88,73,15
25769999121,22,18,4
8590239605,12,11,1
34359940571,11,10,1
103079626020,9,9,0
8590340220,9,9,0
8590055512,12,12,0
42949737223,16,16,0
82640,8,8,0
25769884164,36,22,14
34360000245,11,10,1
68719662620,17,16,1
42949714051,8,8,0
23721,22,21,1
297749,13,12,1
327759,65,48,17
282127,8,8,0
17179906385,13,13,0
17179906381,12,12,0
25769863517,10,10,0
233633,23,16,7
42950111310,10,8,2
8590071324,21,19,2
272690,23,18,5
8590223313,13,13,0
17179906404,13,13,0
51539844933,8,8,0
34360155253,9,8,1
344919,44,41,3
42949843984,9,7,2
17179913576,11,11,0
81273,22,18,4
17179936531,13,11,2
51539805301,15,14,1
17179999733,19,19,0
34359796015,24,21,3
147548,11,11,0
34360157475,8,6,2
8589963163,17,10,7
25770034316,8,8,0
9073,22,20,2
25769907253,12,9,3
8589974007,20,19,1
298147,8,8,0
280036,13,11,2
280032,18,14,4
8590199192,9,7,2
182951,8,8,0
5039,113,63,50
60129680604,8,8,0
77309845607,18,12,6
85899634597,10,10,0
95272,15,4,11
114812,25,21,4
205434,23,21,2
271400,16,7,9
17180155134,9,5,4
60129599102,8,8,0
8590120569,11,9,2
8589984496,22,7,15
355110,23,16,7
17179915861,8,7,1
17179915857,10,9,1
17179915864,11,9,2
93890,10,9,1
25770106185,13,12,1
8590278888,21,19,2
51540036675,8,7,1
94489345776,15,15,0
8590036738,69,51,18
185357,8,7,1
17179888215,8,7,1
72619,31,27,4
42949732447,10,10,0
8590019445,9,9,0
51539749396,11,8,3
25769853198,12,11,1
8590364361,12,12,0
315493,8,8,0
17180280877,21,19,2
25769887708,14,13,1
8590063919,20,8,12
25769976426,9,9,0
25769908603,21,21,0
133736,90,68,22
51539974489,9,8,1
25769812973,15,12,3
17179962762,8,8,0
8590299494,32,22,10
243740,49,29,20
177250,8,8,0
17180113254,20,20,0
34360069997,13,9,4
300769,11,9,2
8590285285,30,28,2
17180088855,23,20,3
245585,14,13,1
68719620320,9,9,0
8590112209,17,17,0
8590130547,17,16,1
68719513190,9,7,2
8589982441,14,13,1
42540,13,13,0
42543,14,14,0
111465,91,28,63
89124,43,35,8
170980,12,12,0
291362,19,18,1
34359802063,31,27,4
25770129198,15,14,1
17179944855,8,8,0
60129758419,9,5,4
156706,14,13,1
25770211094,20,20,0
25770185252,8,8,0
364302,21,20,1
8589938931,17,17,0
25770205517,23,22,1
37128,83,30,53
42949715857,9,9,0
8590311211,9,9,0
346150,35,34,1
17180090486,8,6,2
77309433010,12,11,1
206503,12,10,2
17180008696,13,11,2
8590265869,18,13,5
36756,14,8,6
42950022052,8,8,0
401518,8,7,1
25769849711,25,25,0
99296,10,10,0
34360159341,12,9,3
8590119208,21,11,10
34360159332,19,13,6
25770130244,15,12,3
8590089864,23,17,6
17180308518,12,12,0
193839,64,19,45
34359857817,12,12,0
239594,10,10,0
8590280261,8,7,1
51539644305,13,11,2
51539644298,16,14,2
8590304940,27,22,5
25770219850,9,9,0
130242,51,40,11
8590124550,19,18,1
17179932543,8,8,0
306963,15,11,4
282075,13,10,3
97861,38,32,6
8590000660,9,4,5
121553,9,7,2
8590249459,8,7,1
60129566327,8,8,0
8590339409,14,8,6
398330,9,9,0
8590232872,10,9,1
99637,23,20,3
99641,55,30,25
8590133262,12,10,2
5108,18,12,6
5103,20,14,6
8590248896,60,32,28
243747,9,9,0
25769946072,11,8,3
8590163277,75,44,31
17180066322,16,14,2
17180259748,12,11,1
190111,50,43,7
347994,18,16,2
8589948389,8,8,0
365603,10,10,0
77309481747,8,5,3
247469,28,27,1
34359958350,19,15,4
163135,22,2,20
25769919476,12,12,0
42949718417,12,12,0
60129698756,13,12,1
17180000173,10,7,3
42949754096,11,9,2
17180051178,24,21,3
17180160464,11,11,0
34360073215,9,9,0
8590196061,52,48,4
8590029795,8,7,1
42949880403,9,9,0
42949690008,8,8,0
42950045828,9,9,0
405710,8,8,0
405707,8,8,0
8590247258,17,15,2
143258,24,22,2
8590116034,32,30,2
34359976786,18,12,6
8589988162,14,14,0
298184,28,18,10
35376,56,43,13
8590008039,17,9,8
42949985085,8,5,3
17179971784,12,8,4
17180048186,11,11,0
25769839763,11,11,0
17180048184,8,8,0
369142,8,8,0
154618875761,12,10,2
369146,13,11,2
154618875762,9,8,1
290865,8,8,0
17180083467,8,6,2
25769985029,13,10,3
25769989429,26,25,1
276494,19,17,2
66787,9,9,0
119366,17,16,1
119359,44,28,16
119365,8,8,0
254637,9,9,0
8589947790,8,8,0
5329,14,14,0
51539922313,14,10,4
51539714757,14,11,3
17180108436,8,8,0
8590100039,10,10,0
385257,10,6,4
186976,10,10,0
151374,9,9,0
100850,12,10,2
8589966074,12,12,0
42949863536,10,9,1
25769840677,17,16,1
8590228305,8,8,0
17180074365,9,9,0
25769998639,11,8,3
85899370266,9,8,1
25769992112,11,11,0
8590247183,43,25,18
162909,10,10,0
42949899471,10,8,2
17180304938,12,9,3
47048,12,12,0
25770154780,16,16,0
85899709769,8,6,2
328283,24,20,4
54638,17,16,1
25770034487,11,11,0
54639,17,16,1
8590215225,60,53,7
99739,11,9,2
130487,31,30,1
9755,155,107,48
217537,9,8,1
25770068469,8,8,0
25770068473,29,28,1
25770068478,9,9,0
34359780153,10,8,2
34359780155,8,6,2
17180148348,15,12,3
17179951594,10,8,2
25769865064,37,37,0
34359955585,9,9,0
116346,12,12,0
116345,12,12,0
25769996508,10,8,2
17180068653,15,13,2
254459,12,10,2
8590072367,9,8,1
300226,10,10,0
300217,8,8,0
8589968546,67,48,19
17180136460,8,7,1
68719831618,9,9,0
78741,24,15,9
409844,24,17,7
17180270265,17,15,2
51539621634,15,14,1
29896,9,9,0
144131,42,30,12
230577,61,38,23
8589966456,52,39,13
377155,13,13,0
17179889962,21,11,10
133424,39,34,5
8590329799,32,30,2
331855,8,8,0
8590303542,11,10,1
401667,17,17,0
53730,17,13,4
124093,12,12,0
8590316915,34,32,2
34359744594,11,9,2
42949679306,8,8,0
8590329107,10,10,0
34360026901,8,8,0
17180273526,26,21,5
17179968510,38,32,6
68719774425,8,7,1
51539892238,12,12,0
55172,13,12,1
371496,10,8,2
56817,31,21,10
53571,25,15,10
131214,14,12,2
421849,8,7,1
17180305607,8,8,0
288941,11,11,0
8590342350,12,11,1
17180204789,13,8,5
25770015643,14,13,1
8590057588,8,3,5
51540020978,10,5,5
60129799327,11,10,1
8590307066,17,15,2
51539998280,8,8,0
19906,8,4,4
8590271320,8,7,1
71175,10,9,1
17180010262,12,11,1
17179927539,12,12,0
25770067380,14,14,0
103079518697,9,5,4
51539860445,9,9,0
114552,32,24,8
185534,28,21,7
388037,48,37,11
8590176556,23,18,5
8590087213,11,10,1
34360094049,8,7,1
42949990214,9,7,2
107008,16,16,0
25770173307,8,8,0
8590069153,13,13,0
232275,22,18,4
8590274297,11,11,0
8590274295,27,24,3
34359918884,9,8,1
362455,11,8,3
51539660074,8,6,2
25770006793,12,12,0
25770006796,17,15,2
77309832120,9,9,0
217370,33,23,10
206599,19,16,3
6964,14,13,1
293170,13,12,1
25769873549,10,9,1
37966,13,12,1
8590176824,19,17,2
362055,13,12,1
111669403594,9,9,0
77309597856,12,11,1
77309655407,8,6,2
17180070183,9,9,0
109494,42,25,17
25770185375,25,18,7
17179926285,24,21,3
270595,18,17,1
34360161158,14,14,0
68719483497,8,8,0
102758,68,57,11
420342,11,10,1
8590363358,11,10,1
25769988720,16,14,2
127002,26,16,10
106284,14,14,0
17180243659,22,18,4
111669468990,9,9,0
94489464627,12,12,0
8590181603,9,9,0
25770056112,32,28,4
8590302174,27,25,2
68719627222,8,8,0
8732,155,90,65
45233,27,24,3
45234,18,18,0
60129697719,9,8,1
37657,18,16,2
23055,33,26,7
8590273791,9,9,0
280746,18,15,3
77309442942,12,10,2
8590365135,8,7,1
8590101503,18,16,2
8590250938,22,22,0
85899656219,10,10,0
25770232509,20,20,0
60129959360,9,8,1
17180031666,9,5,4
60129659462,9,7,2
8589973761,17,14,3
51539664761,16,16,0
49583,37,30,7
17180025006,10,9,1
8590050560,12,10,2
17180308068,11,8,3
8589944553,20,18,2
203783,65,42,23
17180187223,8,8,0
34360081999,10,10,0
25769954022,8,8,0
51539981712,8,8,0
25769903982,20,20,0
81792,16,16,0
68719842539,10,9,1
8590027789,9,9,0
34360137452,17,15,2
8590166230,8,8,0
51539848652,23,23,0
8590060033,22,15,7
113435,27,20,7
338500,18,17,1
17180127259,15,14,1
292155,17,17,0
94489673308,9,9,0
201069,9,8,1
103767,32,20,12
34360155069,10,10,0
25769857510,8,7,1
135062,72,23,49
229743,24,20,4
17180196309,13,12,1
42949848773,11,11,0
8590059270,11,11,0
8590344012,8,8,0
212196,21,2,19
8590105270,16,11,5
73867,10,9,1
42949901734,15,13,2
17179998530,12,11,1
254006,9,9,0
270285,22,20,2
25770042917,15,14,1
17180154778,8,8,0
42950106700,8,8,0
51539761831,9,7,2
8590350044,10,8,2
77309744577,12,12,0
8590344900,9,8,1
42949885560,10,10,0
25769862009,10,10,0
77309530145,13,10,3
17180305375,16,14,2
22072,19,16,3
298469,13,11,2
25769895700,16,16,0
8590107959,12,12,0
332463,39,37,2
365174,27,23,4
60129747705,8,8,0
25770085918,40,31,9
136005,13,12,1
42949997547,9,9,0
42949997544,10,10,0
17180000033,8,8,0
17179933855,18,10,8
17179933856,12,10,2
8590156623,15,12,3
8590023367,12,12,0
8590049406,8,8,0
396433,178,104,74
141351,23,21,2
8590305993,21,21,0
17180163914,8,8,0
34360112675,14,12,2
17180201866,12,10,2
287333,8,6,2
8590257190,11,9,2
235140,18,14,4
88532,54,44,10
8590141615,11,11,0
17704,141,71,70
25769904003,11,11,0
326508,8,8,0
326525,10,10,0
9862,115,74,41
34360028128,8,8,0
17180259559,19,15,4
60129634377,12,12,0
42949961439,15,12,3
51539778253,8,8,0
342117,8,8,0
85899697207,9,5,4
60129809171,9,6,3
6079,92,76,16
17180017604,11,9,2
8590042626,63,21,42
180388779341,10,10,0
34359878951,8,8,0
238484,21,21,0
17180212045,47,40,7
260041,28,22,6
81319,16,14,2
305202,12,11,1
162159,28,18,10
24170,35,25,10
8590220345,18,18,0
25770207264,8,8,0
17179899950,12,12,0
7590,13,13,0
8589947211,44,33,11
235520,78,48,30
68719802087,8,7,1
77309820043,9,8,1
63205,10,10,0
63204,12,11,1
63198,10,10,0
8590184144,11,11,0
42949779345,15,15,0
17180017501,22,22,0
47768,8,8,0
17179897462,17,14,3
288898,22,11,11
17180258178,10,10,0
17180174511,9,9,0
17180139513,19,19,0
42949701624,10,9,1
42949701621,9,9,0
92740,8,8,0
42949701626,13,9,4
77309774721,18,15,3
25769987807,9,8,1
17179934752,10,9,1
25770219335,11,9,2
53560,21,18,3
53561,14,14,0
51539901026,9,9,0
17180204287,14,14,0
8590033490,18,18,0
118275,32,28,4
189246,21,18,3
42949882653,11,9,2
103478,14,13,1
8590320822,9,9,0
17179918215,19,19,0
25769825183,18,13,5
368252,73,49,24
30354,103,37,66
374478,29,25,4
107647,14,14,0
15241,24,20,4
17180052673,25,21,4
17180052668,17,17,0
41941,9,9,0
42949719711,10,10,0
273021,24,21,3
8590264640,12,11,1
77309469669,10,10,0
8590015034,13,9,4
57061,28,24,4
25770035558,12,10,2
34359960148,11,9,2
179303,20,12,8
34359889168,25,16,9
101425,9,9,0
34360040381,12,11,1
145596,27,18,9
739,41,31,10
17180288207,9,9,0
111669335791,11,11,0
51539665967,15,13,2
8590062084,12,9,3
17180064947,22,22,0
111669373286,8,7,1
111669373291,13,9,4
60129932086,11,5,6
34359768374,23,21,2
25770087358,8,7,1
8590271003,11,11,0
8590128815,12,12,0
25770199226,21,20,1
293312,32,20,12
17180296424,12,10,2
227332,8,7,1
42950107238,10,10,0
8589982045,11,11,0
122269,85,65,20
263467,53,41,12
51539944059,11,7,4
17180135075,9,8,1
319762,25,24,1
8590294909,15,15,0
25358,54,27,27
372660,25,21,4
372655,14,13,1
159377,14,14,0
42949677091,12,11,1
25769970178,10,10,0
34359949601,8,8,0
25770060216,14,14,0
324905,16,9,7
361451,9,9,0
174561,43,31,12
318465,13,11,2
50013,39,21,18
25770122347,8,8,0
103079571408,9,9,0
8590020270,11,11,0
130635,60,56,4
8590008679,29,20,9
17179938285,13,12,1
209833,11,11,0
51539688663,13,13,0
51540038168,12,12,0
42950010113,8,8,0
103079510533,8,8,0
8590278713,19,17,2
8590155903,51,37,14
8590370920,16,16,0
68719807230,8,7,1
34360128141,9,9,0
60129638099,11,11,0
78141,11,9,2
78138,17,11,6
262090,9,8,1
34359754102,10,10,0
213921,11,11,0
8589954289,8,8,0
8590131965,9,9,0
8590131966,9,9,0
17180161727,21,14,7
25769954010,12,12,0
8590049236,15,15,0
77309728138,18,16,2
8590243793,8,8,0
8590121418,58,49,9
77309500936,9,9,0
77309500934,10,10,0
17180152739,18,17,1
17179982217,15,14,1
160298,12,9,3
8589977998,20,20,0
25770078895,17,17,0
62364,18,14,4
17180035032,12,12,0
77309621399,8,7,1
17180036933,15,14,1
17180036937,11,10,1
42949913129,12,7,5
365467,20,13,7
138237,10,8,2
8590119689,30,29,1
25770033183,9,9,0
8590202677,15,2,13
236538,44,43,1
8589959530,39,37,2
218920,9,9,0
34359760194,9,8,1
17180291158,56,20,36
34359782331,16,14,2
51539844487,11,11,0
25769830117,15,14,1
230857,23,23,0
25770189200,8,6,2
8590277369,14,12,2
61612,33,24,9
25769983304,9,7,2
8590202724,10,9,1
263611,40,17,23
68719857735,9,9,0
420829,12,12,0
222791,34,25,9
264517,10,8,2
111669403847,11,11,0
157272,17,16,1
17179875306,9,8,1
17179990777,12,12,0
8590316648,13,13,0
42949935591,15,13,2
51539916466,19,19,0
42950075321,8,7,1
25770135143,22,21,1
17180179729,8,8,0
17179972520,8,7,1
25769812351,8,8,0
77309821032,9,8,1
8590096235,11,10,1
389901,22,22,0
25770063449,11,8,3
25770063444,15,10,5
25769844695,9,7,2
25769844691,9,7,2
8590352676,13,10,3
337555,16,14,2
17179905577,13,11,2
17179905571,16,12,4
8590001224,20,11,9
34360087586,13,8,5
262256,39,20,19
125897,19,15,4
145893,10,9,1
42949712593,19,18,1
25770237179,11,11,0
25769909331,13,13,0
77309555610,14,9,5
8590322845,12,11,1
8590232244,12,10,2
8590116377,82,30,52
8590134871,10,7,3
251835,15,14,1
42949819798,12,12,0
8589942536,13,12,1
85270,69,8,61
60129862034,9,9,0
17179993044,27,23,4
25769837639,14,13,1
405987,14,12,2
210210,33,25,8
17179954703,8,8,0
302347,12,12,0
28457,49,43,6
167234,17,14,3
34360095230,8,8,0
65305,12,9,3
94489595153,8,7,1
77309688758,8,8,0
17179952400,14,14,0
51539812018,8,8,0
68719480705,8,8,0
51539638160,16,13,3
8590239886,17,15,2
17180090298,28,24,4
60129965721,8,8,0
8590310194,17,13,4
34360113026,12,12,0
17180133858,17,15,2
23284,13,10,3
68719823262,13,9,4
17179995758,8,7,1
25769990869,14,13,1
34359919452,8,7,1
17179877271,8,8,0
68719686364,12,10,2
51539936319,13,10,3
8590135426,36,30,6
127337,12,12,0
340266,22,19,3
8590250937,16,16,0
25770045590,15,14,1
17179956437,8,8,0
25288,18,18,0
8590225830,13,13,0
8589941711,32,26,6
234332,28,23,5
8590174650,13,9,4
8590290669,8,8,0
25769845869,8,8,0
113371,10,10,0
42950049180,9,9,0
8590304085,11,11,0
132082,10,10,0
8590169354,9,8,1
223792,37,30,7
413547,18,9,9
8590205309,12,11,1
25770132109,13,8,5
51302,17,16,1
51307,8,8,0
51539719970,11,9,2
51539947047,9,6,3
51539992740,12,9,3
238288,29,19,10
42949858271,8,8,0
415802,13,13,0
17604,10,9,1
318415,28,24,4
25769916168,14,12,2
111669323074,9,9,0
17179968672,14,14,0
8590161559,12,2,10
25769845390,8,8,0
116232,17,15,2
8590142807,13,13,0
33650,12,12,0
48523,79,34,45
34359896578,17,14,3
8589971503,13,13,0
223222,16,15,1
223229,11,10,1
25769881964,13,9,4
154619178317,8,6,2
25770147122,8,8,0
8589956009,9,8,1
34360016585,12,12,0
8590132351,8,8,0
34359915033,17,16,1
34360073255,13,7,6
17180183254,10,5,5
25770232122,9,9,0
95256,15,15,0
83528,36,23,13
34359885009,14,12,2
360835,8,8,0
17180121284,15,15,0
197574,12,12,0
17179873300,9,6,3
145212,13,13,0
42949766490,9,8,1
121249,15,13,2
8590172312,10,10,0
391205,22,20,2
25770052534,11,11,0
220426,9,9,0
391536,8,8,0
220423,16,15,1
190029,9,9,0
8590079484,11,10,1
299701,9,9,0
252342,8,8,0
185267,8,8,0
17180175840,13,13,0
51539680197,27,27,0
25770117203,17,11,6
232047,16,16,0
232048,16,16,0
34360011197,28,28,0
42949889476,15,10,5
25770182675,9,7,2
17179930829,13,3,10
134386,16,11,5
25770239035,8,6,2
17180056764,13,12,1
25769910131,9,4,5
17179910869,13,12,1
77309533509,9,9,0
103079258235,11,11,0
8590205285,19,4,15
34359789164,10,9,1
280131,28,18,10
169737,33,11,22
270851,24,17,7
24596,57,46,11
42950098417,10,10,0
19181,18,15,3
51540008607,10,9,1
60129890665,9,9,0
164942,18,16,2
77309702372,14,13,1
323610,92,66,26
94489428466,8,8,0
94489428467,8,8,0
127629,22,18,4
25770160974,9,9,0
60129646536,8,7,1
110909,8,8,0
307307,18,13,5
8590063381,8,6,2
254841,9,8,1
51539883876,19,14,5
42949707288,12,11,1
299008,13,11,2
42949966038,22,20,2
25769900928,23,15,8
25770217661,10,10,0
19702,28,20,8
218925,15,12,3
77309539995,13,9,4
8590154704,8,8,0
8590154699,9,9,0
13718,25,25,0
8590052964,11,9,2
329176,40,33,7
34360141960,10,10,0
25769982124,18,17,1
77309523539,9,7,2
77309523533,10,7,3
77309523538,11,7,4
60129616038,8,8,0
17179959567,18,16,2
77309547323,8,8,0
261911,12,11,1
261917,12,11,1
8589948836,12,11,1
34360004444,8,7,1
120259509793,8,6,2
8590046054,18,14,4
25770150853,12,11,1
25770045713,8,8,0
25770109203,9,9,0
17179987196,19,19,0
294724,9,8,1
85899752806,14,14,0
90312,46,28,18
17180001099,12,11,1
17179907439,17,17,0
17179907441,19,16,3
78683,9,8,1
78678,17,15,2
77309842845,9,7,2
8589940628,8,7,1
218879,11,11,0
8590207676,35,19,16
17180174088,11,11,0
18354,46,46,0
12946,13,9,4
17179961144,12,8,4
25769969684,12,11,1
25770231746,9,7,2
142505,59,48,11
70191,17,17,0
34359977050,10,9,1
68719898475,8,7,1
403219,13,13,0
17179897651,9,7,2
111669413822,8,6,2
25770241541,8,8,0
25770148165,14,14,0
34359858867,12,7,5
34359858868,17,8,9
60129854673,10,8,2
51539820128,9,8,1
8589991612,21,12,9
133902,23,19,4
254578,22,18,4
8589986744,18,12,6
34359856429,11,8,3
8589986743,8,8,0
42950101862,17,14,3
42949704423,17,15,2
235267,34,27,7
8589995940,13,12,1
8589940155,9,9,0
8589940154,8,8,0
17179913951,10,9,1
129657,8,7,1
25770150504,9,9,0
8590274806,8,7,1
246497,12,9,3
34359917211,8,6,2
17180285745,11,8,3
42949831735,11,11,0
242089,9,8,1
242086,10,9,1
170851,9,9,0
8590226375,8,7,1
8590226384,9,8,1
34360011652,20,18,2
184755,12,11,1
17180250883,11,11,0
25769979011,8,8,0
8590011003,40,35,5
12277,12,10,2
42949977097,8,7,1
251953,97,64,33
187392,8,8,0
8590274712,13,13,0
68719501261,10,10,0
313585,9,9,0
42949931959,9,9,0
25770127847,8,8,0
25770127851,10,10,0
77309726742,8,8,0
228046,25,23,2
8590118205,16,15,1
8590179449,14,9,5
210448,30,17,13
252824,19,8,11
17180194871,9,8,1
95165,13,13,0
405944,17,14,3
8590352793,13,13,0
42949787671,9,9,0
310096,8,8,0
111988,14,12,2
111992,19,16,3
17179897946,30,26,4
68719535470,13,13,0
60129822259,12,10,2
8590366634,17,13,4
17180048183,9,9,0
77309719547,8,8,0
34359846938,8,8,0
323980,17,17,0
320639,24,21,3
196446,8,6,2
34359896463,10,8,2
60129542602,12,11,1
17180103130,8,5,3
8590255763,33,30,3
34360133562,26,26,0
25770098071,8,8,0
25769879470,11,9,2
25770213957,13,9,4
127499,10,10,0
8590159320,36,24,12
77309538909,14,14,0
17180123122,9,7,2
32384,61,46,15
13029,35,25,10
51539890684,14,13,1
51539860802,12,12,0
8589982206,10,10,0
230539,41,24,17
42949786930,11,10,1
17180022758,10,10,0
103079283123,11,11,0
8590354614,8,8,0
8590096954,21,14,7
34360071990,8,8,0
107341,82,2,80
94489571069,8,8,0
68719674136,11,11,0
93383,16,16,0
25770230311,14,13,1
12457,13,13,0
25770070639,35,24,11
25770052791,21,15,6
8589998833,31,25,6
34360048565,10,8,2
415042,9,6,3
8589954727,39,29,10
25769938894,9,9,0
196774,12,12,0
34360110343,8,8,0
8590047602,47,42,5
34359984247,11,10,1
34359803443,12,12,0
8590222770,10,10,0
34360139931,8,8,0
34359977649,9,7,2
8590267081,21,9,12
8589961967,22,20,2
273617,18,16,2
285108,52,19,33
8590301694,10,10,0
39421,8,7,1
182678,8,6,2
8590161067,8,8,0
8590083107,11,8,3
17180033301,10,8,2
8590133748,12,10,2
51539750598,9,9,0
8590304830,13,9,4
34359783658,17,15,2
246108,10,9,1
246104,8,8,0
246110,10,10,0
17179942260,9,9,0
8590210694,8,7,1
8590210693,9,9,0
25770023442,15,14,1
8590210716,10,10,0
42949913374,8,8,0
8590337629,14,14,0
42949879354,9,9,0
108522,25,24,1
42949823213,9,9,0
17180073464,9,7,2
404331,12,11,1
17180034300,20,18,2
51539685292,9,7,2
148939,18,15,3
148930,16,15,1
231427,13,12,1
97518,19,17,2
400277,12,11,1
162407,8,8,0
162406,18,16,2
8590013592,35,21,14
60129557358,8,7,1
337907,10,5,5
352241,45,34,11
42949682165,16,14,2
51539939225,10,8,2
171358,16,16,0
17180214301,17,12,5
34360038032,10,9,1
25770123994,40,38,2
5622,63,35,28
5630,16,12,4
8590051999,9,9,0
68719659136,9,9,0
29353,10,9,1
17179948741,19,18,1
17180265887,18,18,0
17180149505,8,7,1
17180281810,8,7,1
244387,9,9,0
34359952261,17,12,5
88877,20,19,1
60129809741,8,6,2
51539758733,26,16,10
129819,11,9,2
8590024828,54,43,11
17180290760,10,10,0
17180117377,10,10,0
60129781154,8,8,0
267584,11,10,1
321689,15,8,7
17180057320,17,15,2
18127,10,10,0
279689,10,10,0
279684,9,9,0
8590050115,47,40,7
34360002611,20,20,0
42887,12,12,0
17180056906,20,16,4
263565,8,7,1
69455,38,25,13
69463,12,10,2
107256,51,39,12
8590161463,14,12,2
17180019802,13,9,4
17179923017,8,8,0
282156,11,11,0
25770013292,16,13,3
8590239337,8,8,0
60129658590,8,8,0
8590340430,10,9,1
363980,11,10,1
171931,29,28,1
41882,8,8,0
8590256129,20,18,2
77309727314,9,7,2
94489682557,11,9,2
34360028627,9,9,0
79814,9,8,1
79816,10,9,1
60129633429,13,10,3
17180144396,14,13,1
8589980251,25,24,1
265834,27,19,8
17179921915,27,19,8
25769814727,27,18,9
34359747388,11,11,0
97868,29,24,5
34359838982,11,10,1
51539753031,10,10,0
8590299280,8,7,1
190605,10,10,0
88233,23,22,1
25769975962,8,8,0
8590052917,12,11,1
85899356173,10,7,3
118098,11,11,0
8590121533,23,19,4
96549,14,14,0
51539945835,14,12,2
34359929953,11,8,3
305991,28,27,1
254049,104,64,40
416453,34,26,8
111669291849,10,9,1
17519,38,28,10
25770032719,9,9,0
8589975917,8,6,2
17179991977,9,9,0
18764,14,13,1
34359980009,11,11,0
113569,62,29,33
8589966373,27,18,9
113572,21,20,1
8589966375,21,18,3
34359893285,8,7,1
42949884007,12,9,3
25769938459,10,10,0
51539693836,8,7,1
25770064413,9,9,0
51539745265,12,11,1
8590174331,17,13,4
7686,29,28,1
337526,10,9,1
42949761250,11,11,0
42949761244,12,12,0
34360155000,11,10,1
8590049524,10,10,0
25769870859,10,9,1
25770081176,14,14,0
8589960970,8,8,0
8590354480,13,11,2
8590002624,10,10,0
34360075927,9,9,0
25769864627,17,15,2
17180291449,17,15,2
8230,19,19,0
17180234187,12,12,0
17180133599,12,12,0
42949726263,12,12,0
366662,57,42,15
34359786494,10,6,4
8589955410,29,20,9
8590052470,23,19,4
25770138875,19,15,4
226689,13,11,2
17179884680,11,11,0
59400,10,9,1
45651,9,9,0
79939,22,21,1
8590024830,24,21,3
34360122380,9,7,2
8590059806,13,10,3
8590059802,9,7,2
8590100203,14,10,4
410958,14,14,0
248165,17,15,2
17180093155,10,10,0
405487,24,22,2
134597,28,27,1
25770245911,17,15,2
17179936390,17,13,4
17180188779,21,20,1
8589971367,12,12,0
257360,11,10,1
34359791702,11,10,1
162659,8,7,1
111669478315,8,8,0
17180199891,17,12,5
25769833118,8,8,0
364030,14,13,1
364025,18,15,3
111669211283,8,8,0
51539701046,9,9,0
302537,14,14,0
82147,15,15,0
22638,8,8,0
8590353362,19,18,1
42949835198,14,11,3
96301,8,6,2
25770125681,26,22,4
297954,31,28,3
42949969816,14,14,0
42949969815,9,9,0
38463,23,18,5
8590246498,15,10,5
25769810072,19,15,4
137439289288,11,10,1
25770126343,8,8,0
25770164372,10,10,0
346950,14,12,2
25770049485,8,8,0
25769976007,8,8,0
51539902463,8,5,3
173014,8,8,0
34359838334,10,10,0
322315,14,13,1
34359941076,9,9,0
17180148799,10,9,1
96266,11,11,0
167042,15,10,5
2701,61,46,15
25770047197,19,18,1
74392,9,9,0
229408,23,23,0
120259399803,10,10,0
8590089060,12,11,1
17179918751,10,7,3
25769992863,11,11,0
25769997454,22,18,4
58752,18,17,1
110928,21,19,2
60129742651,13,12,1
226866,17,14,3
8590054120,9,7,2
171509,63,58,5
8590012056,9,9,0
360901,9,9,0
268082,32,31,1
8590305997,25,23,2
8590358086,11,10,1
68719597553,16,16,0
77309429933,9,8,1
34359848228,13,13,0
17180163508,12,12,0
8590068220,8,8,0
25769883150,11,8,3
15899,29,26,3
60129727544,9,8,1
32894,52,39,13
94831,28,16,12
17180093423,9,8,1
51792,8,6,2
68719532683,10,10,0
219907,39,34,5
34359980696,12,12,0
68719839692,10,10,0
34360000881,8,7,1
8590039159,21,13,8
8590040348,12,10,2
17180262979,27,15,12
103079493018,12,10,2
93595,32,16,16
93597,28,15,13
48020,17,12,5
60129635194,14,13,1
154619075869,8,8,0
17180088139,30,29,1
42949938759,21,19,2
34360078170,9,9,0
8590048097,8,7,1
25770036821,11,11,0
8590255286,26,26,0
8589936546,11,11,0
8590336398,15,10,5
8590290531,12,12,0
42949704405,16,16,0
8590009548,30,27,3
83577,37,32,5
8590101078,16,15,1
137439197812,9,9,0
208494,8,6,2
208498,11,9,2
208493,11,11,0
82947,32,20,12
68719655430,9,9,0
17180304007,14,8,6
292294,8,8,0
8590251518,25,23,2
25770085410,11,10,1
8590035872,9,9,0
46190,37,35,2
8590366170,9,9,0
34359850887,13,13,0
8590159076,8,7,1
8590341354,37,27,10
25770169615,9,9,0
78558,28,25,3
158906,9,9,0
25769839622,11,11,0
246131,34,17,17
373541,24,24,0
42949885076,11,9,2
82799,26,24,2
256148,11,11,0
804,9,8,1
77309420924,10,10,0
17180090974,10,10,0
42949727520,8,7,1
297847,8,7,1
8590280480,19,18,1
411104,17,17,0
51539748366,11,11,0
17179895615,13,13,0
46296,8,7,1
51539905974,11,11,0
94489437510,9,9,0
51540001412,9,9,0
276531,18,15,3
94489437509,9,9,0
42949947750,17,16,1
293488,29,25,4
76996,9,8,1
167627,13,12,1
8589940065,8,8,0
200008,15,14,1
92320,15,2,13
57383,17,2,15
8590066845,9,9,0
8590058695,36,34,2
34359846847,10,9,1
128849049931,9,9,0
25770044655,16,15,1
8590380258,9,9,0
338345,12,11,1
17180028326,10,10,0
405914,17,16,1
17179899300,27,26,1
17180176835,18,18,0
339312,9,8,1
8590195951,8,7,1
8590164915,33,28,5
17180169670,12,11,1
17180030451,9,9,0
51540043775,18,18,0
93106,48,27,21
87688,15,15,0
25770107061,15,15,0
8590038065,9,8,1
42949959525,8,8,0
288489,19,15,4
8590258906,16,11,5
8590292785,13,9,4
8590371936,21,14,7
32269,15,12,3
71877,11,11,0
8590295695,11,10,1
8590326723,29,20,9
8590276103,10,10,0
17180262805,8,8,0
17179929151,8,7,1
8590108458,13,10,3
8590108456,15,14,1
34360019383,15,11,4
8590076237,67,35,32
17180104492,8,8,0
94489623408,11,10,1
226256,16,12,4
8590340982,12,12,0
168493,11,11,0
8590377231,12,11,1
17179893646,11,11,0
77309719768,8,7,1
17180070720,17,17,0
17179988482,14,13,1
17179942836,11,11,0
17179942833,12,9,3
8590098848,8,8,0
157443,9,9,0
34327,36,32,4
8590251846,12,11,1
232959,11,10,1
8590251856,8,7,1
34359858827,13,13,0
8589942600,12,11,1
17180024498,20,19,1
120156,33,29,4
120154,8,8,0
146852,8,8,0
309248,43,23,20
85899616000,10,8,2
417323,8,8,0
95890,11,9,2
25769953313,16,15,1
17179951215,12,11,1
402632,12,10,2
17180061430,15,15,0
42949742564,15,15,0
25769978754,12,12,0
77309693180,10,10,0
8589948142,11,10,1
25770157968,27,22,5
34359809213,10,10,0
8590137341,14,13,1
17180074103,13,12,1
69552,46,39,7
51539829817,14,14,0
25769940554,15,15,0
42949954714,10,10,0
17179960661,8,7,1
25770054513,11,11,0
25770186850,13,13,0
130091,22,20,2
17180130259,11,10,1
34359925417,10,9,1
8589979110,17,5,12
17180105385,13,12,1
8590119989,10,10,0
25770218771,14,11,3
30464,9,9,0
8590096273,22,16,6
25769949239,9,8,1
85899515710,13,12,1
146355,25,18,7
8590153701,14,14,0
60129821875,9,6,3
410480,12,8,4
25769880114,14,10,4
25769881475,8,6,2
8589996246,8,7,1
93472,11,7,4
8589996245,9,8,1
294416,14,13,1
25769927289,9,9,0
208000,14,14,0
207997,22,22,0
68719747791,8,7,1
94489564188,8,7,1
181208,13,9,4
114583,8,8,0
17180055822,17,11,6
68719645867,20,17,3
8590378099,21,15,6
77309739135,8,8,0
17179879868,16,16,0
17180070382,13,13,0
8590046601,8,7,1
28359,17,15,2
212742,10,8,2
8590155307,48,23,25
25769985211,12,9,3
8589978813,21,19,2
8589991143,21,18,3
42950112253,9,9,0
42950088496,9,9,0
42950024586,11,10,1
60129956132,8,8,0
17180101116,12,12,0
17180101117,11,11,0
17179937309,10,10,0
17179937311,21,17,4
8590282025,15,15,0
26966,9,9,0
395553,21,18,3
25770088513,8,6,2
25770088507,8,6,2
572,28,12,16
17179926572,9,9,0
188978771619,9,9,0
8589940430,13,11,2
25769879756,8,7,1
8590343912,21,19,2
51539875018,11,11,0
34359981447,10,7,3
34359932503,8,8,0
42949741774,13,13,0
8590356191,10,10,0
161179,8,8,0
8590356188,12,12,0
8590050353,12,12,0
68719754496,9,9,0
42949720935,12,12,0
57287,13,13,0
420480,16,16,0
85899579070,13,12,1
25770052007,8,7,1
419997,8,7,1
420000,11,9,2
8590070278,13,9,4
340876,14,13,1
34360090677,8,7,1
68719617169,8,6,2
8590332637,8,5,3
17179930084,14,14,0
359295,24,21,3
60129667633,13,12,1
42949999661,12,10,2
238896,8,8,0
51539838202,8,8,0
145253,29,21,8
17180253191,23,22,1
97360,10,7,3
6297,40,36,4
60129880808,8,8,0
112569,10,10,0
25770106301,9,5,4
17180180034,13,7,6
154618843782,8,8,0
17179978571,28,27,1
25770172018,9,9,0
17179937431,11,11,0
342520,16,16,0
51539872237,8,6,2
8590051007,17,8,9
17180154951,8,6,2
60129751169,12,12,0
25770203115,10,7,3
52755,8,8,0
212577,9,9,0
25769805621,10,5,5
25769925529,12,12,0
352376,16,13,3
17180118220,46,39,7
42949781068,10,9,1
175214,11,11,0
14609,54,36,18
8589950744,17,16,1
277658,11,11,0
103079550578,10,9,1
34359888605,8,4,4
51539787550,8,8,0
25770024130,10,9,1
25770024135,9,8,1
60129741305,9,8,1
25770113330,12,10,2
8589984007,9,2,7
384211,57,33,24
42949992862,9,8,1
60129912654,11,9,2
25770088587,10,10,0
51539654603,8,7,1
265515,15,15,0
42949707085,16,16,0
25770242592,15,15,0
42949920979,8,8,0
17180227323,17,17,0
17180019869,10,9,1
34360136329,13,13,0
52790,65,59,6
42949895955,18,18,0
42950116784,8,8,0
340632,9,9,0
120259310190,10,9,1
249168,22,16,6
307708,24,14,10
8590287491,24,18,6
78071,18,13,5
259662,17,16,1
259665,19,17,2
259666,20,18,2
8589992381,15,13,2
259659,25,21,4
34359892956,30,19,11
17179902422,10,9,1
68719803668,12,9,3
17179988433,10,10,0
42949736883,10,7,3
25769843169,10,6,4
17179880278,15,15,0
250567,12,11,1
17180161374,12,11,1
8590345287,21,13,8
42949843925,14,14,0
111669428059,9,8,1
34360007903,12,12,0
42566,25,23,2
51539643494,10,10,0
42949765852,21,19,2
409439,42,13,29
17180275499,8,8,0
138768,124,88,36
199565,13,11,2
14268,8,8,0
51539716552,9,9,0
14269,14,14,0
51539716555,13,12,1
68719597960,9,8,1
8590015090,26,24,2
8590191836,17,13,4
51539967431,8,8,0
25770064188,25,15,10
25770082046,11,10,1
406378,46,32,14
19701,28,16,12
77309604631,17,13,4
27175,9,9,0
17180274079,13,13,0
8590355677,16,16,0
362458,40,26,14
64229,108,57,51
125033,18,13,5
34359748005,8,7,1
4839,34,25,9
25770197405,12,12,0
1092,30,27,3
51539642860,9,9,0
33729,8,7,1
8590345542,20,15,5
8590138186,14,14,0
17180150919,11,11,0
9773,17,17,0
8589943684,10,8,2
25769879116,8,8,0
25769879111,12,12,0
88275,37,33,4
17180162747,26,22,4
17180137626,9,8,1
231453,8,8,0
25770034457,17,17,0
240724,44,32,12
68719528853,9,9,0
206868,15,15,0
8590269521,14,11,3
165608,23,20,3
8590369398,13,13,0
354407,25,25,0
8590028555,13,10,3
236845,13,12,1
42949858491,26,20,6
8590318905,9,9,0
50252,47,27,20
25770152354,9,9,0
77309623163,10,10,0
8590004460,15,9,6
17180022985,11,11,0
8590230974,20,20,0
294491,8,8,0
60129837476,8,8,0
8590065945,12,11,1
17179969416,33,29,4
17180273027,10,10,0
8590187015,17,15,2
8590352120,22,12,10
36807,13,13,0
8590342633,13,13,0
17179993494,16,16,0
42949969284,8,8,0
9232,110,57,53
8590052811,52,36,16
8590106375,15,13,2
42949852668,13,12,1
17179912993,21,20,1
176541,34,21,13
25769952284,13,8,5
8590031218,8,6,2
8590175807,9,9,0
421900,12,11,1
34359847142,14,9,5
8590219739,12,10,2
51540038652,9,9,0
42949765876,8,7,1
286074,41,33,8
167565,19,18,1
8590083831,40,2,38
25769957094,14,8,6
34359768806,9,9,0
34359768810,19,18,1
372438,45,37,8
17180271234,17,17,0
34359869859,20,18,2
8590167545,11,8,3
51539726648,12,10,2
110549,8,5,3
17180247365,12,11,1
132675,18,16,2
34359756421,8,8,0
34359998212,16,15,1
8589975739,14,13,1
8589975741,17,16,1
25769926644,19,15,4
8590090113,26,18,8
98645,9,9,0
25770187472,8,8,0
25770187469,9,9,0
25770187466,8,7,1
137998,72,27,45
34359987960,8,8,0
51539608807,8,6,2
17180025025,8,6,2
8589965483,17,17,0
25770205366,10,10,0
25770103060,14,12,2
8590182142,8,6,2
42950098854,8,8,0
68719878504,8,8,0
85899497380,10,10,0
77309849276,8,5,3
8590050287,9,9,0
94489552335,11,11,0
137439366870,10,10,0
271302,48,45,3
8590102111,29,28,1
314648,11,10,1
94489318108,9,7,2
31968,19,16,3
31971,13,13,0
8590324890,13,13,0
8590065622,13,11,2
97039,31,22,9
34360012671,10,10,0
17180259805,12,11,1
8589998990,9,7,2
8590132095,12,9,3
8589943494,13,12,1
281182,8,8,0
14148,39,16,23
25770013003,13,11,2
8590047969,39,37,2
8590047970,38,36,2
51539882976,9,8,1
51404,8,8,0
68719803371,9,9,0
51411,8,7,1
25769875680,8,5,3
42949921370,10,9,1
231298,37,28,9
37225,16,16,0
8590030449,40,24,16
8590079891,8,8,0
51539844470,11,11,0
51539627990,9,9,0
60129863345,8,7,1
94489458075,9,8,1
60129876086,10,10,0
389251,29,21,8
195332,8,7,1
77309611241,8,8,0
68719558825,10,9,1
108960,10,9,1
17180070098,13,12,1
390813,10,10,0
8590139422,14,14,0
392551,57,35,22
367488,9,9,0
105459,17,17,0
8590360878,11,11,0
60129786619,8,8,0
25769871225,12,12,0
25769871221,10,10,0
17180071992,18,13,5
17180031084,8,8,0
8590178900,58,46,12
17180274513,27,24,3
376934,18,13,5
34360026264,23,15,8
8590059865,18,17,1
186071,8,7,1
176730,43,35,8
79813,12,9,3
66011,33,25,8
100942,9,9,0
100935,27,15,12
100937,31,24,7
8590302691,12,2,10
8589940764,17,16,1
25769937769,26,25,1
17180275381,16,12,4
11865,27,22,5
17179900315,11,9,2
77309735191,8,7,1
51539627064,9,8,1
94489692331,8,8,0
128849447891,9,8,1
17179941813,20,14,6
145684,11,7,4
231918,26,19,7
231922,10,10,0
8590027330,10,10,0
34359787558,8,8,0
20986,11,9,2
32231,12,11,1
25770112870,15,15,0
60129866019,8,8,0
25769856174,9,8,1
139652,11,10,1
393846,12,11,1
25769851054,11,10,1
8590279078,31,26,5
60129771485,13,7,6
25769986160,9,7,2
8590234341,9,9,0
25769838635,20,20,0
34359905056,13,12,1
17180164814,16,15,1
51539645621,9,9,0
26266,9,9,0
17180247388,8,7,1
22587,8,7,1
68719877130,8,8,0
334863,10,10,0
334869,12,12,0
405812,8,7,1
405814,9,8,1
248433,39,26,13
7320,11,10,1
7316,12,12,0
8589983994,31,25,6
360552,28,22,6
42950036394,9,9,0
8590078300,10,10,0
58537,26,24,2
25769870594,14,13,1
197141,14,14,0
8590021470,10,8,2
68719838425,11,11,0
34359836061,16,16,0
25770039709,8,6,2
25770218190,8,8,0
12430,12,9,3
120259169757,10,6,4
17179880680,9,8,1
8589974602,17,9,8
17180172364,17,15,2
17179946248,46,36,10
8590266343,9,9,0
34359802616,23,23,0
111669354227,8,8,0
128849044386,8,8,0
322021,17,17,0
22531,15,12,3
333448,15,13,2
350579,8,8,0
94489361748,8,8,0
8590054684,22,15,7
34359946608,17,15,2
68719502419,8,7,1
68719502418,14,10,4
278661,29,20,9
8590008820,18,17,1
184213,9,6,3
234879,19,17,2
8589941468,14,14,0
64464,8,8,0
345360,8,8,0
8589973465,9,9,0
75705,34,31,3
34359993370,10,9,1
17180051357,11,10,1
17180229366,18,18,0
34360024447,32,25,7
28073,80,58,22
17180217297,13,8,5
42950047054,16,13,3
8590028789,58,58,0
234435,43,37,6
25769815697,12,12,0
17180268659,15,15,0
25769873034,8,8,0
158185,8,8,0
42950012053,9,7,2
137439190786,9,7,2
25769876450,18,15,3
25769876442,44,22,22
51539764417,8,7,1
34359913598,10,9,1
8590268014,21,14,7
111669223289,9,7,2
398312,10,8,2
17180000729,8,8,0
133113,22,22,0
25770079642,27,22,5
8589953782,10,9,1
25770223066,9,7,2
42950086901,10,10,0
17180013606,11,10,1
8590278805,11,11,0
8590160208,21,19,2
42949773023,9,8,1
77309853817,10,10,0
125788,12,10,2
120259261516,8,8,0
34359776600,17,8,9
17180134641,8,7,1
25769852604,14,13,1
42949838375,8,7,1
42949838376,11,11,0
8590210029,9,9,0
8590210022,13,13,0
169338,66,39,27
8590283308,8,7,1
61503,12,12,0
51539625583,9,9,0
391904,72,54,18
17180255413,13,13,0
175005,18,17,1
175003,18,17,1
8590273171,22,18,4
42949962983,26,20,6
8590155034,9,9,0
8590155031,10,10,0
422119,73,57,16
17179869871,29,25,4
51540005617,12,9,3
42949820522,11,11,0
8590023759,11,11,0
17180026133,8,8,0
42949962563,8,7,1
17180118949,9,9,0
8590333314,14,13,1
17180293038,8,6,2
60129688498,8,8,0
8590024392,61,57,4
34359969824,15,15,0
85899492802,12,10,2
34359807510,14,12,2
398243,45,41,4
187942,21,15,6
25769892366,12,12,0
187945,22,20,2
272656,9,9,0
17180122741,9,9,0
17180077807,21,17,4
17180161489,24,19,5
152806,9,8,1
8589985111,10,9,1
333512,20,18,2
17179999709,21,17,4
8590171767,8,7,1
284914,10,10,0
85899559179,8,8,0
17179911463,10,10,0
51539662998,9,9,0
51539662992,11,11,0
77309841544,8,7,1
77309414846,14,14,0
70040,9,6,3
17180208782,13,12,1
191088,50,45,5
17179897328,73,64,9
8590233184,9,8,1
8590233174,13,8,5
8590233187,8,7,1
25770241533,11,10,1
25770157817,15,9,6
17179909284,11,10,1
145647,22,21,1
34360164256,18,18,0
68719858628,8,8,0
25770143811,10,10,0
255323,24,12,12
60129813875,9,9,0
42949676682,8,8,0
17180153377,23,20,3
25769838395,8,7,1
17180068043,8,8,0
17180288966,8,8,0
419555,20,15,5
419557,16,14,2
8590104100,26,25,1
8590051839,10,10,0
204097,10,10,0
8590103113,9,9,0
17180268852,16,15,1
17180268856,12,12,0
38709,31,27,4
25770185776,33,21,12
322382,40,26,14
17179927676,33,29,4
25769999162,11,11,0
77309674915,14,13,1
51539743223,11,10,1
84846,9,9,0
60129740983,9,8,1
122722,67,49,18
17179995430,9,9,0
25769929799,21,20,1
51539726203,12,12,0
94686,15,14,1
340203,8,8,0
340205,20,20,0
25770030115,8,8,0
51539779903,8,8,0
348035,9,9,0
34360028796,16,14,2
8590314085,19,15,4
111669308032,8,6,2
17179879000,9,9,0
85899624271,8,8,0
85899624275,8,8,0
85899606671,8,8,0
85899606678,8,8,0
85899606681,8,8,0
115340,13,12,1
8590038261,8,7,1
17180109711,14,14,0
8590038262,33,32,1
25770114849,9,6,3
8589972947,13,9,4
180107,14,14,0
97945,18,16,2
25769999680,8,8,0
342234,8,8,0
85899496385,8,8,0
34360007455,22,22,0
8590197537,8,7,1
25769934007,25,23,2
8590218721,13,12,1
210600,12,11,1
34359838355,10,2,8
8590098322,10,10,0
8590098307,20,19,1
42950039813,11,11,0
17179883606,13,12,1
42949936807,12,12,0
17180110802,17,17,0
244216,17,17,0
8589965535,10,9,1
34360116994,12,12,0
25769832283,9,9,0
42949789898,8,8,0
313749,18,18,0
17179886414,20,16,4
175521,9,9,0
34360046863,13,7,6
8590345974,14,12,2
8590325410,15,14,1
25769908112,10,10,0
72318,8,7,1
25769909076,13,5,8
8590226326,8,8,0
8589996436,22,22,0
8589996445,8,8,0
8589996440,13,12,1
51539822909,9,9,0
157307,43,35,8
34359994106,16,15,1
77309774335,8,8,0
98531,8,6,2
148925,8,7,1
25989,42,31,11
111669327628,8,8,0
42949815522,11,11,0
77309683267,9,9,0
51539642875,10,10,0
42949879127,10,10,0
42949879118,8,8,0
25769919329,10,10,0
320400,46,38,8
25769919327,9,9,0
8590053485,10,9,1
8590086153,41,32,9
292230,11,11,0
42949797225,10,10,0
302123,13,13,0
8590151525,9,9,0
8590005147,12,8,4
8590230915,28,27,1
25770210364,8,8,0
355549,8,7,1
77309440945,13,10,3
261953,21,19,2
17180104072,11,8,3
4091,12,11,1
34359836538,13,13,0
103079218678,8,8,0
34359836534,13,13,0
34359836539,13,13,0
8589995962,10,10,0
17180015865,11,11,0
25769889130,8,8,0
98036,83,74,9
25770026033,32,25,7
171102,42,33,9
8590067716,10,9,1
42949779654,15,11,4
60156,46,32,14
34359833837,20,19,1
56022,15,15,0
25770053488,8,8,0
154031,38,35,3
25770098515,10,10,0
51539817916,8,8,0
8590124067,27,13,14
146029331754,9,5,4
163208998269,8,5,3
21075,15,14,1
8590036760,20,17,3
8590268044,16,16,0
8589974513,35,25,10
8590210039,14,14,0
8590210033,33,24,9
8590336267,14,14,0
51539805084,8,7,1
17180224402,9,9,0
42949688085,9,9,0
8590201325,20,16,4
17180198455,8,8,0
8590296709,30,27,3
8590296702,29,29,0
181686,47,25,22
8590213453,11,8,3
8590038673,11,10,1
8590181496,10,10,0
17180160911,8,7,1
8589938738,9,9,0
8589980327,17,16,1
68719687021,14,14,0
8590227760,11,10,1
17180022434,17,16,1
17180022438,13,12,1
42949984211,14,13,1
106469,11,11,0
366281,8,8,0
60129740078,8,7,1
51539668283,11,9,2
5454,22,17,5
17179976320,18,15,3
68719892013,11,11,0
34360016806,9,9,0
8590333365,13,11,2
44972,28,21,7
55328,8,8,0
8590109335,8,7,1
42949881474,10,10,0
51539689915,10,10,0
51539984009,15,15,0
86233,13,13,0
17180030269,33,14,19
25770074917,15,15,0
181189,10,10,0
103079579770,11,8,3
33760,21,19,2
8589997649,11,11,0
25770093788,13,12,1
25769866706,16,11,5
25770127967,8,8,0
85899599368,8,7,1
17180304420,12,11,1
85899742937,13,12,1
8590138587,89,32,57
145298,39,21,18
42949699622,13,13,0
8590365766,16,16,0
17180150006,25,21,4
215367,35,4,31
8589980980,13,10,3
118788,25,22,3
17180104904,9,8,1
73526,12,11,1
118942,78,65,13
25769983205,19,18,1
34359794016,11,11,0
8590337094,11,11,0
46387,8,6,2
8590137607,22,20,2
183700,40,37,3
60129740746,8,8,0
162486,23,20,3
25770163530,12,12,0
382477,8,8,0
326770,16,16,0
8590319477,8,6,2
17180180938,18,17,1
25770179191,13,13,0
135478,14,12,2
8590240810,8,7,1
34359846831,9,6,3
85899577407,9,7,2
111669155377,10,8,2
8590269128,37,33,4
269430,42,38,4
405665,10,9,1
154618892771,8,8,0
34359909117,8,8,0
101012,31,28,3
94489706999,10,9,1
51539933005,16,16,0
51539933006,16,16,0
8590108519,13,13,0
246967,34,31,3
371578,11,11,0
325863,9,9,0
25769855340,10,10,0
99815,20,10,10
99823,9,8,1
1048,53,23,30
34359811715,8,8,0
17180109620,14,12,2
17180109615,16,14,2
351343,13,13,0
25770195729,10,6,4
17180245762,23,18,5
8590051288,13,13,0
8590128371,11,10,1
8590368285,32,18,14
196787,43,37,6
8589989731,14,13,1
17180182732,19,18,1
17179975919,11,10,1
173231,10,7,3
25769897268,8,8,0
216447,9,9,0
8590379679,25,20,5
8590232627,23,21,2
68719653537,8,7,1
25769952269,16,11,5
103079387559,9,7,2
344439,18,16,2
42950073808,12,12,0
77309609147,8,6,2
42949700157,20,18,2
332090,22,22,0
17180064307,11,10,1
89656,17,16,1
408215,11,8,3
121944,13,13,0
19230,120,81,39
25770181956,9,9,0
8589947473,34,22,12
34359786863,9,9,0
42950019895,12,12,0
8590311864,16,15,1
407722,14,13,1
8589945467,9,9,0
8590020547,15,14,1
8590143388,8,8,0
163022,38,35,3
105465,22,21,1
77309433413,8,3,5
17180145870,9,8,1
103079526942,8,5,3
8590001373,10,9,1
17180209945,14,13,1
60129960309,8,8,0
25769848344,10,10,0
8590082231,75,23,52
25770023740,9,6,3
17180078440,8,7,1
34360012614,11,11,0
8590260538,12,12,0
290514,12,8,4
17180106441,13,11,2
51539632676,15,15,0
13696,14,12,2
34360053771,10,9,1
379864,16,11,5
379862,8,7,1
17180038438,8,8,0
99711,11,11,0
42949916962,18,8,10
25770153151,8,8,0
17179984341,11,9,2
222391,8,8,0
222385,18,17,1
363150,31,27,4
34360118305,8,8,0
25769937113,8,8,0
17179950675,12,12,0
17179950680,8,8,0
17179950676,14,13,1
352855,10,10,0
8590358444,19,13,6
42949814168,10,10,0
8590278844,9,8,1
8590278841,14,10,4
8589970504,8,6,2
25769932949,9,8,1
50233,27,18,9
42949994467,30,27,3
403145,9,9,0
374191,10,10,0
120823,23,22,1
60105,29,23,6
17179968757,9,9,0
17179979512,24,24,0
34359814755,14,14,0
17180002429,11,11,0
17180096338,11,11,0
8590214794,18,16,2
8590221378,8,8,0
8590207985,40,27,13
61324,8,6,2
271442,18,17,1
60129805206,8,8,0
8590213949,8,8,0
25769844979,11,11,0
17180131586,36,27,9
34360141307,10,7,3
300951,10,8,2
42950020639,8,5,3
42950020638,8,5,3
37768,8,8,0
60129783674,12,9,3
100919,40,26,14
51539619419,9,9,0
8590027636,14,12,2
25769832661,9,8,1
17180241975,10,10,0
50187,15,14,1
8590089807,14,14,0
17294,34,30,4
77309672096,8,7,1
131532,45,36,9
8590340250,12,9,3
85899684326,11,9,2
286825,44,35,9
34359971164,9,9,0
42949845692,8,6,2
8589983890,11,10,1
17180075581,9,8,1
120259267058,9,8,1
79310,10,9,1
79309,10,10,0
77309429331,12,10,2
60129692926,8,7,1
17180019006,9,8,1
8590153319,24,21,3
17180164586,9,7,2
81261,71,46,25
17180138532,15,15,0
17179938926,8,8,0
25769879167,10,10,0
94489597235,8,5,3
8590256983,8,6,2
68719554685,17,14,3
25770180261,8,8,0
358459,20,17,3
141484,15,12,3
8590160366,9,9,0
51539887889,19,10,9
393006,21,9,12
17180197915,11,10,1
17179923650,14,14,0
8590114752,13,13,0
75825,12,12,0
51539711493,8,8,0
297824,55,47,8
279693,10,10,0
8589992136,10,10,0
42949870029,9,8,1
25770203177,10,10,0
25770203173,12,12,0
17180057225,24,14,10
60129947119,8,7,1
17180038150,8,8,0
57008,32,25,7
42950034248,17,13,4
17180282601,38,28,10
336352,8,8,0
34359939914,9,9,0
352844,43,35,8
17180248545,13,12,1
153628,59,50,9
25770157937,11,10,1
42949728361,10,10,0
42949689141,10,10,0
34359961678,24,16,8
238710,13,13,0
60129735538,9,7,2
66689,19,19,0
8590154384,12,9,3
8590375537,8,5,3
8590375541,10,6,4
25769827584,8,8,0
25208,18,15,3
53335,75,65,10
8590182731,16,16,0
8590106470,8,8,0
8590106469,14,14,0
51540010374,9,9,0
34360159926,8,8,0
34359804854,8,7,1
8590020074,44,33,11
226802,8,8,0
8590240561,47,44,3
42949867478,11,11,0
8589952196,26,15,11
8590138547,30,28,2
34359816573,12,11,1
8590172263,24,23,1
25769876380,28,20,8
379903,76,53,23
232591,14,14,0
8590162804,9,9,0
94489409701,9,9,0
21528,68,49,19
85899737930,8,8,0
60129559515,12,12,0
8590310935,27,25,2
3706,33,27,6
3703,9,7,2
1573,9,9,0
42950086195,8,8,0
25770235342,8,7,1
25770235347,14,13,1
51539933418,8,7,1
51539933421,9,9,0
60017,18,15,3
68719757968,8,8,0
42949712735,8,8,0
404395,41,36,5
25769856207,26,24,2
51539823343,16,14,2
32959,10,10,0
51539823342,16,14,2
25770126565,13,13,0
315769,43,41,2
315762,17,15,2
272500,10,8,2
60129766407,14,13,1
106747,14,14,0
106744,10,10,0
33622,8,8,0
42949762481,9,9,0
38926,18,18,0
77309636289,11,11,0
174890,11,11,0
34359844275,9,9,0
34360102335,13,11,2
74922,84,54,30
8590323042,37,30,7
17179914362,16,16,0
34359840782,9,7,2
25769843731,9,9,0
25770203562,10,9,1
25770154637,8,6,2
103079481319,11,7,4
236566,23,17,6
60129791125,11,10,1
8590355793,9,9,0
8590009913,13,12,1
60129574840,9,8,1
65688,22,18,4
167378,56,50,6
77309566445,10,10,0
184419,8,4,4
25769894345,24,22,2
34359843838,9,9,0
8590055122,19,19,0
25770021093,9,9,0
34359868604,9,7,2
85345,11,8,3
241100,21,11,10
34360151101,9,9,0
35177,16,14,2
77309513739,9,9,0
341826,28,27,1
348617,15,15,0
25770087132,10,7,3
8590008831,12,10,2
8590008839,44,30,14
34359771765,12,12,0
17180057340,10,10,0
111669519308,11,11,0
17180238809,9,6,3
25769817621,9,9,0
25769817616,20,14,6
25770129959,20,18,2
42949704883,29,23,6
68719485673,42,24,18
42950083662,12,4,8
42950053901,9,8,1
77309461602,8,8,0
8590274161,31,22,9
8590063371,12,5,7
25770103805,12,9,3
42949985875,11,11,0
17180226237,14,8,6
17180241135,18,14,4
8590347423,13,10,3
34360066384,11,11,0
17180157573,11,10,1
25769897727,12,9,3
17179931710,17,14,3
85899484268,11,8,3
128849059112,8,7,1
8589961095,8,8,0
10817,11,11,0
42949795689,9,9,0
42950061102,8,8,0
144217,44,30,14
8589981839,10,10,0
68719719249,9,9,0
255868,42,32,10
32821,15,14,1
8590191571,11,11,0
25769867421,20,15,5
8590228226,45,34,11
175906,12,11,1
273140,13,13,0
416341,15,15,0
213261,13,12,1
25770104467,12,12,0
60129906229,9,7,2
49572,29,25,4
281031,9,9,0
17180293294,14,14,0
34359753276,10,4,6
407803,32,29,3
51539855153,11,10,1
270929,47,20,27
17179987321,8,8,0
58717,58,36,22
8590241109,12,11,1
214186,12,12,0
8590086316,26,20,6
367758,9,9,0
34360093616,8,7,1
34360093613,8,7,1
216984,115,80,35
17179933748,33,25,8
25770153000,17,16,1
25770152992,10,10,0
54525,8,8,0
8590082388,14,13,1
8590104393,22,16,6
94489438128,9,9,0
230433,12,11,1
128993,9,9,0
8590037224,18,13,5
8590212547,10,8,2
228648,11,11,0
8590247877,10,10,0
8590086644,35,28,7
25524,93,72,21
154361,53,25,28
178258,65,39,26
8590147402,19,16,3
333370,20,18,2
42950109994,8,8,0
16349,14,12,2
16352,13,13,0
86282,8,7,1
86287,8,7,1
55347,13,13,0
60129783757,8,6,2
51540028084,8,7,1
211283,35,22,13
8589997896,9,9,0
8589997897,14,12,2
255437,30,23,7
25769866956,11,11,0
255441,11,10,1
34359837145,14,12,2
68719700513,11,11,0
8590232439,8,8,0
351267,8,6,2
17179937868,10,9,1
8590342904,39,31,8
228312,57,50,7
102279,49,40,9
8589951224,13,12,1
25770016540,9,8,1
17180080181,12,11,1
15969,22,19,3
162836,32,22,10
34360074219,11,11,0
85899692819,10,10,0
34360037543,13,13,0
34360037552,9,9,0
17180001447,12,12,0
25769854227,17,15,2
51539826347,11,11,0
89476,11,10,1
34359921325,23,21,2
25770081526,14,12,2
8590266626,9,9,0
17180045830,8,8,0
25770133845,9,6,3
25770133837,14,12,2
25770133841,22,13,9
55061,32,27,5
322783,16,16,0
7810,43,25,18
60129783266,12,8,4
42950096427,21,13,8
25769952855,12,7,5
51539727756,16,13,3
8590163363,8,8,0
9052,8,7,1
17180105153,19,15,4
81418,14,14,0
81408,21,14,7
42949725252,8,8,0
338605,8,8,0
17180297474,11,10,1
8589937185,17,17,0
42949883193,8,7,1
120404,9,9,0
111669216704,13,7,6
174939,8,7,1
17180014136,8,4,4
34359861654,9,8,1
8590350346,16,8,8
17180034701,16,4,12
25769853375,10,3,7
8590129430,10,10,0
17180020181,9,6,3
8590344532,9,9,0
85899622573,9,9,0
309019,12,12,0
34359798407,14,14,0
8590349144,14,12,2
42949734886,9,9,0
60129599074,10,10,0
34360155479,12,12,0
60129686293,20,14,6
8590200727,10,9,1
255962,56,48,8
111669166334,8,8,0
118517,8,8,0
8589974091,22,19,3
8590067434,11,10,1
60129837732,8,8,0
94489500224,11,10,1
51539658064,8,8,0
8590039892,16,16,0
8590220928,53,39,14
42949981794,8,7,1
17180155342,9,8,1
226404,27,26,1
226402,13,13,0
226403,12,11,1
51539790953,8,8,0
201693,13,10,3
17180148837,9,9,0
258265,8,8,0
77309693836,12,6,6
77309693838,11,10,1
25769910460,8,7,1
8590307193,14,10,4
166350,17,13,4
25769832706,9,8,1
42271,16,14,2
351268,18,14,4
17179919289,8,5,3
8590183256,8,8,0
8590183250,9,9,0
68719501405,8,8,0
17180072772,10,9,1
103752,86,28,58
60129558703,10,10,0
404204,28,26,2
331921,14,11,3
34360151556,9,8,1
68719716573,8,6,2
34360152504,13,13,0
17180290436,11,8,3
17180023308,9,8,1
183992,11,11,0
42950058004,25,20,5
42949788540,20,13,7
8590059690,27,21,6
313313,21,15,6
301044,11,11,0
26954,12,9,3
68719745366,8,8,0
298858,13,12,1
68719538626,10,10,0
88492,24,14,10
88497,12,11,1
265847,59,43,16
8589941907,24,24,0
8590357172,12,12,0
25769981016,11,9,2
68719792484,8,8,0
150842,22,19,3
8590001530,10,8,2
171798744941,8,7,1
8589956738,14,14,0
25769917394,15,9,6
8590004304,100,58,42
342999,62,34,28
42949908709,10,7,3
8590161826,12,10,2
168036,64,52,12
168030,15,15,0
42949714767,15,14,1
17179934776,8,8,0
51539848173,8,8,0
291006,35,25,10
309746,9,8,1
17180031490,18,16,2
37386,20,20,0
78172,38,30,8
8590130988,8,7,1
51540051448,14,13,1
111669279553,9,8,1
17180208040,10,9,1
25770072010,8,8,0
120259133649,11,8,3
336159,56,44,12
336164,15,12,3
8589938268,23,22,1
8589938265,9,8,1
209578,9,9,0
142878,25,23,2
17180171329,12,12,0
151988,12,11,1
34359880476,29,24,5
326434,12,12,0
25770089468,12,10,2
8590109206,34,26,8
32383,42,38,4
364675,9,9,0
154618919010,8,8,0
103079549412,8,4,4
34360121964,10,8,2
17180120107,13,13,0
11000,14,14,0
8589949332,30,25,5
417140,26,24,2
17180221880,12,12,0
340175,22,22,0
17180127887,23,23,0
26180,12,12,0
26179,34,31,3
179805,31,22,9
8590186628,8,8,0
8590356964,37,30,7
60129823790,9,8,1
8590081664,15,10,5
42950004122,9,8,1
25770130957,9,8,1
137541,8,6,2
317951,54,39,15
8590352381,15,13,2
34359882238,9,9,0
34360104852,8,7,1
51539761004,8,7,1
17180237971,13,11,2
17180237981,9,9,0
106554,29,18,11
25769933752,11,9,2
17179953397,14,10,4
50110,21,15,6
17180189540,8,8,0
25770148294,15,8,7
8589963131,18,14,4
49030,43,28,15
17179914517,56,43,13
51539946686,14,13,1
8590252243,13,12,1
8590025074,15,14,1
25770029187,8,8,0
123891,108,93,15
51539641304,9,9,0
17179950211,13,12,1
68719748993,9,9,0
17180188695,9,8,1
8590332262,12,11,1
17179887498,8,8,0
8589954768,16,15,1
68719710581,11,7,4
8590343083,16,13,3
34359917635,9,7,2
34359917638,14,11,3
34359917637,8,6,2
60129618421,10,10,0
17180040848,14,13,1
17180087197,9,9,0
17180105931,10,10,0
25769896438,19,19,0
42949976997,16,16,0
17179981054,18,15,3
34359821630,11,10,1
8589968030,17,14,3
8590329809,22,22,0
77309428225,8,8,0
8590196052,11,11,0
17179894358,8,8,0
143684,21,10,11
159953,46,38,8
17179948274,16,15,1
34359992199,11,9,2
25769991603,8,8,0
17180159326,44,40,4
34359915373,12,12,0
42950050252,8,8,0
17180019118,14,12,2
412363,20,18,2
25770020105,8,8,0
25769888042,9,6,3
236370,9,8,1
329024,11,10,1
34359882657,8,7,1
162489,12,9,3
8590180933,68,60,8
34359796489,18,18,0
34359924367,9,9,0
8590261480,9,7,2
290847,12,7,5
211838,45,31,14
211839,10,10,0
211845,12,11,1
25769885437,8,8,0
111669350340,11,11,0
8590323727,21,19,2
42949818210,10,8,2
14093,51,30,21
8590060862,12,12,0
77309414216,10,8,2
34360128041,14,14,0
8589961952,10,10,0
77309729866,9,8,1
19021,9,7,2
21469,49,22,27
51539732918,8,7,1
17180014419,15,14,1
42950012393,8,5,3
42949993128,10,9,1
390318,12,11,1
25770055243,10,9,1
17180280901,15,14,1
51539998960,9,8,1
8590134654,98,71,27
25770076509,28,17,11
25770238081,27,27,0
17180163200,27,27,0
17180239962,10,7,3
25769806648,10,9,1
51539850520,14,11,3
85899524437,8,8,0
85899532586,8,8,0
267116,12,7,5
51539879256,17,12,5
17179928458,12,11,1
51539824173,9,9,0
8590049810,8,8,0
17179872019,18,17,1
312341,14,14,0
312346,14,14,0
8590295340,43,21,22
41566,76,55,21
191019,10,9,1
42950019242,8,8,0
124151,44,21,23
300541,56,26,30
139586,8,8,0
51539834419,8,6,2
134229,11,11,0
25769899976,11,11,0
25769881484,19,18,1
25770140371,10,10,0
29784,10,10,0
69358,16,15,1
25769914968,45,34,11
17179902195,12,11,1
8590182620,15,13,2
51539927924,8,8,0
51539927939,11,11,0
8590182615,8,7,1
103079593901,8,8,0
36395,39,26,13
233176,13,9,4
233171,8,8,0
8590323254,20,19,1
42949752290,8,8,0
8590070375,77,49,28
60129902008,11,9,2
85899627696,8,8,0
203706,50,43,7
351311,9,7,2
25769804156,9,8,1
420705,9,8,1
41819,43,21,22
8590031617,19,17,2
84953,42,33,9
248077,80,65,15
60129828294,8,8,0
34359877243,13,13,0
68719785687,9,9,0
51540005526,11,11,0
17180003533,12,11,1
34359818033,13,12,1
42949994505,8,7,1
8590042816,14,12,2
17180204523,8,7,1
141181,15,15,0
94489714459,10,10,0
17180265399,8,7,1
17180093184,67,56,11
8590232925,14,11,3
8590148452,11,11,0
20940,16,13,3
51539921626,8,8,0
42949786726,15,15,0
235211,12,11,1
159357,49,24,25
25770245837,8,8,0
34359852965,8,6,2
34359788077,10,10,0
25770197924,13,12,1
42949959796,12,12,0
42949840512,8,8,0
8590113132,9,8,1
8589968856,21,14,7
8590137369,11,10,1
34360047348,21,19,2
25769832736,30,29,1
17180067897,8,8,0
8590250679,29,25,4
42949700512,8,8,0
60129953084,9,7,2
17180035121,12,9,3
25770013752,13,12,1
181931,13,12,1
181940,12,12,0
181930,28,24,4
60129964160,8,8,0
42950096247,9,8,1
34359869080,9,9,0
17180214162,10,10,0
17180042280,12,12,0
375529,12,12,0
42949931362,23,15,8
51540027229,11,10,1
51539757841,9,9,0
15681,10,10,0
8590123500,9,9,0
390999,12,11,1
8590066943,11,10,1
17180050600,11,9,2
25770041538,12,9,3
60129958008,8,8,0
25769956887,12,8,4
190971,10,10,0
51539896238,9,9,0
270429,9,9,0
25770187499,9,9,0
203548,35,3,32
8590117986,42,40,2
229748,12,11,1
17180307727,20,19,1
34359790691,9,9,0
340393,42,41,1
114090,9,9,0
68719730754,11,11,0
20226,12,11,1
8590090958,10,7,3
146029228789,8,8,0
8590144158,11,11,0
17180202720,9,9,0
83337,52,23,29
8589977264,11,11,0
25770083322,13,12,1
51539648303,9,8,1
34359949983,13,11,2
34359777285,11,8,3
18288,10,9,1
94489474506,9,6,3
34359921595,36,26,10
84775,25,18,7
84783,23,15,8
25769932343,13,9,4
111669333668,11,9,2
81502,13,8,5
34359960505,14,8,6
51539842253,8,8,0
68719617400,8,8,0
217952,14,14,0
310928,18,16,2
17180098543,10,10,0
51539975405,8,8,0
8590342567,8,8,0
376028,16,15,1
17180029512,8,8,0
68719694433,8,8,0
156591,8,5,3
77309493261,11,10,1
25769867431,23,22,1
25769829566,8,8,0
8590100428,18,14,4
127343,12,11,1
17179927261,10,10,0
129016,10,10,0
129020,17,17,0
17179979341,16,16,0
8590311885,22,20,2
17180047312,24,21,3
239034,9,9,0
17179951293,9,8,1
25770020703,11,11,0
147823,9,9,0
34359829318,8,8,0
42949752035,15,15,0
8590018738,18,18,0
42950103981,8,7,1
17179919006,8,8,0
8590273265,9,9,0
101476,33,27,6
8590273261,12,11,1
25770053943,12,11,1
17180109764,11,11,0
34360012207,18,14,4
68719795296,8,7,1
51539688992,11,10,1
8590004070,10,9,1
190456,12,11,1
17180108151,21,17,4
25769874479,15,13,2
8590135607,16,15,1
25769951206,8,6,2
42949712107,14,9,5
165832,23,21,2
48005,28,23,5
17179917343,8,8,0
17180018874,13,12,1
85899661721,12,11,1
17179869370,13,12,1
77309702048,10,10,0
42949817528,21,21,0
25769990839,25,22,3
8590146808,31,23,8
111669204246,10,8,2
42949955742,9,8,1
8590079218,25,21,4
8590079229,10,10,0
108879,10,8,2
200612,8,7,1
51539831304,8,4,4
60129769754,11,8,3
60129769747,12,11,1
17179914699,9,5,4
8590364138,11,6,5
8590120629,13,12,1
34359892571,19,14,5
361340,9,7,2
4638,9,9,0
389963,9,8,1
34359992836,11,8,3
8590356084,12,9,3
34359992837,13,9,4
199022,10,8,2
275180,11,6,5
8589959511,8,6,2
60129746246,8,7,1
42949697964,15,13,2
8589974189,8,7,1
25770143350,13,10,3
17180141265,9,7,2
12256,74,21,53
17180037403,9,8,1
51539903549,8,7,1
25769807039,16,14,2
376247,9,9,0
8589952582,17,15,2
8590086934,36,33,3
25000,8,8,0
25001,8,8,0
25769868440,8,7,1
226882,9,9,0
77309529431,8,8,0
193788,11,9,2
131920,121,86,35
25770011953,14,12,2
111669368651,9,9,0
8590251719,13,13,0
8590181709,9,6,3
59798,13,8,5
249752,47,30,17
60129944126,9,9,0
47598,45,43,2
8590177764,9,8,1
393980,40,31,9
42949852103,8,8,0
60129553275,10,9,1
17180118875,9,8,1
8590349552,9,9,0
86003,10,10,0
85899736913,8,8,0
8590091239,11,11,0
111669264234,14,12,2
8590372512,13,11,2
30341,18,17,1
34054,45,36,9
8590171414,15,15,0
8590171415,20,20,0
8590302029,18,18,0
8590255710,10,10,0
8590225149,16,8,8
17180180170,8,3,5
232900,30,21,9
34360110080,8,8,0
25770247902,12,10,2
17179966887,9,9,0
17179986506,15,13,2
42949882436,8,6,2
17180185751,9,8,1
359136,13,7,6
17179943403,15,13,2
7076,13,13,0
60129570138,12,12,0
60129570137,9,9,0
77309431570,9,9,0
200201,8,8,0
25770012616,13,13,0
8590101455,20,19,1
343548,23,14,9
42950057050,11,10,1
134940,74,60,14
34359841562,14,14,0
17179998657,18,14,4
365046,19,17,2
8590162514,12,12,0
350083,56,48,8
22081,8,7,1
94489704224,8,8,0
8590281051,18,18,0
85899637538,9,9,0
17180064629,10,5,5
17180078524,9,8,1
8590251864,12,9,3
25770178110,11,11,0
167589,10,10,0
167586,10,10,0
25770025703,12,12,0
25770025705,8,8,0
34360071108,10,10,0
19544,58,46,12
36864,8,8,0
36846,53,43,10
8590090591,16,14,2
36866,10,10,0
8590341918,23,23,0
84000,22,19,3
192929,12,10,2
17180227733,21,20,1
17179927770,19,19,0
288215,15,12,3
8590303912,43,35,8
416835,10,10,0
25769979624,10,10,0
78289,8,8,0
51539907735,11,9,2
85899521724,8,8,0
51539712404,11,10,1
375390,19,16,3
8590145068,22,22,0
194918,9,9,0
252304,35,30,5
8590219845,27,25,2
77309723330,11,11,0
34359989482,11,9,2
17179882485,16,14,2
188416,13,12,1
25770057422,12,8,4
118356,28,21,7
94489721032,10,8,2
77309691021,9,8,1
8590213963,13,11,2
42949984237,15,15,0
384182,17,16,1
25769994251,9,9,0
25769976296,23,21,2
60129834909,13,10,3
323801,8,8,0
85899601483,8,8,0
310825,9,9,0
42949894906,8,6,2
137439136148,8,8,0
8590251628,17,15,2
360411,19,19,0
8590071279,9,9,0
34359941509,8,8,0
8590029886,11,11,0
292497,8,6,2
400425,8,7,1
34359897636,11,10,1
298664,18,12,6
17180230175,15,14,1
34359833245,11,8,3
337188,19,17,2
54780,75,47,28
25769960955,8,8,0
25769960949,9,9,0
68719877470,9,7,2
85899747916,9,6,3
85899747911,8,6,2
60129550429,12,11,1
244550,11,11,0
25770196418,13,13,0
34359761403,10,9,1
267416,14,13,1
198789,35,29,6
198800,8,8,0
17180187985,10,8,2
268702,10,6,4
8590079655,8,8,0
365782,31,6,25
17180068852,9,9,0
8590270648,10,10,0
17179973594,18,17,1
51539678720,13,13,0
25770182022,10,9,1
8590057720,16,14,2
8590288095,8,7,1
25769878042,9,8,1
94489686642,10,10,0
108316,95,41,54
182591,60,48,12
25770045135,16,12,4
25769869653,14,13,1
8590012534,10,8,2
60129877365,15,14,1
190985,8,8,0
25769945932,22,16,6
17180055948,32,19,13
394334,49,33,16
27988,8,5,3
8590200921,22,20,2
17180000355,11,11,0
243000,15,14,1
8590053227,16,14,2
17179877660,17,15,2
412980,10,9,1
17179916292,26,15,11
42949723442,13,13,0
8590161473,22,19,3
68719800175,10,10,0
77309567338,9,9,0
393813,35,30,5
42950077630,16,14,2
8590346501,10,8,2
8590087980,33,17,16
68719519914,9,9,0
17180186651,8,8,0
147679,67,53,14
25769948724,32,20,12
8590280478,8,8,0
51539820058,8,8,0
42949906105,10,9,1
8590173646,10,8,2
8590086566,9,9,0
8590086579,13,13,0
20650,11,9,2
108623,18,18,0
17180247025,10,4,6
17180146720,22,17,5
8589939770,8,8,0
68719535903,9,9,0
68719514577,8,8,0
17180240714,10,10,0
42949894381,9,9,0
38319,60,28,32
34359776408,9,9,0
35593,31,20,11
203699,9,9,0
194459,10,9,1
8590009025,13,12,1
51539933052,9,7,2
290927,56,33,23
94489622677,8,6,2
85899775369,9,9,0
107248,11,10,1
8589979315,13,10,3
210943,14,14,0
8589979310,14,9,5
17180180049,10,9,1
34359891157,11,11,0
94489347773,12,12,0
17180192752,13,13,0
17180000010,9,8,1
399758,9,9,0
8589949312,9,8,1
194682,36,27,9
42949771845,13,13,0
329884,9,9,0
74931,13,12,1
42949757633,14,12,2
17180063540,22,15,7
25769975401,8,7,1
25769975395,10,8,2
8590359341,18,15,3
17179960708,20,12,8
52729,16,16,0
34359909277,32,31,1
129453,13,13,0
377791,19,12,7
42949825366,17,16,1
17179914962,10,10,0
51539834360,16,16,0
17179980651,16,12,4
34359873160,8,7,1
17180142783,11,11,0
174821,12,12,0
34359825196,8,8,0
17180187202,11,10,1
8590166075,13,12,1
8590024921,8,8,0
8590092401,15,3,12
17180047083,10,10,0
68719509124,8,8,0
8589948681,23,21,2
8590127823,13,11,2
85899689050,11,11,0
150434,61,48,13
17180091292,22,22,0
42949688927,10,10,0
321775,34,32,2
68719655431,10,10,0
60129709563,20,17,3
25770155151,15,14,1
17179989287,12,9,3
8589947510,9,9,0
8590011182,88,39,49
8590011180,11,10,1
226477,59,53,6
319642,41,30,11
51539851902,9,9,0
128849225639,8,8,0
17179926481,9,9,0
8590308393,34,28,6
8589937880,12,12,0
8589937881,8,8,0
53635,8,8,0
8590113174,20,15,5
17180155480,9,8,1
17180146460,25,20,5
85899488135,8,8,0
17179949831,12,12,0
17180247116,11,10,1
308951,21,20,1
51539741106,10,10,0
42949925536,10,9,1
25770014242,11,10,1
68719695633,9,8,1
25770101143,10,10,0
48078,11,7,4
48082,12,11,1
322420,17,15,2
51539898056,11,11,0
8590104727,13,12,1
215829,45,43,2
8590231223,20,19,1
25770107758,35,27,8
17180111279,14,14,0
8590255281,25,19,6
8589977945,26,21,5
8590216710,12,12,0
77309681938,8,8,0
361049,9,9,0
231404,8,7,1
68719762672,8,8,0
37775,9,9,0
25770244850,8,8,0
17180059019,14,13,1
17180059025,14,13,1
8590267749,16,13,3
8590267752,11,10,1
8590214825,14,9,5
27772,16,16,0
8590306286,23,22,1
25769808608,8,7,1
25769808609,9,8,1
8590068109,12,8,4
17179951391,8,8,0
17180203689,8,8,0
8590223982,23,21,2
284955,9,9,0
60129622758,9,6,3
237440,14,14,0
25769840911,12,12,0
25769912865,13,12,1
60129732385,8,8,0
42950100270,9,7,2
8590173138,10,10,0
373078,10,10,0
295700,23,21,2
8589947003,13,13,0
8590068153,13,13,0
51539896069,9,5,4
8589984024,57,42,15
164838,24,18,6
17180189329,40,26,14
25770106874,8,8,0
146029163953,8,8,0
60129960995,9,6,3
196058,22,16,6
60129589010,8,5,3
51539895012,8,8,0
168355,14,13,1
168353,9,9,0
237295,14,13,1
29561,40,34,6
35627,17,15,2
34359880554,11,11,0
68719806091,18,16,2
38462,14,14,0
25770173658,13,12,1
315481,16,15,1
8590056177,12,8,4
8590179571,12,3,9
165068,18,8,10
25770245384,10,9,1
384489,20,20,0
51539783299,8,7,1
76532,49,47,2
398646,18,17,1
231149,32,28,4
17180198451,9,9,0
78109,8,8,0
17180018523,11,8,3
17180018518,11,9,2
73682,24,23,1
395724,31,27,4
34360017760,8,8,0
17179926785,10,10,0
56389,8,8,0
344923,33,19,14
8590030551,77,58,19
94489540763,8,7,1
60129741534,10,10,0
206082,11,11,0
417048,36,32,4
8590016589,10,8,2
25770220527,9,8,1
65737,11,11,0
8589999506,9,9,0
76273,35,33,2
17179886461,10,10,0
17180229395,8,8,0
25769899469,10,10,0
25769919710,10,10,0
60129573694,13,12,1
25769804766,10,9,1
17179960667,11,11,0
34360148377,24,19,5
216515,122,78,44
94489426258,8,6,2
183594,10,6,4
60129830518,8,6,2
387925,22,18,4
8590288265,28,27,1
409858,33,25,8
17179970192,9,7,2
8590376671,17,15,2
42949781906,9,9,0
103079452993,9,8,1
25770148887,10,10,0
8590141408,36,32,4
8590045053,27,26,1
8590077810,76,43,33
17179973180,8,8,0
17179966927,23,19,4
42949918245,14,14,0
17180131552,14,14,0
17180131551,11,11,0
17180131553,15,15,0
17180131547,12,12,0
261486,16,14,2
51539924206,8,8,0
17179993585,17,13,4
323347,21,18,3
77309478428,10,8,2
42949909355,8,7,1
133930,18,14,4
25770198768,9,9,0
25770198769,16,12,4
8590257187,13,12,1
373672,12,10,2
60129962053,15,13,2
25769826302,13,11,2
60129579424,11,10,1
187335,16,15,1
17180206581,9,9,0
42949839388,20,16,4
8590256012,16,13,3
120981,10,10,0
347380,11,11,0
34359820581,8,8,0
211390,18,17,1
383289,14,14,0
34359834278,10,9,1
27478,8,8,0
8590287353,12,12,0
8590184112,8,8,0
8590343759,9,9,0
382330,9,9,0
103079218424,8,8,0
68719670079,12,12,0
68719580373,8,8,0
25769837972,21,17,4
69230,23,19,4
51540013660,8,8,0
8590153398,11,10,1
8590153387,15,13,2
8590153397,11,10,1
51539849453,17,12,5
17180190391,8,7,1
77309623424,10,10,0
8590017064,11,11,0
25770177434,32,31,1
154303,25,25,0
147386,28,22,6
417380,63,43,20
51149,103,44,59
8590343702,22,15,7
254219,14,12,2
25769835995,10,10,0
8590043561,18,17,1
25770241998,10,10,0
25770196369,13,12,1
345004,9,5,4
17179883868,13,10,3
25770113070,15,14,1
25769928989,16,14,2
98051,8,8,0
364846,17,17,0
100672,8,8,0
8590168056,17,16,1
25770150618,9,8,1
42949712741,8,7,1
60129960432,10,10,0
298246,13,12,1
42949975765,8,8,0
25769968577,8,8,0
316617,12,12,0
25770237975,13,13,0
17180176972,10,9,1
174117,56,44,12
17180006694,17,10,7
51539884469,10,7,3
385806,10,10,0
330458,12,12,0
8589996178,10,9,1
8590266947,10,9,1
17180125157,8,8,0
168591,43,20,23
422117,13,12,1
422123,8,8,0
8590228219,8,7,1
17179994327,8,7,1
146259,23,21,2
293349,11,9,2
17179949408,9,8,1
8590008683,26,22,4
17180183471,10,5,5
23309,71,61,10
8590190784,9,8,1
51539999979,11,11,0
42949752037,20,16,4
25769868169,8,6,2
190554,11,10,1
42950061584,19,14,5
158572,12,9,3
158571,26,25,1
8590319699,11,8,3
8590038929,19,17,2
34359817193,10,10,0
8590127570,16,16,0
8590210967,9,9,0
8590210970,16,14,2
8590052461,10,7,3
135976,11,8,3
200572,23,19,4
8590139084,11,11,0
354381,12,7,5
8590116779,19,16,3
68719520052,9,9,0
386434,8,8,0
146555,24,20,4
17180262236,8,8,0
17180020202,34,30,4
25770060248,8,8,0
25769921753,9,9,0
25769921757,10,10,0
25769921760,11,11,0
42949821859,14,13,1
8590112859,59,45,14
359562,15,15,0
17180041759,9,9,0
34359754931,11,9,2
307074,10,9,1
37523,14,13,1
8590033873,11,10,1
8590033869,8,8,0
198701,90,59,31
166403,24,21,3
25769990145,8,7,1
300654,23,20,3
288733,120,75,45
42949749395,23,17,6
70581,19,13,6
17180159286,25,18,7
342308,15,14,1
42950082620,10,9,1
68719636278,8,8,0
8590243887,8,8,0
351701,8,7,1
351700,10,8,2
118456,19,17,2
17180254333,14,13,1
42949979031,19,18,1
17180165399,9,7,2
8590068550,8,8,0
17180008115,62,46,16
351624,9,9,0
34359756506,12,8,4
60129959175,10,8,2
25769962874,12,11,1
25769962878,15,12,3
68719826249,19,11,8
8590031978,13,11,2
103614,8,8,0
18388,9,9,0
42950002831,8,8,0
34360114133,8,7,1
25770245629,11,10,1
34359795798,11,8,3
42950089243,8,8,0
25769876307,10,9,1
42949968035,8,7,1
156687,25,17,8
42950071729,11,11,0
51539886850,12,12,0
8590380101,9,9,0
17180229550,11,9,2
337749,26,20,6
8590018693,13,13,0
34359826630,13,10,3
8590224243,8,8,0
17180221561,14,3,11
366529,11,9,2
77309632231,9,8,1
51539746610,9,7,2
25770128569,9,7,2
262257,14,5,9
42949803771,8,8,0
34359821070,9,9,0
17179960921,17,17,0
8590310609,12,12,0
8590310656,10,8,2
103384,230,46,184
131210,20,17,3
259675,23,17,6
77309573851,10,10,0
8590025351,21,20,1
8590196622,10,8,2
17180176565,15,10,5
3171,15,14,1
76137,21,21,0
42949785961,12,12,0
292731,12,11,1
8590098151,10,9,1
60129685748,10,6,4
42949723831,9,9,0
34359853866,16,16,0
8590024124,9,4,5
8590000461,12,11,1
239266,51,44,7
25769970126,15,7,8
7688,11,11,0
17179957175,20,19,1
17179956751,11,10,1
34360040409,14,12,2
17180058684,16,14,2
60129812226,8,8,0
85899505671,8,7,1
8590087349,8,8,0
8590284494,16,13,3
77309786990,18,18,0
17180118240,11,11,0
17179949460,23,15,8
341299,35,11,24
34360031825,13,12,1
42949701760,9,9,0
60129700547,8,8,0
25770142751,20,14,6
134449,33,27,6
128849407805,9,7,2
25770065916,8,8,0
60129612957,11,10,1
153288,51,16,35
128849252535,8,7,1
25769937686,25,16,9
42950085215,9,7,2
25769993028,8,8,0
34359899647,14,6,8
42950106270,8,7,1
8590266815,10,9,1
34359770402,11,10,1
25770232055,8,8,0
25770186720,10,10,0
25769933086,11,11,0
8590379748,26,16,10
8590305831,12,9,3
8590325838,10,10,0
42949960999,9,8,1
32149,8,7,1
17179907542,9,9,0
42949844212,13,12,1
8590208756,13,9,4
370458,12,10,2
51540038630,8,7,1
8590077558,56,20,36
326613,28,22,6
34359744609,10,9,1
34359806055,12,12,0
34359806057,8,8,0
330449,24,23,1
17180059823,28,18,10
17179909288,25,18,7
103652,33,27,6
92129,39,35,4
8590219331,13,13,0
17179958182,8,8,0
126356,60,50,10
51539718128,9,8,1
337003,39,35,4
8590160383,13,10,3
17180303575,19,17,2
42949692132,30,27,3
25770001157,8,8,0
25769837357,9,9,0
8590025972,9,9,0
8589963672,8,8,0
8590025971,8,8,0
8590025970,18,11,7
8590078844,16,15,1
411406,8,8,0
17180278641,9,9,0
60129595573,8,8,0
120259263030,9,9,0
17180255311,9,7,2
60129791899,9,7,2
94489469402,10,10,0
94489469404,8,8,0
85899485775,18,17,1
25769892365,10,10,0
25769892369,8,7,1
8590138812,10,10,0
122104,11,10,1
60129648899,10,10,0
17179958383,11,10,1
94489666409,9,8,1
25770239549,28,16,12
204944,42,32,10
8590318206,12,9,3
8590232367,14,13,1
176200,19,17,2
25770094932,17,17,0
17179886232,23,20,3
90958,21,10,11
68719902706,8,8,0
408372,11,10,1
42949977767,8,8,0
42949977769,9,9,0
31751,13,13,0
17179924609,9,9,0
17179924647,26,23,3
8643,14,12,2
17180064290,31,19,12
11960,25,15,10
376664,10,10,0
180518,65,55,10
154619100133,8,8,0
8589937235,11,9,2
51539790326,9,8,1
329059,8,6,2
25769932434,17,12,5
25769989148,15,13,2
17179916915,15,12,3
17179936885,8,8,0
85899627049,8,7,1
104354,8,7,1
68719848569,8,7,1
68719892213,10,8,2
34359999637,14,13,1
34359999645,16,15,1
51539882710,14,14,0
8590176335,11,10,1
8589974975,16,15,1
25770041088,8,7,1
17180292905,8,7,1
8589967626,21,17,4
25770164845,13,11,2
25770164847,18,5,13
355058,39,16,23
355055,17,16,1
17180063589,9,6,3
34359741055,12,11,1
128714,213,46,167
325892,11,9,2
115692,9,8,1
3681,37,28,9
131072,14,14,0
8590014586,8,8,0
42949711326,19,16,3
42949711324,9,7,2
42949711323,8,6,2
42949711328,8,7,1
339228,68,63,5
122717,9,9,0
53170,132,82,50
109098,10,10,0
109094,16,14,2
109102,19,14,5
17179994028,8,8,0
25770167472,20,18,2
60129917670,20,16,4
8590228998,8,6,2
8590120833,13,13,0
120259378266,10,10,0
60129728323,9,7,2
130987,9,7,2
111669365752,10,9,1
8590283586,47,45,2
216852,11,10,1
8589951247,16,16,0
17180146921,30,25,5
8590214791,23,22,1
17180009011,22,16,6
411633,11,9,2
188470,8,8,0
127798,9,9,0
25769862586,10,9,1
25770147673,10,8,2
34359889992,8,8,0
51540020007,8,8,0
250429,8,7,1
215062,70,40,30
85899602997,12,3,9
25769871058,19,14,5
77309680550,13,11,2
128849271481,8,5,3
17179965309,21,12,9
391111,15,11,4
391110,27,15,12
136846,9,7,2
34359887499,12,11,1
25769823442,9,8,1
42949707369,11,11,0
8589959425,20,19,1
8590117223,41,26,15
17179950123,51,43,8
274637,17,15,2
8590080964,11,11,0
239569,56,45,11
25770144199,12,8,4
8590266800,16,14,2
51539774427,12,10,2
17180086543,13,13,0
51539744927,11,10,1
8590365452,20,16,4
147173,10,10,0
17180026251,17,17,0
95881,8,8,0
8590028927,16,13,3
8590028935,10,10,0
8590028924,15,14,1
8590028928,14,13,1
107930,8,7,1
25769964247,8,8,0
17180195638,19,18,1
8590002202,10,8,2
77309482857,9,8,1
94489397165,12,11,1
87254,24,23,1
34360078178,18,16,2
77309482856,8,8,0
8590129856,41,16,25
17179900538,10,10,0
103033,21,17,4
8590014263,9,9,0
25769955337,14,13,1
42949730558,8,8,0
17179901013,20,17,3
137165,12,8,4
289022,19,18,1
239154,20,18,2
25770117701,10,8,2
25770089562,17,13,4
25770010020,9,9,0
8590012299,8,7,1
312660,20,19,1
312658,8,8,0
8590331344,22,19,3
8590044601,11,11,0
8590370930,14,13,1
17180091337,16,16,0
25770079399,9,9,0
8590166846,8,8,0
2239,14,12,2
2233,10,10,0
255160,23,22,1
184957,28,25,3
60129662322,8,8,0
150738,114,60,54
32408,18,18,0
8589984174,19,17,2
341036,107,31,76
51539994760,10,8,2
51539642245,10,9,1
34360147290,12,12,0
158218,58,50,8
128849240905,8,8,0
25769950574,8,8,0
17180043007,9,8,1
25770147467,8,8,0
22142,25,22,3
17180138855,8,8,0
17180137439,33,21,12
8590166037,9,7,2
26262,26,26,0
42949782605,17,15,2
8590129560,11,11,0
8590129557,8,8,0
60129735226,22,13,9
17180063774,12,9,3
8590093073,20,19,1
250289,10,9,1
25769973962,9,8,1
103079357212,10,10,0
103079357215,10,10,0
25769879187,8,7,1
8590341082,10,10,0
8590341076,8,8,0
92744,85,27,58
408766,59,33,26
408762,13,10,3
25770161914,8,7,1
228503,11,11,0
17179968225,43,37,6
8589978028,8,5,3
399587,21,18,3
25769928955,17,15,2
25770175307,10,10,0
25770213434,9,8,1
25770213419,9,7,2
8590046245,16,14,2
109843,26,19,7
17179926222,65,38,27
17180224560,13,13,0
17180185552,29,15,14
51539958993,13,12,1
120259254057,9,8,1
137439005889,8,2,6
296743,26,21,5
51539634731,9,9,0
25769990303,16,14,2
151549,9,9,0
34359836597,8,6,2
280135,9,7,2
68719880108,9,6,3
34359881768,13,12,1
24415,9,9,0
24418,12,10,2
296914,8,7,1
68719508476,8,8,0
68719508470,11,11,0
17179911061,9,8,1
42949891750,8,8,0
25769955057,12,12,0
34359992585,9,9,0
168334,16,14,2
34359936696,25,16,9
51539643444,10,9,1
34359936692,16,15,1
17179884839,19,18,1
17180189508,8,8,0
25770122108,13,13,0
8590018220,53,36,17
17179916922,12,12,0
51539717397,10,10,0
25770140652,18,16,2
17180282907,18,4,14
174388,26,22,4
276261,50,17,33
34360010856,8,7,1
34359831427,11,11,0
34360112244,13,12,1
288753,11,10,1
77309837902,12,12,0
8590244823,8,7,1
170657,66,49,17
8590100434,10,10,0
297388,39,36,3
198900,75,57,18
25770176813,9,5,4
60129907347,12,8,4
85899661265,8,7,1
68719540685,9,8,1
68719627243,17,16,1
351609,11,10,1
282564,9,9,0
187199,14,14,0
34359947779,8,5,3
8590026856,30,13,17
25770015048,13,13,0
8590014127,26,17,9
8590030986,12,12,0
8590141910,16,8,8
84968,8,7,1
8589977093,63,41,22
61738,9,9,0
17179995764,9,7,2
167771,9,9,0
25770043703,17,16,1
46597,9,9,0
284023,23,22,1
17180170962,10,9,1
8590119575,9,8,1
17180237827,20,19,1
34360081478,10,10,0
327105,11,9,2
8589980622,8,8,0
252623,20,15,5
252620,8,8,0
25769986964,9,8,1
8590226754,23,18,5
25769839228,24,17,7
17180236107,11,10,1
25769843412,12,6,6
410865,18,17,1
17180302148,13,13,0
25770039067,9,9,0
320498,11,9,2
139405,8,8,0
51539866466,12,12,0
418232,9,9,0
255832,61,37,24
103079514364,13,10,3
17180092071,13,13,0
35330,26,21,5
42950100068,11,8,3
298476,17,17,0
8590159183,20,19,1
237785,9,8,1
237786,11,11,0
17180155676,10,9,1
8590099091,11,9,2
8589959973,51,42,9
17180297729,19,18,1
25769989978,8,7,1
25769970607,15,15,0
168716,20,19,1
42949874881,21,21,0
60129917059,9,9,0
60129917060,8,7,1
25769856816,26,23,3
25769953621,15,12,3
8590006670,8,8,0
34359927339,11,11,0
8590055871,8,8,0
370877,17,11,6
25770163634,19,15,4
236202,20,14,6
25770189606,11,11,0
8590136004,13,11,2
8590135997,29,22,7
77246,19,18,1
8590140459,10,9,1
5810,8,8,0
17179999330,8,7,1
98397,16,16,0
51539859059,20,19,1
393823,16,14,2
17179987798,47,43,4
17180169839,10,10,0
177532,10,10,0
8590000848,12,8,4
8590000849,12,9,3
8590000853,9,8,1
103079349517,11,8,3
17180097675,11,9,2
17180225185,24,19,5
8590044888,46,36,10
17180191551,24,24,0
8590069517,8,8,0
347995,14,12,2
60129704078,8,8,0
307984,20,16,4
195627,9,9,0
307982,8,7,1
42950047471,8,7,1
58806,9,9,0
8590103044,10,10,0
60129667357,9,9,0
51539732965,11,11,0
74535,18,17,1
311076,36,36,0
11120,9,9,0
58104,15,11,4
77309844079,9,8,1
77309764108,8,8,0
387611,12,6,6
392166,8,8,0
34359768937,31,28,3
17180303942,8,8,0
176425,8,8,0
25769991770,15,15,0
327142,21,18,3
17180014782,11,9,2
208418,21,18,3
208415,27,24,3
34359767609,8,6,2
58242,12,11,1
25770016322,9,8,1
60129755825,9,9,0
17180280820,13,12,1
188978610149,10,9,1
25770184816,17,17,0
68719619836,8,7,1
25770184846,8,8,0
34360013653,17,16,1
74602,13,12,1
348144,23,11,12
61311,13,13,0
17179892812,20,15,5
8590270569,26,13,13
51539877520,8,7,1
8590152492,14,12,2
94489422405,9,9,0
17180040038,13,13,0
77309588260,12,10,2
360024,17,15,2
17179931180,30,13,17
14096,21,19,2
68719842141,8,8,0
85899555996,8,8,0
168521,9,9,0
153420,15,14,1
17180265827,11,11,0
42949928677,21,14,7
283268,17,17,0
68719749159,13,12,1
60129568578,23,20,3
8590225306,9,8,1
42949937606,9,9,0
8590039555,22,22,0
60129866149,14,14,0
51539852228,18,17,1
42949914661,11,10,1
17180078451,10,8,2
8590186022,10,8,2
14928,47,38,9
8589964445,26,25,1
123975,78,27,51
8589995914,13,12,1
42949974487,8,8,0
8590259765,11,10,1
8590259768,11,11,0
42949946858,12,10,2
25770031059,12,12,0
42949800773,8,5,3
51539872701,13,12,1
8590067022,21,16,5
8590201778,8,8,0
8590293243,37,28,9
8590287043,35,20,15
17180242928,14,6,8
17180155414,9,9,0
376839,19,11,8
51539687807,11,8,3
17180298242,20,11,9
17180027701,11,10,1
52076,11,9,2
17180087755,10,10,0
34360060596,9,9,0
51539705201,8,6,2
8590378207,10,10,0
42949987172,19,19,0
25770113988,23,18,5
34360076914,13,13,0
8590269468,16,16,0
77309571936,13,13,0
8590245072,14,13,1
111669429194,13,12,1
8590010516,42,26,16
25770204485,22,13,9
8590009866,9,8,1
25770187249,17,16,1
8590243828,14,13,1
38469,14,14,0
8590211147,20,19,1
25769886289,30,29,1
8590003888,13,10,3
17180306505,26,24,2
80341,10,9,1
336613,14,11,3
42949743016,17,13,4
149846,8,7,1
137662,71,49,22
85899499389,16,16,0
25770098423,12,12,0
8590077904,9,9,0
279322,9,9,0
42949925439,10,10,0
85899500019,9,9,0
17180153924,18,16,2
75189,14,12,2
8590290589,14,14,0
177990,19,18,1
109516,10,10,0
109521,9,8,1
25769856273,25,19,6
8590056403,18,16,2
6336,11,9,2
226271,8,8,0
8590248311,8,7,1
197146,8,8,0
25770040429,14,10,4
42950019530,17,17,0
42949759535,9,8,1
8590131962,14,14,0
17179937439,11,11,0
25769891331,15,2,13
25769865836,13,13,0
25770088594,10,6,4
34359951397,12,11,1
8590244594,10,7,3
2855,192,105,87
267789,8,8,0
8590251329,37,33,4
94489357127,9,8,1
133658,10,10,0
133666,24,21,3
240513,9,7,2
25770102691,12,11,1
8590207554,13,10,3
8590023506,9,9,0
60129971724,10,9,1
158815,17,16,1
8590354877,11,11,0
324284,9,7,2
324287,12,10,2
60129912965,8,8,0
387456,12,12,0
128849272333,9,8,1
25770014208,11,10,1
60129653121,13,12,1
51539980053,12,8,4
8589961700,13,13,0
49684,8,8,0
25770223932,11,11,0
17179904226,8,7,1
94489681538,8,5,3
17180038217,9,8,1
85899361581,10,10,0
68719761731,8,6,2
25769922185,12,10,2
103079262184,13,13,0
401501,25,22,3
17179876084,10,10,0
25769826163,9,8,1
17179989321,17,15,2
154619192586,11,11,0
320002,35,28,7
340721,26,21,5
8590230849,16,11,5
25770123782,9,8,1
116406,12,12,0
25770065557,10,8,2
8590267973,13,13,0
54815,9,8,1
42949827301,10,10,0
112046,10,10,0
103079392564,11,11,0
25769848925,11,11,0
51539715034,25,19,6
34359791476,17,15,2
17180299321,10,5,5
8590343457,15,12,3
17179953929,8,8,0
28929,28,22,6
8590171918,14,14,0
60129850684,12,12,0
8590074751,21,18,3
51539616827,8,8,0
25770019743,17,13,4
25770049347,9,7,2
399527,23,20,3
34359997786,8,6,2
17180136090,11,9,2
34360159255,9,9,0
381141,9,7,2
8590305312,16,12,4
68719820736,8,8,0
108652,10,9,1
25770242695,8,8,0
60129954063,11,11,0
17180114895,16,14,2
34359914369,8,8,0
20039,78,67,11
159674,40,27,13
25770030616,12,12,0
77309475486,9,9,0
17180018414,8,8,0
51540018356,11,11,0
156888,8,7,1
97939,17,13,4
68719487231,17,13,4
51539671901,19,17,2
137212,16,16,0
68719487242,9,9,0
59794,27,22,5
8590188486,9,9,0
8590339188,8,8,0
8590090489,59,36,23
207005,10,10,0
8589953109,8,8,0
51539735593,8,7,1
8590218863,8,8,0
8590218866,20,17,3
51539655800,25,19,6
401428,14,14,0
17179878554,11,11,0
87320,27,24,3
42949832816,11,11,0
17180206542,9,8,1
8589957482,16,16,0
8590231600,13,13,0
125791,12,12,0
25769923588,11,11,0
60129884004,10,10,0
17179902044,50,32,18
42949963199,9,8,1
207273,29,18,11
293470,14,14,0
17179956755,13,12,1
34359795527,13,11,2
51539851970,9,8,1
8589943261,10,10,0
322762,9,9,0
25770031848,8,8,0
103081,16,15,1
34359815485,8,8,0
25769933247,17,17,0
34360086736,8,8,0
42949700970,13,9,4
172993,13,13,0
147800,8,8,0
8590098053,15,15,0
8590098050,8,8,0
120400,8,6,2
51539641996,8,7,1
12487,39,27,12
37384,19,19,0
34360022588,12,12,0
60129766494,8,7,1
119711,13,13,0
42950017776,11,11,0
51539669445,10,7,3
8590261304,9,9,0
110736,14,11,3
285513,11,7,4
17180274247,9,9,0
7262,12,11,1
202867,36,33,3
42949957663,10,10,0
290372,12,12,0
125238,11,9,2
17179926017,9,9,0
17179926013,19,17,2
8590066554,15,11,4
17179976190,13,13,0
77309490126,10,10,0
25769848856,13,11,2
8590097507,9,7,2
3833,71,43,28
8590305478,8,8,0
8590305474,9,7,2
60129719782,8,6,2
8590036924,24,7,17
128849031811,11,11,0
17180131929,26,25,1
17180109794,10,10,0
8590048351,19,12,7
25770132981,11,11,0
17180206416,11,10,1
8590014230,15,10,5
17179902959,9,9,0
226043,23,21,2
34359903302,18,18,0
8590028908,26,26,0
17180163542,15,13,2
244078,13,13,0
34359926242,17,15,2
244072,25,24,1
51539782481,8,8,0
34360043680,8,8,0
34360043684,8,8,0
25770032216,33,25,8
25770032222,13,13,0
8590003560,17,10,7
51539969667,8,8,0
252200,11,10,1
252197,10,9,1
69439,15,13,2
34359820309,8,8,0
17179991520,8,6,2
17180193298,8,7,1
274983,11,10,1
224134,12,12,0
17180308282,32,26,6
380142,9,9,0
17179977252,20,14,6
409841,9,9,0
409845,11,10,1
17179897161,16,15,1
34360087170,10,4,6
239551,9,9,0
51539643285,17,12,5
8590093677,14,12,2
226148,23,13,10
60129604245,8,8,0
25770107296,17,17,0
8589999174,8,8,0
147213,21,19,2
8590331214,10,10,0
25770241524,8,7,1
77309715330,11,9,2
77309715329,8,7,1
94489470743,8,8,0
17179881871,9,9,0
8590375689,27,22,5
17180269279,14,14,0
17180012201,32,30,2
25769919057,59,49,10
25770144000,8,7,1
260767,10,9,1
260765,35,26,9
42949849597,11,10,1
8590128974,17,16,1
291911,20,20,0
60129877935,8,7,1
51539803533,10,9,1
8589981261,14,9,5
60129852246,8,7,1
138833,40,32,8
424013,37,21,16
13992,109,91,18
68719619091,8,8,0
25769836959,9,8,1
212065,46,31,15
51539675111,8,7,1
8590087987,8,6,2
45425,16,12,4
414266,19,12,7
85899531351,10,10,0
8590144719,8,7,1
8590144713,9,7,2
8590144720,9,7,2
25769914743,10,10,0
51539820745,11,11,0
58491,10,10,0
8590166057,17,17,0
8590075474,8,7,1
62453,73,47,26
119842,36,29,7
42950032266,22,19,3
51539989107,8,8,0
85899470059,9,8,1
51539989101,16,14,2
163920,30,15,15
25769809270,10,6,4
275820,30,28,2
51539986574,8,7,1
51539986577,11,10,1
25770120377,11,11,0
34359748173,12,12,0
60129962035,10,10,0
52306,10,9,1
398010,41,31,10
34359816352,10,9,1
8589956192,8,8,0
8590069581,67,44,23
17180251447,8,7,1
42949955573,8,8,0
25769940602,12,12,0
8590202882,10,10,0
34359844850,10,10,0
85899548811,9,9,0
190540,14,14,0
8590056342,10,8,2
25770040330,8,8,0
8590304717,17,12,5
34360032487,8,8,0
8590347950,9,7,2
216430,31,19,12
17179953450,9,9,0
34359762784,14,14,0
34359905998,8,7,1
17180222316,14,12,2
291927,11,10,1
8590195599,13,9,4
51539748730,18,18,0
10025,30,4,26
159180,22,19,3
10748,111,96,15
94489387967,10,10,0
52098,15,13,2
8590184189,10,8,2
68719818032,12,12,0
25770126953,12,10,2
115109,13,11,2
34359930783,8,7,1
77309635991,8,7,1
340406,8,8,0
25770046791,14,14,0
8590053661,14,14,0
34359785105,9,9,0
210643,11,8,3
17179883056,13,13,0
34359945228,8,8,0
77309603484,14,4,10
51540000526,9,9,0
339855,13,12,1
8590095364,47,44,3
319661,43,38,5
34359919675,28,28,0
8590221051,18,18,0
8590377519,18,18,0
17179882033,11,11,0
60129693550,8,8,0
51539937272,10,9,1
82471,25,25,0
314453,8,7,1
99579,19,14,5
8590319911,11,9,2
165072,8,8,0
25770030133,8,7,1
42949927260,9,8,1
8589970337,28,25,3
8590241475,12,12,0
25769925118,10,10,0
15543,27,18,9
8590107454,12,12,0
93988,15,14,1
25769853232,8,7,1
103079527644,10,9,1
17179905594,18,17,1
44267,23,17,6
25770008755,10,10,0
207116,61,56,5
114867,11,11,0
303924,16,8,8
94489315447,9,6,3
371610,18,16,2
371613,12,12,0
34359838542,11,9,2
8589945647,10,9,1
77309455674,8,7,1
17180013226,10,10,0
60129608912,9,7,2
25769919728,10,10,0
25770208770,11,9,2
275391,41,27,14
363334,35,32,3
17180178377,21,15,6
173591,13,12,1
17180261924,8,8,0
17179987437,8,7,1
34360077504,9,8,1
17180164765,9,7,2
17180164768,8,7,1
402796,9,8,1
402801,9,9,0
402794,8,8,0
306894,10,10,0
60129922239,8,7,1
114427,17,13,4
8590178985,10,10,0
77309457300,12,12,0
77309457304,17,14,3
8590178984,9,9,0
99564,17,13,4
8590278594,11,10,1
34360035313,14,14,0
17179912104,10,7,3
8589942271,43,17,26
362888,10,9,1
17179937380,17,12,5
17180049583,9,9,0
17180049580,8,8,0
17180265874,9,7,2
187594,10,10,0
68719531190,10,10,0
109460,73,52,21
8590363480,10,10,0
8590363481,14,12,2
25769892728,9,8,1
37181,11,10,1
415641,8,8,0
77309745527,12,9,3
8590266916,17,13,4
8590361543,8,8,0
8590147525,10,5,5
289356,19,17,2
8590254915,11,10,1
351165,10,10,0
289316,16,15,1
51540020872,12,10,2
152958,8,6,2
68719657604,8,6,2
382697,8,8,0
8590256254,24,20,4
34359941343,11,11,0
8590256259,19,17,2
371523,21,20,1
34359897554,14,10,4
42949737318,9,8,1
8590152950,18,17,1
124234,21,20,1
254330,16,16,0
8590313582,9,7,2
177324,8,7,1
34360104764,8,8,0
17180297698,8,8,0
17180297702,8,8,0
17179952408,26,26,0
8590281416,22,19,3
17180168514,8,8,0
404865,21,15,6
193415,40,37,3
79413,9,9,0
8590244063,10,9,1
36363,12,9,3
8589945362,9,9,0
17180222945,14,13,1
34359741506,17,13,4
177537,12,12,0
204019,15,14,1
330878,8,8,0
167898,17,17,0
17180004999,9,9,0
8590058048,18,17,1
51539666865,13,9,4
34359839550,10,10,0
164217,14,13,1
17179904961,14,11,3
25770158437,15,12,3
25770158438,12,11,1
25769821294,15,12,3
17180132707,24,23,1
8589968566,37,22,15
17179992315,12,12,0
8590360562,20,18,2
17179974790,13,13,0
176980,38,28,10
151891,21,19,2
17179956960,10,10,0
85899351701,13,10,3
103079302985,13,11,2
77309520163,12,12,0
229850,24,19,5
42949983277,21,21,0
34359828783,8,7,1
8589951008,8,4,4
17180301742,15,12,3
42949707559,14,12,2
24649,11,11,0
365140,12,12,0
365138,10,10,0
42949887584,15,15,0
8590322598,15,13,2
8590150107,22,11,11
68719678054,14,11,3
17180120115,8,8,0
24178,14,10,4
93511,29,27,2
150476,19,17,2
8590021024,11,11,0
8589948905,10,10,0
256095,11,11,0
75000,39,22,17
51539847621,8,8,0
12919,43,38,5
55024,14,14,0
8590194556,22,20,2
152240,15,13,2
175378,11,9,2
25769898922,18,17,1
94489503100,8,6,2
17179893111,42,38,4
17180257023,19,17,2
8590290065,11,10,1
122506,25,20,5
51539840902,9,7,2
25770077911,11,8,3
34359791671,9,8,1
8590312861,13,11,2
85899463043,16,12,4
25769952880,8,6,2
178953,21,18,3
8590320224,11,11,0
36453,14,13,1
36451,22,21,1
36449,15,15,0
36452,14,14,0
34359857211,9,8,1
17180047159,9,9,0
17180307305,10,10,0
8590275774,14,12,2
213519,8,4,4
213515,14,10,4
213511,9,7,2
213506,9,8,1
383967,13,11,2
25769891975,12,12,0
51539712189,14,11,3
8590324339,18,9,9
188480,14,13,1
318515,12,12,0
34359793757,8,6,2
51539893984,8,8,0
17179886760,20,18,2
77309547597,8,6,2
51539678440,8,8,0
17180301121,15,11,4
17180301120,12,10,2
8590001662,47,14,33
17180223143,10,9,1
60129764898,9,9,0
17180223151,9,9,0
17179911138,22,21,1
284142,24,20,4
17180186815,28,19,9
17179968736,9,8,1
34359909512,12,11,1
77309542936,11,9,2
8590276493,26,23,3
106340,17,13,4
17180014110,11,10,1
60129869778,13,12,1
94489687020,10,9,1
328549,13,10,3
8590252194,47,35,12
8590000578,10,9,1
225606,14,14,0
8590250605,15,14,1
103079244000,12,12,0
76367,8,6,2
163209004961,8,8,0
17180211792,12,9,3
234742,13,13,0
42950031159,10,8,2
8590325158,13,11,2
8590143653,34,28,6
34359984549,20,17,3
50707,27,14,13
25769825356,9,9,0
34359970361,23,22,1
8590101183,11,10,1
25769860068,8,8,0
378453,11,10,1
392885,8,8,0
340983,10,9,1
60129577508,8,8,0
17180098470,16,10,6
34359899472,8,7,1
241399,37,23,14
41203,48,41,7
8590157388,29,23,6
8589959062,12,11,1
68719854200,10,10,0
42949810963,12,11,1
94489454991,8,4,4
8590132289,10,10,0
8589942233,25,24,1
42950090115,11,9,2
25770240889,22,22,0
77461,11,9,2
232947,12,12,0
17180238530,14,12,2
34359815008,10,10,0
68719603226,8,8,0
365625,18,16,2
85899401258,8,8,0
51539663212,8,7,1
8590195294,10,8,2
42949711566,11,7,4
77309826240,9,7,2
146105,23,17,6
352749,20,20,0
77309442308,8,7,1
146104,12,12,0
146106,12,12,0
146100,11,11,0
42949884525,8,8,0
60129605624,12,11,1
17179930520,10,9,1
8590311976,38,22,16
60961,43,35,8
34360105028,10,10,0
146029117344,9,7,2
220703,21,21,0
25770109869,9,9,0
8590085847,21,18,3
60129797515,11,10,1
123475,9,9,0
42949876885,10,10,0
68719489397,11,11,0
25769939301,20,19,1
17180205250,38,28,10
8590147846,15,14,1
126002,8,7,1
126001,10,8,2
25769929736,12,12,0
255083,29,21,8
365617,9,9,0
25770240168,13,13,0
8590201401,10,10,0
17180093890,12,12,0
42950038916,8,8,0
8590330969,12,11,1
60129561895,8,7,1
404264,8,8,0
39624,12,11,1
42949828080,17,13,4
39633,9,9,0
120642,9,7,2
120640,8,7,1
140589,14,11,3
60721,8,8,0
34359805735,8,8,0
34360106505,10,9,1
17180183064,8,7,1
25769890914,29,25,4
17180280618,8,7,1
25769806464,9,7,2
8590066754,11,7,4
8590094632,29,25,4
8590082813,10,6,4
73726,166,40,126
77309733709,9,9,0
7575,18,18,0
399964,19,19,0
42949733402,35,30,5
8589990068,11,11,0
51539759630,8,8,0
91252,9,9,0
17180068813,29,29,0
17180303215,19,16,3
42949783881,10,9,1
25770103062,9,9,0
17180053588,8,8,0
25769870128,10,10,0
42949997913,8,8,0
25769849806,12,12,0
60129630008,8,8,0
42949954861,12,10,2
17180260567,9,8,1
8590231654,19,11,8
366613,20,18,2
42949780377,8,8,0
17179918714,14,9,5
17179918708,9,9,0
8590125041,10,10,0
60129668115,8,8,0
17180221000,14,14,0
8590181751,12,12,0
17180155622,8,7,1
17180054587,9,9,0
103079323706,8,8,0
335021,23,18,5
17180093591,11,10,1
8590160385,8,8,0
8590216071,11,11,0
8590098147,11,11,0
60129605237,8,8,0
166138,8,7,1
34359837848,14,14,0
388357,38,32,6
17180225095,10,10,0
68719895469,8,8,0
25769862441,12,12,0
17179882727,22,12,10
165118,14,12,2
8590102007,8,7,1
258087,9,7,2
17180100331,12,11,1
307638,11,11,0
8590240887,17,16,1
34359845144,18,15,3
25770078782,16,13,3
17180091152,32,28,4
85899766314,8,8,0
51539943530,12,10,2
194745,9,6,3
17179958963,27,27,0
51539696797,8,8,0
8590045651,8,8,0
8590049346,38,32,6
15888,107,69,38
42702,17,16,1
25769963346,13,12,1
92782,15,14,1
14433,29,27,2
134546,10,8,2
85899474462,11,10,1
17180271191,8,7,1
17179871959,33,30,3
157109,45,26,19
89384,15,13,2
157114,8,8,0
370180,17,10,7
34359784273,8,5,3
146029011892,10,10,0
8590322313,44,39,5
17180027349,10,10,0
42949800701,12,12,0
17180137735,8,8,0
51539881520,21,20,1
8589938431,8,7,1
8590206961,15,13,2
42950015386,8,8,0
42949801416,20,17,3
81956,112,79,33
131422,11,11,0
312929,12,12,0
8590301334,20,14,6
17180101688,8,8,0
8589959904,11,11,0
51539761478,10,10,0
25769840651,8,7,1
25769830089,10,9,1
8589942006,19,18,1
19491,13,11,2
8589942009,12,12,0
17179933107,9,9,0
51539964800,9,8,1
85541,32,32,0
25769805220,14,9,5
8590014976,9,6,3
17179967736,15,14,1
8590238315,9,9,0
25769878712,12,11,1
25769878707,14,13,1
17179939913,14,12,2
25769857679,13,13,0
41692,17,17,0
239025,8,8,0
41699,17,17,0
25769944915,13,11,2
17180299945,8,8,0
17180031953,12,10,2
344584,11,11,0
34359859307,19,19,0
421292,9,8,1
17179937628,8,7,1
421293,9,8,1
17179937630,10,7,3
17180049274,8,8,0
8590169669,8,8,0
60129667319,11,10,1
51539610089,17,12,5
25769845349,8,7,1
261099,10,9,1
133018,49,36,13
52535,38,26,12
127387,30,27,3
97027,51,46,5
8590082943,21,16,5
348815,10,9,1
196331,8,7,1
153356,23,15,8
17180173530,17,16,1
51540018280,8,8,0
3549,18,17,1
60129741624,10,10,0
34359777539,9,9,0
42949858645,14,10,4
388286,20,11,9
388284,8,5,3
155698,10,10,0
8590368546,10,10,0
8590066330,16,14,2
8590279071,8,6,2
18685,12,11,1
349056,39,29,10
277686,13,11,2
267251,10,9,1
42949737837,10,7,3
17180066079,8,7,1
25769832969,16,13,3
25769950141,12,7,5
17180277523,16,13,3
8590313323,9,7,2
34359903732,10,8,2
8590019108,9,9,0
8590269486,10,10,0
34359882841,8,8,0
25769988333,9,7,2
153707,24,22,2
94489645323,9,9,0
68719832622,11,11,0
17180060520,19,18,1
8590145004,31,27,4
8590145005,14,13,1
327657,11,11,0
9759,18,13,5
17180143523,9,6,3
42949989850,8,6,2
172370,8,8,0
8590179249,9,6,3
17179906277,11,7,4
8590027667,11,9,2
17179907076,8,8,0
8590136097,10,10,0
263037,38,36,2
34360010161,10,9,1
34359943540,15,14,1
17180034700,20,16,4
405253,25,14,11
189686,8,8,0
25770107231,46,36,10
56511,20,19,1
270563,23,19,4
60129893007,9,9,0
60129904118,9,9,0
17179927172,19,15,4
17179927175,12,10,2
34360154723,9,8,1
335503,27,14,13
87325,28,23,5
8590059176,12,11,1
8590210463,11,11,0
25770241475,11,9,2
34360001208,16,15,1
63773,10,4,6
34359999996,8,8,0
17180047142,9,9,0
191022,54,31,23
8590306759,8,6,2
111669266868,8,8,0
142833,48,45,3
42949857140,9,9,0
289260,8,8,0
252581,11,11,0
80046,11,11,0
8590109329,8,8,0
51539817832,9,8,1
8590269978,39,37,2
17180069684,9,8,1
193420,28,19,9
60129860800,9,6,3
60129754345,9,9,0
42949710678,15,13,2
60129629326,8,7,1
42949710681,10,10,0
25769861925,16,15,1
8589979343,13,11,2
69291,29,24,5
8590176069,66,51,15
17180288831,9,8,1
223858,11,10,1
121014,19,19,0
121016,17,17,0
385712,9,9,0
51539624690,25,16,9
258604,23,13,10
33891,36,34,2
34360094962,9,8,1
32543,11,11,0
236378,9,9,0
290802,10,10,0
290807,9,9,0
8590207291,9,8,1
76910,13,12,1
34359805793,9,9,0
111669423446,8,7,1
223564,40,33,7
283215,20,20,0
42949808818,9,9,0
17180298369,8,8,0
345935,17,16,1
34360136955,8,8,0
224650,33,16,17
8589948043,18,18,0
8590228782,18,15,3
17180157072,9,9,0
237410,20,18,2
8589974120,13,13,0
8589974125,18,16,2
324764,11,11,0
8590197091,17,17,0
85899517178,9,7,2
17180175161,19,15,4
42949802681,11,11,0
297623,54,29,25
271898,9,9,0
271899,9,9,0
63936,21,15,6
271894,8,8,0
271900,9,9,0
271901,22,11,11
17179989358,15,13,2
66122,29,27,2
25769991047,8,8,0
25769883316,8,7,1
31832,16,15,1
25769883317,8,8,0
85899586180,9,9,0
238627,8,8,0
292723,10,10,0
216968,45,7,38
310433,9,9,0
25769846298,9,9,0
17179891170,9,9,0
103079603163,13,10,3
197416,16,15,1
42949910843,14,14,0
386379,13,9,4
17180086347,17,10,7
108964,11,10,1
108970,8,8,0
136210,29,26,3
328599,26,15,11
17180058555,32,30,2
17180058559,24,24,0
25770226298,17,17,0
198915,16,16,0
348217,35,33,2
17180095143,14,13,1
8590215798,16,15,1
8590191814,8,8,0
17180107644,10,9,1
17180107643,10,10,0
157033,8,8,0
42949740259,10,9,1
42949740256,9,8,1
51539765876,8,7,1
8589988844,23,18,5
34360162829,14,8,6
8590129338,20,13,7
8590186860,9,8,1
34359757422,8,7,1
329685,9,8,1
17180190855,22,21,1
70800,11,6,5
194341,14,9,5
25769993750,16,3,13
25769924031,10,10,0
8590281419,15,9,6
25769929617,8,8,0
17179960879,12,12,0
51539727770,12,12,0
72213,9,9,0
34360032529,10,10,0
25769918371,10,10,0
233642,8,8,0
60129678004,8,6,2
111669295689,10,10,0
158093,22,19,3
43141,8,8,0
83659,14,14,0
94489570008,8,4,4
17179881463,9,9,0
60129845832,9,9,0
67186,14,13,1
67190,39,39,0
204326,62,32,30
8590085312,11,9,2
8590211220,12,11,1
132059,22,13,9
25769938291,8,7,1
163972,8,8,0
8589942583,13,11,2
142447,60,51,9
142455,12,12,0
150948,8,8,0
8589957602,13,9,4
144013,26,13,13
348407,9,8,1
25769982687,15,15,0
34359807694,15,15,0
68719903641,9,7,2
8590162485,38,33,5
8590267354,24,21,3
413644,15,14,1
25770069132,14,8,6
60129956684,15,14,1
25770006782,10,10,0
17180259717,20,18,2
48824,37,25,12
15001,37,27,10
8590024675,21,16,5
17180196565,11,9,2
8590141800,16,14,2
120259277249,8,6,2
43079,18,15,3
68719883612,9,6,3
267266,13,12,1
25769952132,9,9,0
42949688521,20,18,2
139354,15,12,3
51539710840,8,8,0
25769960144,8,7,1
17180025027,8,6,2
17180025021,8,6,2
17180025017,8,6,2
17180025022,8,6,2
68719565926,14,13,1
8590249121,8,8,0
8590204376,14,14,0
8590223020,13,13,0
68719486483,8,8,0
8590311617,12,9,3
96795,54,38,16
415562,10,10,0
80754,31,30,1
30654,16,13,3
60129609306,8,6,2
17180276141,21,16,5
25769863283,15,14,1
215610,77,48,29
141134,15,15,0
351786,11,10,1
34360001638,8,8,0
25770241974,9,9,0
17180271706,11,10,1
8590265111,8,8,0
377925,11,10,1
256871,9,7,2
256865,70,64,6
8590013812,29,28,1
222433,34,20,14
222430,11,9,2
51539705162,11,7,4
25770167789,11,10,1
85899580548,9,9,0
35862,30,22,8
34360150218,9,8,1
34360150220,9,9,0
34360150212,11,9,2
17180164067,41,27,14
34359910738,21,19,2
17180164073,20,18,2
234326,30,23,7
8590013456,8,6,2
34359825066,9,8,1
34359817950,8,8,0
8590094860,9,9,0
213842,69,58,11
3374,9,7,2
8590174303,16,13,3
8589977402,11,9,2
51539757278,21,19,2
34359946495,15,15,0
17812,74,50,24
77309544022,8,7,1
17180263983,9,9,0
103079546679,8,8,0
25769983657,10,9,1
205058,33,17,16
25769949879,18,16,2
34360130260,8,8,0
8590219697,22,22,0
217940,9,9,0
160982,21,17,4
8589957851,8,8,0
98337,10,7,3
17180010991,9,9,0
8590293746,19,19,0
42949849123,33,23,10
51540038614,8,8,0
232192,12,9,3
35968,14,10,4
410045,14,7,7
34359954219,16,14,2
30400,50,29,21
8590294342,27,13,14
17180249636,8,8,0
8590027744,8,8,0
25770047813,10,10,0
94489355967,12,12,0
94489462343,8,8,0
94489355969,10,10,0
34360090055,8,8,0
34360090047,13,12,1
77309620269,21,20,1
51539981424,9,9,0
17180126005,14,14,0
94489693532,10,10,0
34359982060,10,10,0
8590362078,18,17,1
8590029053,11,7,4
203636,12,11,1
17180208768,8,8,0
17180208766,8,8,0
85899561712,12,11,1
8590045292,17,16,1
341162,13,11,2
8589965106,21,19,2
128849152059,8,7,1
68719647293,9,9,0
30718,28,25,3
194773,10,9,1
42949781816,8,7,1
365254,19,17,2
8590204390,39,21,18
8590204389,22,20,2
8590284214,15,14,1
8590026878,27,14,13
85899356401,8,6,2
69045,14,14,0
17179894056,13,13,0
34359916160,10,10,0
42950092919,9,9,0
17179884294,12,12,0
51539665099,9,9,0
178154,25,18,7
94489683038,8,7,1
122813,9,8,1
8589982408,29,25,4
53190,31,19,12
8590366224,15,5,10
17179929052,26,15,11
60129760977,8,8,0
51539657970,8,8,0
25770040443,18,15,3
25770120935,17,11,6
8590076334,9,9,0
8590154898,18,18,0
25769958878,9,9,0
34359916916,9,9,0
234631,16,13,3
17180123365,12,12,0
17180177051,20,19,1
8590203629,8,7,1
4703,12,11,1
68719509531,13,13,0
8589941071,52,32,20
60129816042,10,9,1
99804,8,7,1
27214,16,16,0
8589983903,36,24,12
135112,12,12,0
8590174309,10,9,1
163077,27,27,0
34359807769,8,8,0
42949794421,9,9,0
34360027488,8,8,0
134539,95,66,29
75460,20,15,5
17179889580,16,12,4
42950067734,8,6,2
17180168994,22,22,0
17180168990,8,8,0
60129816496,9,8,1
54211,13,9,4
8590213662,8,8,0
8590351960,14,14,0
25770029636,15,12,3
34359910061,16,16,0
281117,10,9,1
281113,10,8,2
8590073954,8,8,0
8590297081,49,33,16
8590317623,80,57,23
17179984713,16,13,3
34359877242,12,12,0
8589973263,11,11,0
42950057951,11,11,0
42950057948,16,13,3
17180191494,9,9,0
237846,28,28,0
51539745627,8,8,0
8590223771,41,30,11
149058,20,19,1
8590009065,8,8,0
8590172071,43,34,9
63778,19,11,8
8590339810,8,8,0
42949969389,9,9,0
17180140105,11,11,0
157637,22,18,4
51539810113,8,8,0
77309716796,15,11,4
42949890880,17,12,5
125149,31,24,7
6184,78,29,49
68719658923,9,9,0
276830,8,8,0
8590346183,15,13,2
8590107012,16,16,0
42949812664,10,9,1
42949812655,8,6,2
65188,56,40,16
25769842849,18,15,3
8590216608,17,16,1
133571,20,17,3
17180102995,11,11,0
77309679499,14,6,8
410934,10,9,1
8590209909,10,9,1
94489708149,8,7,1
90702,42,37,5
34359752122,14,12,2
8590261900,13,10,3
17180045965,8,8,0
8590028359,29,28,1
8590247025,8,2,6
17180200716,11,2,9
25769935109,9,2,7
17180237069,9,8,1
17179883525,13,13,0
125451,14,14,0
8590093315,9,9,0
8590093318,9,9,0
8590325802,10,10,0
8590325805,9,9,0
8590268123,9,7,2
405612,14,8,6
17180104030,13,12,1
398887,23,21,2
17179935345,23,22,1
25769862949,12,11,1
42949758432,17,11,6
42949793352,8,7,1
17180211676,18,18,0
25770132259,19,18,1
42949952499,12,12,0
51539638287,8,8,0
42949992160,16,16,0
175051,11,11,0
58073,94,62,32
68719601837,8,6,2
51539763980,10,8,2
17180157534,12,11,1
25770022117,32,23,9
17180025699,29,19,10
34359977616,9,7,2
51539782451,8,7,1
34360057261,14,14,0
119730,20,16,4
8590311373,10,10,0
145748,25,22,3
34359768644,12,11,1
25769824411,9,9,0
34360159331,9,7,2
25769974219,15,11,4
8590197403,8,8,0
34359841755,8,8,0
25770020090,10,10,0
253666,8,8,0
51539734827,23,21,2
8590341020,13,2,11
8590341022,10,2,8
34359912441,15,13,2
77309853797,8,7,1
25769858639,8,8,0
8590352516,17,17,0
34360084915,10,10,0
195615,21,17,4
34360029271,10,10,0
25769869646,16,15,1
8590317698,8,8,0
108693,8,8,0
71407,8,6,2
16538,20,18,2
164225,17,16,1
17179910064,8,7,1
68719802765,8,7,1
51539928256,24,16,8
298690,9,9,0
34359830369,12,11,1
42949710499,8,8,0
17179997254,20,14,6
147840,117,36,81
25769862962,10,9,1
17180010319,11,10,1
60129751125,11,11,0
191242,9,9,0
8590132723,25,20,5
51539688372,17,15,2
50290,135,68,67
333706,8,8,0
51539939962,8,8,0
25769964512,13,12,1
19473,22,15,7
85899693977,11,11,0
288104,36,34,2
8589940758,9,7,2
34360021847,8,5,3
60129600547,9,8,1
34360089831,10,10,0
417143,14,14,0
17180121054,21,19,2
418129,9,9,0
25770201146,16,11,5
42949820121,8,7,1
42949820117,16,14,2
17180008489,28,19,9
51539959915,8,8,0
25770045784,10,8,2
111677,9,7,2
85899368848,9,9,0
251962,12,11,1
42949776072,9,9,0
176630,12,12,0
281802,13,11,2
42950055597,9,5,4
188978587772,8,6,2
79398,12,11,1
8589979635,8,8,0
25769819074,9,7,2
8589968592,9,9,0
413732,10,10,0
32577,30,25,5
34360041305,16,13,3
34360124497,12,12,0
94489509178,9,8,1
77309778748,9,9,0
17180187347,9,9,0
25769834409,9,9,0
94489647050,8,4,4
17180226254,12,7,5
220453,18,13,5
80025,15,12,3
8589971854,20,20,0
42949918788,11,11,0
42950051047,8,5,3
25769818476,8,4,4
34359850250,10,10,0
8589940730,11,11,0
25769891894,10,9,1
17180292399,9,9,0
153335,16,14,2
153330,11,9,2
153334,21,17,4
111669215754,10,10,0
51539698738,15,14,1
125349,32,21,11
17179890449,9,9,0
125354,23,17,6
247525,9,9,0
17180073276,18,16,2
18058,8,8,0
8589963426,11,10,1
25770034308,9,8,1
298142,10,10,0
298140,16,16,0
298144,10,10,0
298134,21,18,3
8590237486,8,6,2
25770227769,10,7,3
68719502719,8,8,0
25769821694,10,7,3
25770056210,8,5,3
42949871737,13,11,2
60129832000,10,10,0
8590275861,19,19,0
192722,11,11,0
17180030141,10,9,1
135058,66,29,37
25769810291,10,10,0
17180030143,16,14,2
42950093478,14,12,2
62164,38,33,5
189453,81,57,24
17180106392,15,12,3
8590000845,14,9,5
85899569824,8,6,2
185227,13,12,1
77309615703,8,8,0
173959,13,11,2
8590071083,9,9,0
291629,13,11,2
68719807240,11,11,0
193011,15,14,1
193010,11,11,0
68365,22,19,3
25770063626,12,12,0
17179921683,22,16,6
73625,16,13,3
17180115261,37,31,6
262796,8,8,0
8589976079,8,6,2
226828,24,19,5
290920,11,10,1
25770093440,9,9,0
17180143337,11,11,0
8590332126,8,8,0
8590041394,11,10,1
181020,18,17,1
17180286862,8,8,0
77309691231,11,11,0
42950095029,19,11,8
25769864735,19,19,0
8590336508,18,14,4
160022,12,8,4
25770170159,17,14,3
8590246611,29,20,9
203109,8,8,0
25770170166,11,9,2
17179896437,17,17,0
48269,9,8,1
205205,8,8,0
25769817939,8,7,1
34359783024,15,15,0
8590026757,35,16,19
34359844890,11,11,0
8589950735,13,11,2
25770018977,8,8,0
25770018973,8,8,0
25770018982,13,12,1
51540014835,12,10,2
8590361765,11,11,0
68719640454,8,8,0
17180300892,30,26,4
8590154563,8,8,0
197568583240,10,10,0
60129903897,9,8,1
8589952043,16,16,0
120259466087,8,8,0
306992,18,9,9
43871,31,26,5
8590242432,25,14,11
8590264583,12,11,1
8590264584,11,9,2
286425,14,13,1
286428,47,43,4
8589961688,35,27,8
17179985992,9,9,0
17179956009,27,4,23
26131,8,8,0
338028,38,31,7
25770190832,8,8,0
8590344849,12,12,0
8590344844,10,10,0
17180197363,13,9,4
34359831271,10,9,1
147720,72,52,20
17180081198,11,10,1
8590045107,9,9,0
8590104386,63,47,16
8590219750,14,12,2
411630,16,15,1
120259175547,14,12,2
51540014691,9,8,1
17180070020,10,10,0
25770094831,10,9,1
8590246095,9,8,1
34930,13,13,0
34923,25,18,7
8590052730,26,20,6
18677,9,9,0
60129902393,13,11,2
111669199483,11,11,0
34360114502,15,15,0
104198,17,17,0
8590272851,18,18,0
8589976140,17,15,2
8590185866,8,8,0
17180030128,9,9,0
34359935268,12,12,0
174508,34,28,6
77309481101,9,7,2
17180199619,23,22,1
34359888524,8,6,2
315164,22,21,1
8590157385,19,19,0
179921,12,12,0
34359794307,10,10,0
34359794304,14,13,1
34359794311,11,10,1
326391,10,10,0
120259382550,8,8,0
32072,81,48,33
111669497472,11,11,0
8590166014,32,29,3
8590207952,9,9,0
25769893913,24,17,7
18532,8,7,1
60129827295,16,13,3
34359879997,9,8,1
258431,8,7,1
8590278820,23,19,4
34359787041,8,8,0
34359791156,10,10,0
44105,50,27,23
167569,17,14,3
411045,28,24,4
17180100854,40,31,9
351912,17,15,2
347799,8,5,3
4422,51,26,25
17179908997,10,10,0
17180149094,8,8,0
139602,10,9,1
139597,25,19,6
25769833731,8,8,0
42949767710,9,7,2
60129737934,9,9,0
34360153460,38,23,15
260178,26,12,14
60129925520,8,8,0
34359824100,9,9,0
