Cluster,Ms_count,Book_count,diff
5,911464,4960,906504
77309747337,5,4,1
103079271292,6,4,2
8590359340,6,5,1
8590220035,48,41,7
25770179904,4,3,1
381572,36,17,19
103079426156,13,11,2
111669200349,4,2,2
8590099362,43,39,4
389553,45,35,10
8590055101,38,27,11
8589990361,33,26,7
68719780744,3,2,1
68719888732,3,2,1
8416,11,9,2
51539683144,5,4,1
63130,46,39,7
219592,15,13,2
34359744467,24,22,2
34312,14,10,4
34307,19,13,6
17180046963,4,2,2
17180046961,4,3,1
17180046964,5,2,3
17180046962,3,2,1
18436,6,5,1
8590051474,15,14,1
17180174018,15,10,5
103079571132,9,8,1
17180211584,28,19,9
17180133586,32,26,6
217583,8,7,1
8590372155,5,4,1
25769920340,9,8,1
217586,38,19,19
34360151075,15,11,4
25769835132,12,11,1
8590006522,22,18,4
180388766808,4,3,1
8590099789,41,30,11
17179939269,14,12,2
42949872741,8,7,1
362027,28,27,1
42949874254,11,10,1
8589947956,29,27,2
51539747740,10,9,1
14549,77,51,26
17180091742,5,4,1
17180116447,11,8,3
17180183988,4,3,1
17180246256,9,8,1
108380,16,12,4
25769983797,14,11,3
51539913543,4,3,1
51539913546,6,5,1
8590055313,13,12,1
8590014072,19,12,7
126818,9,6,3
367746,10,5,5
8589959124,83,53,30
60129634962,10,9,1
34359916952,5,3,2
8589961275,42,24,18
17179993664,3,2,1
17179993669,5,4,1
8590363644,15,8,7
17179993662,9,8,1
17180188224,9,6,3
17180188220,17,16,1
75732,24,20,4
25770027627,12,9,3
42949708959,21,13,8
115568,34,25,9
17179906904,30,21,9
103079611340,14,12,2
201109,16,9,7
51539858421,12,11,1
419854,45,40,5
8589969786,22,21,1
214748508192,5,4,1
8590112227,13,9,4
371298,28,17,11
272933,13,10,3
205619,70,30,40
106207,26,20,6
106203,14,11,3
8589987883,25,13,12
34359779489,10,8,2
8590283242,7,6,1
122072,3,2,1
51539614482,17,16,1
50550,256,118,138
121489,22,20,2
52520,8,7,1
366673,5,4,1
51539626935,18,13,5
320070,28,18,10
34359999046,6,4,2
34360015793,8,7,1
17180075778,10,8,2
8590076062,6,5,1
137439073991,4,3,1
214748416538,4,2,2
249108143830,3,2,1
188978608820,4,2,2
188978614181,3,2,1
47446,57,36,21
25769942598,12,11,1
312178,26,19,7
212819,20,17,3
126024,120,77,43
42949803215,15,13,2
8590228319,22,19,3
226754,24,23,1
42949981560,23,21,2
25769847074,22,21,1
20978,9,7,2
266907,7,4,3
17179958944,16,12,4
17180043493,37,36,1
34359765118,17,15,2
8590275059,16,14,2
389473,8,7,1
409781,74,43,31
60129851053,6,5,1
128394,13,10,3
72054,27,17,10
51539664237,4,3,1
120007,6,5,1
393232,8,7,1
64846,14,12,2
17179973493,38,17,21
168268,67,58,9
77309836267,15,14,1
68719696254,16,15,1
81027,40,32,8
253887,10,8,2
8589971166,9,8,1
8590354996,17,3,14
8590259915,20,17,3
338679,88,30,58
8590226259,21,16,5
60129733037,23,14,9
190458,39,26,13
21935,927,208,719
60129722253,11,10,1
8590245504,6,5,1
206410,28,18,10
128849066743,6,5,1
128849066741,5,4,1
128849066742,4,3,1
8590208633,47,40,7
177260,31,20,11
8590179297,7,6,1
11424,12,11,1
34360133387,3,2,1
11414,80,51,29
147846,171,125,46
359354,23,21,2
49586,218,112,106
34359877023,33,17,16
161530,64,23,41
1995,555,183,372
80787,19,17,2
64017,444,144,300
8590080283,109,46,63
283353,30,25,5
34359784453,6,5,1
8590105125,25,17,8
172426,15,13,2
172424,91,73,18
322862,25,22,3
80589,53,26,27
25769858066,16,14,2
17179973313,9,6,3
47236,126,87,39
25769953339,19,17,2
405294,37,24,13
17179975104,19,15,4
8590143612,11,9,2
64777,15,12,3
68719803476,4,3,1
62627,78,50,28
63890,38,28,10
37395,209,93,116
85899631231,3,2,1
280657,77,56,21
8590314774,49,18,31
42949752200,7,6,1
118519,67,53,14
60129786885,4,3,1
8589990526,3,2,1
17180238720,21,16,5
8590359887,52,41,11
137439017015,3,2,1
53862,45,42,3
25769804718,7,6,1
96392,20,3,17
8590010056,3,2,1
70890,20,16,4
8590209158,40,28,12
118796,129,75,54
42950085240,6,5,1
8590101752,12,9,3
25770088928,13,12,1
51539638805,4,3,1
68719488270,7,6,1
77309531392,5,4,1
77309689824,6,5,1
7135,2967,381,2586
261190,94,19,75
17180176456,22,14,8
8590132546,15,14,1
68719553156,5,4,1
15892,13,12,1
25770196966,12,11,1
8590239695,8,7,1
17180106513,59,50,9
104133,32,23,9
68719478987,14,12,2
106942,189,113,76
5196,12,11,1
34360095172,3,2,1
68719729111,3,2,1
309237944741,4,3,1
17180049515,16,12,4
17179963227,18,17,1
25769861906,59,42,17
3161,12,9,3
8590054000,38,33,5
311307,5,4,1
215934,11,10,1
51539967951,8,7,1
97541,9,8,1
25770115438,9,5,4
134857,6,4,2
133339,32,25,7
17180298668,18,17,1
8589990681,3,2,1
8589990684,4,3,1
8590284804,25,23,2
25770212427,15,14,1
51539731478,15,14,1
72923,144,48,96
103079485028,7,6,1
355408,12,10,2
68719686970,4,3,1
68719686968,3,2,1
8590198801,6,5,1
68719498116,8,7,1
96698,18,15,3
8590366321,24,20,4
120259442433,7,6,1
42949788999,15,10,5
42950070522,13,11,2
17180250618,6,5,1
8590263004,52,39,13
8590219862,9,8,1
103079387473,6,5,1
103079580848,7,6,1
217400,9,7,2
68719551407,5,4,1
17179925444,17,15,2
393020,46,26,20
382954,16,15,1
8590107260,18,13,5
111669322469,8,7,1
30537,14,9,5
34359894297,7,6,1
34360100099,8,7,1
79208,193,34,159
120259421416,6,5,1
42949810290,11,9,2
168690,14,12,2
97184,18,14,4
58454,31,30,1
8590324876,74,43,31
85899659662,10,9,1
211392,46,37,9
17179914116,13,8,5
25770037821,7,6,1
51539860185,6,5,1
8590164316,45,39,6
60129598065,12,11,1
51539955885,10,8,2
422331,12,9,3
94998,42,36,6
68719856372,9,7,2
136348,9,6,3
136350,10,7,3
103079622868,5,4,1
128849181686,4,3,1
135956,25,21,4
42950027490,21,18,3
103079530202,6,5,1
383143,14,10,4
42949988500,13,10,3
8590193888,14,13,1
8590059008,16,14,2
17180269185,22,20,2
337489,6,5,1
27249,253,58,195
68719722830,9,7,2
42949997641,10,9,1
68655,19,14,5
51539728280,7,6,1
6218,42,40,2
8590374756,12,11,1
77309550623,9,7,2
128849215524,6,5,1
284449,8,7,1
228496,23,16,7
17180305557,26,11,15
60129806752,6,4,2
60129560181,11,10,1
371277,13,10,3
410291,11,10,1
351720,27,17,10
410296,7,5,2
17179953849,8,6,2
17179953853,17,14,3
60129771030,5,4,1
17179953859,13,11,2
14975,19,16,3
110232,25,19,6
85899544079,3,2,1
68719501021,3,2,1
85899544078,3,2,1
78102,7,6,1
85899544081,4,3,1
233884,147,103,44
8590031510,24,20,4
412140,15,9,6
412136,21,17,4
51539921860,6,5,1
66703,98,55,43
120310,5,4,1
265533,130,32,98
134004,23,19,4
34360126873,9,8,1
17180261095,9,8,1
217895,46,37,9
351434,4,3,1
21250,71,48,23
120259374115,5,4,1
52267,13,8,5
52271,94,22,72
8590193533,7,5,2
33112,128,56,72
252839,27,18,9
8590183870,34,31,3
34359865357,9,8,1
21198,126,88,38
17180025840,46,43,3
355665,23,22,1
76607,196,168,28
54022,17,13,4
25770119699,5,4,1
42949864332,6,5,1
42950081097,5,4,1
128849395776,3,2,1
12233,18,15,3
8590078194,33,28,5
412503,15,14,1
8590172432,41,34,7
371994,13,11,2
34360134722,4,3,1
329642,9,7,2
256313,35,31,4
34183,15,13,2
25769956664,22,18,4
8589941250,50,42,8
8590194453,4,3,1
17180172363,9,8,1
29237,157,80,77
275608,4,3,1
77309743650,8,7,1
17180109773,12,10,2
25769819188,21,20,1
34360095168,10,8,2
77309743637,5,4,1
8590344115,6,5,1
17180218715,6,5,1
85899495128,10,9,1
25770248295,4,3,1
51540019863,4,3,1
111669527768,3,2,1
94489464684,4,3,1
382935,27,26,1
8590125852,24,21,3
8589994382,8,6,2
8589994386,7,5,2
94489357931,6,3,3
870,42,38,4
33794,207,40,167
357722,11,10,1
44187,7,6,1
17180118567,16,13,3
8590367925,12,11,1
8590151625,59,39,20
8589970309,12,10,2
17179943439,16,11,5
25770030403,7,6,1
130206,15,12,3
8590193135,14,13,1
156490,10,9,1
156492,40,32,8
402759,124,86,38
8589985412,39,35,4
42949916358,5,4,1
42949916363,9,5,4
94489600597,3,2,1
128849458993,4,3,1
42949740144,9,7,2
77309606831,6,5,1
25769962464,11,10,1
245810,22,17,5
8590125879,25,18,7
17180192789,7,6,1
17180192786,8,6,2
8590099726,87,25,62
3064,122,81,41
259132,105,79,26
17179921811,30,25,5
157658,92,59,33
212582,32,15,17
8590089638,18,16,2
8590189901,36,32,4
34359988169,12,11,1
8589943662,24,23,1
17179993082,5,4,1
25769966728,10,9,1
8513,16,11,5
25769966723,9,6,3
34359920717,5,4,1
77309795670,7,5,2
42949797918,4,3,1
8590177885,12,11,1
8590177877,19,15,4
25770087175,8,7,1
111669423669,4,3,1
17180178710,7,5,2
34360121901,11,6,5
60129652407,8,7,1
8589965992,18,16,2
34359917928,7,6,1
265813,16,10,6
8590155567,59,46,13
17180118051,23,22,1
42949967260,7,5,2
216096,23,15,8
42949722706,6,5,1
25769906425,7,6,1
8590302312,28,23,5
55109,108,77,31
8589959114,23,19,4
90242,37,31,6
8589959115,3,2,1
201557,13,11,2
201556,19,14,5
201561,15,12,3
34360036215,20,16,4
8590266002,65,47,18
17180095210,4,3,1
128849440439,9,8,1
25770037100,14,12,2
128849165745,3,2,1
25770158487,3,2,1
17180003340,22,21,1
17179874812,11,8,3
17179874814,5,4,1
17180249989,6,5,1
8590072629,28,24,4
51539910031,3,2,1
8590190349,5,4,1
337592,59,33,26
25770241217,31,17,14
17180022322,18,11,7
17180057952,13,10,3
17180257924,12,10,2
210697,31,29,2
25769927005,9,7,2
34360039441,8,7,1
30470,207,54,153
17180205233,13,11,2
8590304164,27,26,1
167561,4,3,1
8590122826,5,4,1
105866,12,10,2
82771,37,21,16
17179940627,13,12,1
42950086064,10,8,2
17180055712,23,19,4
34359989286,9,8,1
120259434088,5,4,1
158905,124,29,95
77309489377,5,4,1
17179998738,8,6,2
34359969582,7,6,1
17179998742,7,5,2
146029038402,3,2,1
17694,89,72,17
25769808393,10,8,2
17180264881,10,6,4
25769971906,5,3,2
34359945282,4,2,2
60129690020,7,6,1
103079573181,3,2,1
17179962882,5,4,1
122732,44,13,31
25770127652,10,8,2
34360052313,8,6,2
77309423179,9,8,1
17180020644,8,7,1
40859,54,44,10
267009,27,9,18
8590218647,17,16,1
103079372999,11,10,1
77020,9,8,1
8590155830,5,4,1
60129953334,7,6,1
77309629158,5,4,1
17180204120,16,11,5
137529,50,37,13
210216,146,92,54
72052,42,23,19
42949993420,11,9,2
25769825679,20,13,7
106842,67,58,9
17179884959,4,3,1
8590245073,14,12,2
17180239674,11,9,2
111669391457,8,7,1
17179979346,6,5,1
17179979344,6,5,1
25769837365,7,6,1
8590005212,31,23,8
34359974962,8,7,1
17180099215,5,4,1
8590189650,23,22,1
8590303291,32,25,7
150395,25,8,17
8590103021,12,5,7
71343,60,43,17
221347,227,112,115
25770093533,5,4,1
409595,30,27,3
365498,14,10,4
137439328560,4,3,1
8590050602,63,55,8
25770238741,8,5,3
101190,25,22,3
8590138550,28,21,7
42950052967,4,3,1
284718,8,7,1
34359769967,7,6,1
304140,325,80,245
13376,42,30,12
17180265711,13,11,2
25770095021,27,18,9
140473,25,22,3
171992,181,44,137
322918,38,27,11
8590046256,6,5,1
8590046260,8,6,2
8590046261,6,5,1
17180012760,25,22,3
8590185780,48,41,7
287491,9,8,1
8590130215,22,20,2
8590055303,13,11,2
51540052292,3,2,1
80994,28,27,1
225713,7,6,1
293455,11,9,2
17180274659,11,9,2
103079234342,9,8,1
68719850150,6,5,1
80188,14,13,1
40533,157,4,153
85899348442,4,2,2
60129584006,19,18,1
161220,18,15,3
78740,83,25,58
183138,7,6,1
42949783894,9,8,1
85899651010,4,3,1
60129757130,5,4,1
311874,31,24,7
8589985015,47,34,13
101538,70,58,12
251716,33,14,19
251710,11,10,1
94489449323,4,3,1
51540044999,4,3,1
51540045000,4,3,1
8590234625,13,12,1
42950090158,8,7,1
60129835394,6,5,1
25770198652,17,15,2
34359942005,3,2,1
34359942001,7,6,1
8590158693,11,9,2
34360119885,6,5,1
8590158692,8,6,2
25769876286,17,9,8
17180043125,17,15,2
8590229092,18,17,1
192123,3,2,1
8589935496,66,44,22
51539839827,6,5,1
179539,24,22,2
17179934693,7,6,1
128849151214,5,3,2
8589989799,42,25,17
34359948298,6,5,1
111669367569,7,3,4
34359948295,10,7,3
60129835797,5,4,1
60129820529,4,3,1
25770120393,14,13,1
44383,34,27,7
222802,64,37,27
140603,66,41,25
244436,10,8,2
29137,6,5,1
328446,20,18,2
8590188971,12,10,2
34359802968,5,4,1
8590368233,3,2,1
8590368232,3,2,1
8590084350,78,65,13
8590049577,13,11,2
113858,5,3,2
25770098437,7,6,1
77309643036,7,6,1
206158782245,3,2,1
68719785335,5,4,1
78382,102,60,42
8590160972,8,6,2
8590349854,21,15,6
42949968488,4,3,1
25769881131,11,10,1
17180234950,5,4,1
60129739276,5,4,1
25770099685,9,7,2
17179905467,16,15,1
25770026173,10,8,2
402970,26,20,6
8590100532,23,15,8
25769902854,4,3,1
273278,11,10,1
42950078285,6,5,1
101661,62,46,16
51539664678,3,2,1
350495,30,21,9
60129549548,17,16,1
68719623850,3,2,1
196556,74,56,18
8590155095,9,8,1
181750,36,24,12
85899692586,5,3,2
8590268178,16,15,1
8590076146,15,12,3
277833,201,98,103
8590230143,11,9,2
8589982826,21,20,1
183491,49,43,6
32097,190,91,99
180881,72,66,6
42949861146,10,9,1
294162,11,10,1
51539650192,11,10,1
51539836768,9,7,2
17179900235,17,16,1
289061,40,27,13
42949885559,7,6,1
8590081788,9,8,1
146029154184,4,3,1
206849,189,17,172
25769992041,9,4,5
42949772797,12,11,1
51539759506,4,3,1
239279,3,2,1
8589971261,21,17,4
59337,10,9,1
8590002061,15,11,4
8590002064,19,17,2
39556,21,20,1
85272,23,21,2
34360119511,17,15,2
8590311622,48,40,8
17179984812,16,14,2
364625,165,103,62
34359995741,10,8,2
34359995742,7,6,1
34359995744,7,6,1
34359995740,5,4,1
127229,57,41,16
16997,44,28,16
8590179227,28,26,2
34360006407,7,5,2
51539975162,13,10,3
42950106704,10,7,3
15731,37,24,13
77309819367,10,8,2
78975,57,20,37
8590226463,33,25,8
17180241776,9,8,1
180388718554,3,2,1
60129812585,7,6,1
155781,55,46,9
184289,12,11,1
17180254133,38,27,11
25770079135,19,18,1
25770139928,13,12,1
396839,6,5,1
379331,4,3,1
61433,15,12,3
61427,29,24,5
42949713416,6,4,2
174505,25,17,8
42950101597,10,9,1
13617,216,105,111
169723,5,4,1
405327,12,11,1
51539709070,10,8,2
25769855963,7,6,1
17180241127,19,16,3
306612,20,18,2
17180266102,13,11,2
25769912129,4,2,2
17180062252,14,12,2
299305,54,40,14
34359969878,17,13,4
166733,11,10,1
111669568594,5,4,1
123757,18,12,6
328377,50,42,8
11222,21,20,1
47258,10,8,2
17180056845,5,4,1
344157,51,37,14
8590115286,58,42,16
17180104167,15,13,2
8590038917,35,22,13
17180150253,5,3,2
42950106706,7,6,1
25770136457,6,5,1
131316,39,32,7
34359884500,12,11,1
34359836717,11,10,1
34359997619,5,4,1
117099,6,5,1
25769854470,4,3,1
8590222509,27,22,5
408981,91,65,26
40490,92,51,41
50965,15,14,1
103079316570,9,7,2
307012,36,18,18
8590377444,18,13,5
42950102966,9,7,2
123413,165,118,47
90967,30,26,4
17180219303,10,8,2
17179998486,10,6,4
17179928095,9,7,2
8590051835,6,5,1
8590051834,5,4,1
42949789730,11,10,1
369082,5,4,1
135563,47,32,15
135567,7,6,1
77309504278,9,8,1
316199,63,27,36
176170,6,5,1
128849074801,11,10,1
79635,29,25,4
17180123655,35,30,5
120259338426,5,4,1
8590122908,3,2,1
17180217253,8,7,1
389598,17,16,1
51539622568,20,18,2
146029070482,4,3,1
146029070479,3,2,1
42949711769,8,7,1
274549,12,9,3
8590193246,32,30,2
80746,41,20,21
34360102784,7,6,1
85899752502,10,8,2
8589994814,112,97,15
183016,7,6,1
17180114251,24,22,2
34359854877,10,9,1
34360075561,5,4,1
34360075563,7,6,1
215850,7,6,1
157159,38,7,31
217470,16,14,2
60129722432,14,11,3
8590171983,13,12,1
366080,3,2,1
77309435707,3,2,1
116449,3,2,1
42949932334,29,25,4
267790,51,42,9
25770162880,8,7,1
25770162877,8,7,1
11365,23,17,6
11364,50,29,21
361372,18,17,1
85899415239,5,4,1
286497,15,14,1
8590081113,24,18,6
8589976168,15,12,3
16537,33,28,5
137439225967,8,6,2
60129586025,7,6,1
39051,8,7,1
8590047160,22,20,2
8590035099,14,13,1
183972,156,99,57
17180219502,17,16,1
17179869833,14,12,2
8590011225,36,35,1
197568884464,3,2,1
367942,21,16,5
5546,603,155,448
359130,13,11,2
359134,12,11,1
359137,8,7,1
8590161672,7,6,1
120259249869,3,2,1
68719601487,4,2,2
11254,24,23,1
25769808686,26,24,2
25770051305,13,12,1
281082,31,25,6
51539773151,29,23,6
17180163438,7,6,1
85899692378,10,9,1
17180187604,5,4,1
8590029410,55,39,16
8590171316,38,29,9
206987,27,17,10
8590371856,12,11,1
68719496302,6,5,1
137438994469,5,4,1
137438994454,3,2,1
85899597349,6,5,1
42949960986,3,2,1
219765,75,58,17
17180058311,20,17,3
25770203498,6,5,1
25770203502,7,6,1
8590214767,5,3,2
34359784416,15,13,2
17180020406,16,12,4
8590187486,59,47,12
17179895152,10,9,1
12237,12,11,1
12241,39,29,10
51539840180,7,6,1
121389,24,17,7
17180156306,14,9,5
8590053163,11,9,2
8590096193,4,3,1
336412,53,49,4
17180194808,8,6,2
25769845117,10,9,1
30550,16,14,2
79440,16,15,1
163209155932,3,2,1
68835,82,67,15
68719763066,12,10,2
25770012177,13,9,4
25770012178,15,9,6
414226,117,32,85
8590170422,4,3,1
8590170424,6,5,1
8590243865,15,14,1
103079498946,9,6,3
17179897262,6,5,1
51539960198,6,4,2
8590098220,23,16,7
17180103698,18,17,1
25769941629,26,25,1
8590312422,14,13,1
8590049558,17,13,4
51539615145,14,11,3
171798727794,6,4,2
25770176873,7,6,1
8589993248,22,9,13
8590288569,17,12,5
364307,10,9,1
163209155504,7,6,1
17180204357,19,15,4
17180044752,22,13,9
42950094518,3,2,1
42950094520,3,2,1
42950094519,6,5,1
42949842406,8,6,2
42949963347,6,4,2
42949688669,5,4,1
42949688668,10,8,2
42949688664,13,12,1
8590094128,20,19,1
8590011299,10,9,1
17180111915,8,7,1
403432,4,3,1
51539782576,3,2,1
8590074078,11,10,1
25770235914,14,13,1
60129733356,14,12,2
8590033148,9,8,1
17180059116,5,4,1
17180059117,8,7,1
17180059113,6,5,1
60129631563,5,4,1
25770073509,8,7,1
103079318406,6,5,1
143145,37,12,25
103079335456,4,3,1
333374,6,5,1
68719563036,4,3,1
51539630572,19,11,8
42949833202,10,8,2
45972,118,38,80
103079440924,9,6,3
25769916916,3,2,1
168596,4,3,1
52035,183,50,133
34359819771,9,8,1
110157,33,32,1
34359999541,10,9,1
34359999539,6,4,2
34359746319,8,7,1
8590260355,7,6,1
338680,50,23,27
227522,71,58,13
34360055292,7,6,1
300647836234,3,2,1
8590083723,35,30,5
17180022096,4,3,1
25769985951,4,3,1
17179969273,37,27,10
68719537045,7,6,1
8590377947,14,12,2
17180151743,15,13,2
34359930836,9,8,1
8589971649,30,15,15
8589958301,12,11,1
77309673010,4,3,1
8590138299,12,11,1
51539945779,13,11,2
17180110182,8,5,3
8590166819,40,27,13
414455,17,16,1
354164,11,9,2
17180230746,24,21,3
26455,48,45,3
83601,19,17,2
381967,48,45,3
183641,22,8,14
137098,4,3,1
77309795724,5,3,2
352643,12,10,2
146029103954,4,3,1
8589953244,8,7,1
209740,109,73,36
17180299778,38,36,2
369950,22,20,2
202929,26,25,1
301204,101,41,60
25769951125,6,5,1
206158723545,7,6,1
120259257276,6,5,1
242167,5,4,1
263681,19,18,1
103079463429,7,5,2
187611,19,16,3
68719896899,15,13,2
25770206569,20,17,3
111669252501,3,2,1
17180011103,8,7,1
8590031098,45,28,17
60129835585,7,5,2
8589987408,10,9,1
91323,143,88,55
164399,48,44,4
100700,106,71,35
94489381289,8,6,2
132375,10,6,4
8590144458,13,7,6
17180035302,5,4,1
108268,51,40,11
234414,13,12,1
17180041018,15,14,1
42949799164,15,14,1
60201,56,46,10
34360123662,14,9,5
25770037114,16,11,5
25770139445,9,7,2
99259,27,17,10
94489379251,7,6,1
29313,123,23,100
141063,12,7,5
174150,36,30,6
25769876033,16,15,1
164079,42,26,16
17180060834,11,10,1
17180060835,9,6,3
17180060836,10,9,1
8589974039,40,37,3
8590117479,20,17,3
8590209684,11,10,1
8590073906,20,19,1
68719545021,5,4,1
10000,73,54,19
25770222405,7,6,1
51539884628,6,3,3
51539884624,5,3,2
8590199895,19,15,4
34360022875,6,5,1
25770001149,6,5,1
68719763180,9,8,1
17180139094,8,7,1
25769863475,11,10,1
10325,617,187,430
388054,54,42,12
77309735638,4,3,1
42949732590,7,6,1
326841,5,4,1
85899702730,11,10,1
310857,10,8,2
297146,10,8,2
8589963578,68,58,10
17179976383,23,17,6
408938,80,22,58
47854,13,11,2
6812,38,28,10
297003,16,9,7
105738,10,8,2
176347,50,35,15
349986,24,18,6
34359840398,5,4,1
17180139312,9,8,1
17180131631,9,8,1
186240,26,22,4
42949928260,11,10,1
17179964898,12,11,1
12844,68,54,14
60129620892,7,6,1
25769923819,49,44,5
51539677113,5,4,1
149842,22,18,4
33471,35,19,16
17180236327,11,10,1
42949794741,12,11,1
168889,16,13,3
180862,16,15,1
180857,20,19,1
60129607288,12,10,2
111647,31,22,9
60129815826,10,9,1
60129607652,6,5,1
25769928344,7,6,1
34359774052,10,9,1
8590350496,11,10,1
8590350499,13,12,1
25769940404,10,9,1
25769841490,23,16,7
128849045259,5,4,1
17180016768,16,12,4
77309619482,5,4,1
60129829670,11,6,5
83268,7,4,3
42949843451,6,4,2
25769855051,7,5,2
110646,42,37,5
8589965002,33,30,3
8590080992,5,4,1
62744,8,7,1
260020,34,30,4
8589984420,23,21,2
60129834292,6,4,2
25769834332,17,16,1
8590027530,19,17,2
12413,102,87,15
103079245694,7,6,1
68719888993,5,4,1
73588,3,2,1
104863,32,25,7
42949721771,8,7,1
189499,173,79,94
42949807942,9,8,1
417258,41,30,11
34359746502,7,5,2
25770068728,21,18,3
8589968657,14,13,1
8589968666,7,6,1
8589968664,13,12,1
89260,10,9,1
8590002954,65,47,18
89253,15,13,2
350606,34,27,7
42949990526,20,16,4
176551,29,28,1
196472,7,6,1
8589969705,26,25,1
8590239376,13,11,2
103079287336,4,3,1
34359944519,13,12,1
205744,17,16,1
17179979727,7,6,1
17179975472,24,20,4
8590154329,13,12,1
42949888574,7,6,1
248385,21,20,1
17180267952,20,19,1
25769873983,34,23,11
223733,9,7,2
28856,44,28,16
25760,23,15,8
25751,37,23,14
179113,52,31,21
17180011869,17,12,5
25769825467,13,2,11
260417,28,27,1
383175,4,3,1
68719734851,9,8,1
51539924943,10,9,1
230304,26,21,5
248977,39,25,14
34359964547,17,16,1
8590378026,9,8,1
195772,19,15,4
8590002661,14,12,2
42949857375,6,5,1
34359770895,3,2,1
25770030386,7,6,1
42949999397,9,7,2
25770132488,3,2,1
30363,121,79,42
86029,14,10,4
8590379156,12,10,2
60129690087,9,8,1
8590379165,9,8,1
205590,26,20,6
205594,11,9,2
42949778155,9,7,2
25769899560,45,23,22
77309641335,4,3,1
17180052551,11,10,1
364681,28,19,9
17179945640,14,13,1
25769818083,9,8,1
8590033731,70,12,58
51539795649,4,3,1
85899485387,5,4,1
8589967797,43,29,14
8590364239,13,11,2
94489546388,3,2,1
8589986610,49,39,10
105370,32,30,2
137439099090,6,5,1
103729,16,15,1
8590338980,8,7,1
34359838753,8,7,1
8590191692,13,12,1
8590034931,39,32,7
17180298727,18,17,1
111669538891,3,2,1
8590027309,16,15,1
8590027318,5,4,1
8590027308,9,8,1
110932,18,13,5
68719608870,5,4,1
8590056511,19,10,9
111669156595,3,2,1
111209,14,13,1
13186,473,173,300
102963,17,10,7
285335,7,6,1
17180080769,6,5,1
103079398658,4,3,1
253021,43,33,10
200842,7,6,1
92686,14,11,3
17180030328,5,4,1
323691,21,17,4
68719479288,6,5,1
17180104837,7,6,1
553,46,28,18
320336,16,15,1
17180083119,6,5,1
17179969175,6,5,1
42949720357,21,14,7
15264,22,21,1
17180094817,15,11,4
25770069926,7,6,1
190818,27,24,3
174705,14,11,3
25770206336,13,12,1
51539956120,7,6,1
25770177305,11,9,2
20157,269,119,150
42949895621,6,4,2
190133,8,6,2
142834,180,135,45
42950024809,7,6,1
8589980484,24,22,2
125882,25,20,5
60129609678,10,9,1
412563,19,18,1
25770219686,7,6,1
210386,44,40,4
15884,102,76,26
17180119265,7,6,1
17180119256,3,2,1
8590076811,8,7,1
17180119257,4,2,2
25770028459,28,25,3
191349,5,4,1
128849093226,7,5,2
42949677592,3,2,1
8590118496,31,18,13
42950036212,9,5,4
85899539572,5,4,1
137439057606,6,5,1
103079350704,6,5,1
8590281608,20,14,6
25770192235,14,13,1
17179904957,14,12,2
17179990607,10,9,1
42949742551,7,6,1
402644,11,8,3
8590212258,32,20,12
111669361662,6,5,1
60129604122,7,6,1
42949742550,7,6,1
336021,17,14,3
94489287129,12,8,4
249465,77,56,21
165945,31,29,2
286312,12,11,1
8590024518,52,41,11
17180093353,6,5,1
17180093345,12,11,1
176404,22,20,2
176403,22,19,3
223330,19,18,1
34359935233,21,19,2
110426,30,21,9
51539762157,33,29,4
17180099379,9,7,2
56198,6,3,3
77309657221,3,2,1
336782,35,28,7
8589980353,16,13,3
17180183068,37,28,9
60129560978,4,3,1
25770139334,13,12,1
85899642871,4,2,2
34359749431,4,3,1
25769825937,7,6,1
25769825940,10,8,2
17179940263,44,21,23
25769825944,6,5,1
68719798728,5,4,1
25769825945,19,9,10
25769825948,8,7,1
8590304972,40,37,3
77309783818,7,6,1
146028960766,6,5,1
25769825931,15,9,6
77309595841,19,15,4
17179923470,8,7,1
120259440488,3,2,1
60129748467,4,3,1
80422,69,58,11
42949831355,3,2,1
8590379883,4,3,1
8590379885,5,4,1
17180031206,15,14,1
17180010715,12,11,1
17180010712,16,15,1
8589978775,34,24,10
17180066114,16,15,1
94489535780,6,5,1
8590100422,34,18,16
17180059668,36,23,13
8590043479,30,29,1
8590157410,18,14,4
77309428304,5,4,1
103079372007,10,9,1
139744,47,43,4
8590023787,28,26,2
17180167972,29,21,8
17180230752,5,4,1
34359853726,6,5,1
60129773277,7,6,1
371254,41,32,9
137439287163,3,2,1
34359816766,6,5,1
188978637704,4,3,1
97788,97,71,26
94489688260,4,3,1
8590067241,20,17,3
159874,17,13,4
159877,12,9,3
159875,29,20,9
415565,6,5,1
8590194885,9,8,1
25769865256,3,2,1
57111,12,9,3
51539848451,7,6,1
51539848456,10,8,2
94489515138,4,3,1
17180278457,5,4,1
25769858021,11,10,1
25769841026,12,7,5
8589988301,8,6,2
34359794252,5,4,1
25770054978,7,5,2
163208798825,3,2,1
120259168307,3,2,1
34359741224,3,2,1
8590229993,45,38,7
34359861514,7,5,2
34360122821,9,3,6
34360087119,10,9,1
164089,25,18,7
177163,66,54,12
17180073642,16,8,8
68719833792,7,6,1
34359955991,7,5,2
8590345547,6,4,2
105637,11,8,3
60129649621,5,4,1
17180174890,16,15,1
17179976599,7,6,1
342939,14,4,10
120259387732,4,3,1
8590256925,17,15,2
34360049527,6,5,1
8590292113,18,17,1
25769982983,12,11,1
103079512010,8,7,1
128849354720,5,4,1
17180085034,5,4,1
85899389271,5,4,1
51539614989,6,5,1
94489604713,7,6,1
94489604718,9,8,1
17180047172,11,10,1
17180036859,9,8,1
17180036860,12,11,1
17179987755,15,14,1
60129845678,12,9,3
191949,35,15,20
77309661167,3,2,1
60129603861,4,3,1
25770190963,7,6,1
128849207566,8,7,1
88468,8,7,1
8589949353,8,2,6
8590064571,24,18,6
8589998619,21,20,1
45572,43,33,10
146854,18,14,4
94489620188,5,4,1
42949825496,10,8,2
85899752882,3,2,1
34359783183,8,7,1
139798,68,62,6
60129837402,3,2,1
42950098843,13,7,6
229483,21,19,2
8590109289,5,2,3
8590075329,32,11,21
8590187873,5,2,3
128849141940,4,2,2
34360146432,6,2,4
120259413344,5,4,1
111669203297,6,5,1
412813,26,25,1
17180062360,45,33,12
17180140224,48,34,14
17179964001,12,11,1
318274,32,28,4
104680,119,54,65
8590314506,16,15,1
25770164062,10,9,1
8589960156,10,8,2
60129778779,9,7,2
17180026756,4,3,1
42949937027,5,4,1
17179880312,16,15,1
81371,80,29,51
17180294033,7,4,3
137439303005,3,2,1
103079554482,5,4,1
17180060858,20,18,2
25770142661,66,41,25
77309411978,20,12,8
42949847205,15,13,2
17314,125,42,83
180388890742,4,3,1
60129879894,8,6,2
8590211405,8,6,2
60129586773,3,2,1
25769983230,19,13,6
25770098041,15,12,3
8590039455,15,12,3
60129672050,7,4,3
111669521448,8,5,3
42949893005,16,11,5
146028976010,6,5,1
42949727370,5,4,1
42949727373,10,6,4
42949727374,5,4,1
42949727365,7,6,1
180933,43,36,7
370298,34,30,4
197778,46,33,13
68719584320,8,5,3
34359738952,9,7,2
77797,40,35,5
85899546476,6,5,1
42949862924,6,4,2
51539699550,5,4,1
8590071193,17,16,1
17179950102,16,14,2
244556,78,61,17
141847,27,2,25
146029202315,3,2,1
103079297364,9,6,3
25769895736,8,7,1
20524,4,3,1
51539831488,3,2,1
188434,24,16,8
326352,12,11,1
60129647486,12,11,1
8590326657,25,20,5
94489321750,10,9,1
8590206122,20,19,1
60129909820,32,24,8
8590228034,38,29,9
60129841812,3,2,1
42949847754,14,12,2
51539667755,4,3,1
391520,45,36,9
8590045624,14,10,4
380432,5,2,3
42949742892,5,2,3
180388680800,4,3,1
212534,23,18,5
17180307589,19,16,3
212546,22,18,4
133344,33,25,8
8589989277,7,6,1
8590273692,17,12,5
19689,24,23,1
34360146954,11,10,1
124724,7,6,1
124721,14,9,5
34359874688,17,14,3
17180298125,14,13,1
17180138268,25,20,5
8589961914,38,29,9
17179885816,16,13,3
48969,32,21,11
42950088388,6,5,1
8589937550,4,3,1
51540048625,15,8,7
8590322063,26,15,11
56794,42,21,21
70145,40,25,15
88786,20,17,3
51539709372,14,12,2
60129771582,9,8,1
34360059297,5,4,1
25055,18,15,3
17180016052,7,6,1
8589991595,9,8,1
103079218991,10,9,1
60129877198,10,9,1
120259301980,5,4,1
68719899528,10,9,1
17180094149,4,3,1
337615,8,7,1
68719794127,14,13,1
8590181472,43,18,25
34360013147,14,11,3
103079283647,4,3,1
139325,5,3,2
94489326346,4,3,1
9044,15,13,2
44483,8,7,1
8590044688,21,20,1
265418,47,40,7
17180194209,25,22,3
8590155723,29,26,3
409576,14,12,2
51540048562,9,8,1
17179958227,14,12,2
85899613341,7,6,1
8589953263,13,12,1
51539861387,6,5,1
112008,43,33,10
89191,80,55,25
17180011430,13,12,1
68719567551,3,2,1
68719567547,3,2,1
68719567550,6,4,2
68719567548,3,2,1
68719567549,3,2,1
267658,5,4,1
267659,24,19,5
267664,11,7,4
77309770599,6,5,1
120259201371,7,6,1
94489643983,6,5,1
17180007537,11,10,1
8590018377,49,39,10
8590027178,5,4,1
219731,21,20,1
51539834183,4,3,1
34360151314,15,5,10
17180048129,21,20,1
107365,112,68,44
130757,15,14,1
130760,30,23,7
347870,13,12,1
412342,16,5,11
60129948259,5,4,1
94489451631,7,6,1
25770079737,8,7,1
25770079733,15,8,7
51750,14,12,2
34359931963,8,6,2
342236,63,5,58
188978978620,7,5,2
8590031281,42,30,12
8590153288,12,10,2
34359993126,19,18,1
51539719179,6,5,1
8590027373,4,3,1
19897,10,9,1
19895,9,8,1
19899,14,10,4
78164,13,12,1
8590326136,5,4,1
7438,59,31,28
51539620715,17,16,1
51539839928,11,10,1
68719837157,15,14,1
61777,125,71,54
85899767419,5,4,1
25770207072,8,5,3
17179981407,10,7,3
25770095669,26,15,11
42950103134,7,6,1
25769940912,17,15,2
103079361919,8,3,5
68719508361,3,2,1
34360019564,13,12,1
25769948604,8,7,1
43688,71,39,32
25769830999,31,26,5
8590115932,8,7,1
17179875890,9,8,1
17180246039,4,3,1
262867,57,36,21
314128,27,23,4
97486,31,23,8
25769904517,11,9,2
8590267133,18,15,3
51539989314,5,4,1
85899415998,6,5,1
85899646318,5,4,1
165819,11,10,1
8752,94,71,23
8590281298,8,6,2
8590336156,57,21,36
34359966008,5,4,1
103079359307,6,4,2
8590179038,4,3,1
8590179039,6,5,1
180388896374,3,2,1
8590345107,3,2,1
180388896371,3,2,1
54602,38,28,10
8590142687,31,27,4
51539767894,15,14,1
39968,257,122,135
8590160309,7,6,1
34360115179,7,6,1
94489521554,5,4,1
42949967608,12,11,1
130771,35,28,7
65371,415,146,269
17180034822,19,14,5
60129820808,11,9,2
68719753799,6,5,1
77309484990,6,5,1
77309484980,6,5,1
51539628909,5,4,1
51539728249,14,13,1
60129654629,5,4,1
206158439863,3,2,1
42949897709,12,11,1
25769811352,13,10,3
34360122017,17,13,4
42950108450,6,5,1
8590003297,45,32,13
51539839465,5,4,1
17179889514,8,4,4
17180236249,7,6,1
8590220398,22,16,6
25770026075,11,9,2
17179950316,10,8,2
51539895603,9,8,1
8590013564,48,40,8
383233,11,10,1
131781,25,23,2
8590003143,22,20,2
25769889282,33,27,6
17180215842,26,25,1
104393,24,16,8
25769889934,14,13,1
25769889939,10,9,1
25769933682,8,7,1
17180120249,45,41,4
8590098487,11,10,1
128849043037,6,4,2
8590049868,19,15,4
92421,41,25,16
68719622119,18,16,2
232899,234,68,166
306048,29,28,1
17179877159,20,17,3
71311,9,7,2
21830,30,25,5
8590347234,9,8,1
68719846736,6,5,1
8590257618,48,46,2
188978659119,6,5,1
8590349883,54,25,29
140768,32,23,9
25770062198,5,4,1
17179882850,139,111,28
198225,11,10,1
42949971374,9,8,1
22597,13,10,3
22594,11,9,2
8590168088,22,18,4
290860,13,12,1
50205,36,28,8
17180135368,6,5,1
17180023302,40,31,9
8589934831,37,36,1
8590173146,20,14,6
85899773642,4,3,1
17179975211,24,18,6
49341,4,3,1
34359889778,10,9,1
60129880943,3,2,1
60129880944,3,2,1
193874,4,3,1
111669171854,4,3,1
279434,34,24,10
8589973189,33,19,14
25770070615,25,17,8
42949790243,6,5,1
17180283300,10,7,3
42949790237,5,4,1
60129630268,5,3,2
8590194347,8,7,1
361151,38,37,1
25770149406,28,26,2
120259175619,3,2,1
238070,30,23,7
10950,255,99,156
94489400369,7,6,1
127502,18,15,3
94489516569,6,4,2
94237,168,123,45
99826,104,78,26
97299,56,45,11
42949727697,14,9,5
25769971509,15,12,3
60129937467,7,5,2
112818,37,28,9
126709,22,20,2
162276,15,14,1
25770004536,12,10,2
41189,32,28,4
77309599312,5,4,1
396169,7,5,2
277127,36,30,6
104747,34,24,10
34360087985,12,11,1
17180148683,6,5,1
316516,4,3,1
358435,7,5,2
17180091259,11,10,1
51539953158,9,8,1
77309575249,10,6,4
8590290714,20,17,3
345511,20,13,7
56153,17,13,4
103448,8,7,1
186946,148,96,52
25769846277,3,2,1
8590351212,14,12,2
8590351214,15,13,2
111614,4,3,1
111613,4,3,1
85899738172,14,12,2
77309646192,7,6,1
77309571214,13,10,3
99129,45,31,14
17180292857,11,10,1
8590339535,17,14,3
34359942745,8,7,1
8590209645,5,4,1
68719713406,9,8,1
11097,14,10,4
25769966002,42,28,14
94489303990,5,3,2
76929,6,4,2
94489641878,5,4,1
42949685480,7,6,1
17179889939,5,3,2
42949831418,8,7,1
25769871883,32,28,4
42949678532,29,26,3
34359746504,12,10,2
364154,51,34,17
17180031139,18,17,1
174465,33,30,3
51539857464,3,2,1
8590257780,8,7,1
8589971797,4,3,1
235429,21,14,7
171799002076,4,3,1
171799002071,9,5,4
165676,21,12,9
17179998103,16,12,4
8590167297,10,9,1
51539679911,12,8,4
17180030832,11,8,3
17180089226,14,13,1
42949739260,4,3,1
409602,25,23,2
42949673017,13,9,4
53488,10,9,1
405723,4,3,1
25769822220,16,14,2
17179932391,11,9,2
8590007874,28,25,3
60129756175,5,4,1
25769841722,7,5,2
76093,132,98,34
42949876314,7,4,3
27405,18,14,4
111669267647,4,3,1
25769979768,14,13,1
17179930353,65,45,20
8590118788,17,15,2
358890,4,3,1
358889,3,2,1
77309488915,7,6,1
60129813338,8,6,2
25770032762,14,13,1
133319,50,32,18
34360032609,5,4,1
389472,12,5,7
17180230172,4,3,1
17180230169,4,3,1
128849450704,4,2,2
34359944500,8,7,1
146028986075,7,5,2
60129682198,6,5,1
17180042705,6,5,1
8590115331,9,8,1
8589944079,10,6,4
8590255451,5,4,1
94489678294,4,3,1
8590255453,6,5,1
8590255456,6,5,1
8589934625,26,22,4
96319,14,13,1
77309843082,5,4,1
8590209739,17,16,1
11969,28,26,2
11966,16,14,2
229980,46,33,13
8590066419,4,3,1
42949706195,8,6,2
341173,29,13,16
17180047976,18,13,5
17180256829,16,14,2
353006,26,21,5
25769954868,15,13,2
34359930019,6,4,2
8590238930,10,9,1
26579,30,25,5
48331,38,28,10
272317,20,19,1
331930,19,16,3
25770047291,14,11,3
3406,95,23,72
17179914867,22,13,9
111669249805,6,4,2
52077,19,16,3
90789,28,27,1
346184,29,26,3
25770203280,7,6,1
17179874856,43,32,11
324630,63,32,31
17180068801,18,12,6
393074,21,16,5
34359962668,27,20,7
68719516289,3,2,1
77309566724,8,7,1
42950035671,14,9,5
17180306812,54,40,14
25769858666,9,7,2
8590170560,16,15,1
17179871396,3,2,1
8590206573,4,3,1
8590052833,10,9,1
103079329674,5,4,1
8590349097,56,48,8
5077,68,52,16
20414,32,30,2
140664,18,17,1
89105,21,20,1
17180154636,8,7,1
77309826438,3,2,1
60129699179,7,6,1
77309425101,10,6,4
68719789194,5,4,1
17180256385,23,19,4
42949846930,6,5,1
28634,279,169,110
51826,136,18,118
17180013802,13,7,6
388695,5,4,1
388697,5,4,1
8590305246,25,22,3
333510,10,9,1
57936,6,5,1
57927,5,4,1
57932,13,9,4
57931,9,6,3
37424,248,104,144
8589987794,18,17,1
42950023179,9,7,2
34359758075,18,17,1
60129850243,4,3,1
8590219701,7,6,1
94489628209,6,5,1
250051,29,19,10
8590086829,8,7,1
25770221175,17,11,6
94489634665,4,3,1
17179947506,5,3,2
97555,22,14,8
77309609221,3,2,1
150961,60,53,7
51539869685,7,6,1
7353,6,5,1
25770037301,3,2,1
25770037303,5,4,1
25770037306,4,3,1
7352,4,3,1
25770189892,10,6,4
17179940235,4,3,1
129855,95,77,18
94489449845,8,7,1
77309621988,6,5,1
8590227017,36,35,1
41144,10,9,1
42523,17,14,3
31938,23,19,4
8590238891,15,13,2
79085,7,6,1
17180099281,16,15,1
23275,425,160,265
154618950510,5,2,3
25770041135,5,4,1
17180219464,16,11,5
94489414274,3,2,1
8589937908,34,27,7
42950047253,6,5,1
17180037382,16,9,7
8590043025,30,21,9
17180297225,10,8,2
17180281514,32,21,11
8590019820,54,42,12
8589945669,8,7,1
8560,82,62,20
17180037834,48,45,3
60129805454,5,4,1
17180055606,16,15,1
8589985831,26,22,4
17180296836,13,10,3
60129637437,5,4,1
161673,23,20,3
124649,13,12,1
10294,143,76,67
17180196168,7,6,1
137439032100,5,4,1
228120,55,50,5
97921,10,9,1
97919,17,11,6
363142,15,14,1
51539618226,29,28,1
399196,13,9,4
17180014386,16,15,1
350966,14,12,2
8590117099,56,40,16
34359999887,14,11,3
25770143029,24,22,2
8590000195,32,27,5
8589977893,4,3,1
8590264536,5,3,2
95950,35,33,2
51877,106,68,38
17180206150,14,10,4
176291,5,3,2
8590055860,19,15,4
8590180366,13,12,1
111669217432,3,2,1
25770067113,10,9,1
51539672214,4,3,1
25769807397,19,11,8
17180019495,21,15,6
17180019492,3,2,1
99686,21,12,9
8590086208,16,11,5
393271,23,14,9
34359886708,8,6,2
8590332998,5,3,2
347340,16,15,1
284706,46,30,16
140125,15,14,1
146062,30,22,8
275948,20,11,9
17179963826,13,12,1
42949778996,7,6,1
51539755375,8,7,1
51539706076,19,17,2
27670,42,27,15
27677,313,73,240
8590302131,8,6,2
8590302128,3,2,1
103079320945,3,2,1
1579,43,27,16
85899390563,6,5,1
85899390568,7,6,1
8590016936,7,6,1
8590214357,8,7,1
137438978079,5,4,1
111669490851,9,7,2
137828,25,17,8
8589942278,3,2,1
17179895549,3,2,1
17179895548,7,5,2
8590033771,3,2,1
17179870857,6,5,1
120259204622,4,3,1
25770087735,6,5,1
415909,5,4,1
8590247498,12,10,2
8590339786,8,7,1
377881,25,18,7
17180201147,16,14,2
51438,86,45,41
34360108528,6,4,2
85354,95,66,29
8590178402,9,8,1
8590015930,15,14,1
25770061077,9,8,1
17179981666,23,22,1
8590227229,33,30,3
17180201748,11,9,2
137439240785,3,2,1
124866,22,21,1
31199,204,114,90
13484,311,178,133
107894,33,18,15
17180040561,7,6,1
178268,72,26,46
196660,38,30,8
34359962970,15,14,1
218815,20,18,2
94489485968,11,8,3
42949997525,5,3,2
342690,105,40,65
107326,82,62,20
34359830567,3,2,1
8590253301,9,6,3
8590253306,9,7,2
8590253299,7,5,2
8590253302,8,5,3
128849062517,9,8,1
34359967030,18,12,6
51539744763,5,4,1
285393,12,11,1
76897,118,108,10
68719888519,9,8,1
8590229109,24,15,9
65667,12,8,4
42949896526,8,7,1
287732,17,15,2
287726,26,24,2
287733,58,41,17
64106,28,15,13
17180181634,9,8,1
25769878308,9,7,2
25770018369,18,17,1
81090,19,17,2
25770010706,9,8,1
25770010707,4,3,1
25770010703,9,8,1
8590331200,14,11,3
186211,43,33,10
34359759958,7,6,1
214131,46,42,4
25769877109,12,10,2
68719681563,14,13,1
103079556015,4,3,1
154619027704,4,3,1
17179990035,4,3,1
68719581251,4,3,1
174402,13,12,1
51539663215,5,4,1
263866,52,40,12
17180002103,28,20,8
142799,9,8,1
142796,10,8,2
8590281812,12,11,1
175379,12,9,3
68719768082,6,4,2
85899756473,4,3,1
177379,45,40,5
570,41,18,23
34359844240,7,6,1
8590266732,16,11,5
8590254535,6,5,1
8590254531,7,5,2
25770010024,18,15,3
17180158840,10,8,2
42949790741,6,5,1
103079303651,9,6,3
8590334317,16,15,1
42949790844,9,8,1
34359831335,3,2,1
273936,14,9,5
164714,11,9,2
17179930365,28,21,7
25769983508,18,16,2
41944,32,15,17
94489296908,8,7,1
51539930340,11,9,2
321072,17,15,2
295243,131,93,38
8590128820,27,21,6
154618994806,5,3,2
8590109196,31,30,1
8590229381,19,15,4
17179910949,37,26,11
95799,61,50,11
103079401928,11,10,1
34045,71,41,30
346101,12,11,1
242023,16,11,5
51539739195,26,19,7
308670,16,14,2
263747,40,33,7
374388,17,16,1
51540011506,7,6,1
68719609995,6,4,2
42949817582,16,10,6
103079324169,4,2,2
274336,108,67,41
8590019713,63,49,14
17180037011,18,14,4
42950004769,4,3,1
68719488654,5,4,1
81536,176,80,96
17180008438,12,11,1
111669325460,9,8,1
34359823054,22,20,2
374423,6,5,1
42293,44,31,13
17180128624,14,10,4
17180128625,13,11,2
8590331485,13,10,3
109210,18,17,1
17180073243,13,10,3
103079434639,5,4,1
108883,11,10,1
8590148802,14,13,1
17180107499,31,26,5
25770094074,7,2,5
8590138147,21,18,3
8590124126,12,11,1
8590340868,10,9,1
34360032233,12,10,2
8590041730,15,8,7
25769823905,42,33,9
263251,12,6,6
8590314343,7,6,1
34359852160,16,14,2
8589961607,37,36,1
17180008822,16,15,1
8590071717,7,6,1
25770011667,13,11,2
119159,5,4,1
42949911598,14,12,2
80987,14,11,3
337520,22,18,4
360051,15,14,1
8590137020,4,3,1
8590137017,4,3,1
25770230015,11,9,2
340168,13,11,2
215279,49,42,7
25769943148,15,14,1
276904,65,44,21
51539668265,8,7,1
31223,254,36,218
17180299961,9,8,1
42950001272,15,14,1
184288,17,16,1
8590342532,60,46,14
85899415447,4,3,1
137439038899,4,3,1
8590046228,20,18,2
187752,48,30,18
25769915149,8,7,1
68719756171,5,4,1
17180296183,6,5,1
293559,5,4,1
17180243437,9,7,2
17179998316,45,38,7
8589938191,13,12,1
242581,22,19,3
34359992385,9,8,1
19109,245,152,93
9655,148,101,47
172306,19,16,3
8589998621,56,38,18
205250,31,22,9
255320,79,44,35
190107,271,87,184
25769968979,6,5,1
25770141568,21,15,6
34359880076,7,6,1
164977,54,38,16
10896,54,34,20
34360094279,9,7,2
34359955384,26,18,8
25770176406,16,14,2
25770169113,13,11,2
50546,32,24,8
51539959873,7,2,5
34359865309,6,3,3
8590226549,62,54,8
263426,56,44,12
64730,201,139,62
77309721061,7,6,1
212820,30,15,15
266447,142,43,99
22295,62,27,35
60129751057,3,2,1
51539777518,8,7,1
51539777514,3,2,1
155176,75,66,9
137439319522,6,5,1
25770032902,11,10,1
25770020305,16,15,1
8590323504,35,30,5
134269,33,25,8
8589938372,5,3,2
201170,5,3,2
51540005593,20,17,3
384030,5,4,1
384048,5,4,1
60129593838,3,2,1
25770171937,6,5,1
42949877959,11,9,2
42949931754,11,10,1
8590350357,3,2,1
120259414559,5,4,1
17180273684,4,3,1
68093,29,24,5
77309520469,4,3,1
68719811105,6,5,1
8589959091,12,10,2
382731,156,84,72
400580,14,9,5
8590216428,15,13,2
22303,31,22,9
34359897477,6,5,1
68719585265,7,5,2
51539663028,5,4,1
160611,32,20,12
190281,24,19,5
34359750888,6,5,1
8590276034,51,35,16
705,72,59,13
146716,68,51,17
25769968530,7,4,3
392471,40,25,15
66922,25,10,15
85899617695,5,3,2
25769971159,8,6,2
68719871580,5,4,1
42949867245,6,5,1
17179870740,22,12,10
108226,6,4,2
8589938083,9,6,3
42949871550,12,9,3
17180284616,7,6,1
17180218988,35,30,5
189927,12,11,1
17179870783,7,6,1
342820,7,5,2
183629,13,11,2
51539675046,5,4,1
17180234055,11,10,1
8590123302,34,25,9
25770202538,28,21,7
15148,16,15,1
77309475588,7,6,1
34359773714,7,6,1
34359916587,10,8,2
25770120937,23,18,5
260294,19,16,3
10812,13,12,1
34359751169,6,2,4
34359751172,4,2,2
172786,22,18,4
17179932152,7,5,2
54261,89,74,15
17180078113,9,8,1
88840,39,28,11
8590185942,33,24,9
175844,34,31,3
17180122602,13,12,1
17180136475,21,17,4
17180097508,7,6,1
25770049602,9,7,2
25770209857,5,4,1
17180193129,18,15,3
17180186345,10,9,1
94489499460,5,4,1
25770135660,24,19,5
25770213489,13,12,1
247129,28,20,8
8590112345,42,20,22
8590285683,6,4,2
60129594326,16,11,5
34359830739,14,11,3
36755,11,9,2
25770127049,6,5,1
83620,34,11,23
85012,16,10,6
42949700909,8,7,1
94489480889,3,2,1
8590005024,5,4,1
143252,20,15,5
42949795613,11,8,3
17180237376,9,8,1
25770111320,15,13,2
8590342131,10,9,1
85899478734,7,6,1
188978959942,6,4,2
8590324418,11,9,2
11386,32,24,8
10324,116,92,24
24660,23,20,3
25769918461,36,29,7
35367,15,13,2
205800,122,81,41
34360159382,3,2,1
154619013683,4,3,1
274412,29,23,6
8590088162,23,20,3
80968,9,8,1
35457,34,33,1
67959,13,11,2
276236,8,6,2
72118,44,40,4
13309,41,36,5
25769870435,14,13,1
205027,6,5,1
103079606228,6,5,1
8589960860,21,19,2
358797,10,9,1
8590252975,16,15,1
34359884259,4,3,1
128849166343,5,4,1
8590207000,27,26,1
111415,31,22,9
184004,11,9,2
94489372053,3,2,1
397902,12,11,1
17179870496,7,4,3
313124,33,21,12
51539759627,17,15,2
17180083279,15,14,1
150190,6,5,1
94489414680,3,2,1
85899441539,7,6,1
8590267138,14,13,1
68719804909,16,14,2
25769889263,7,6,1
8590156391,14,13,1
57893,13,10,3
77309514579,7,5,2
214904,20,19,1
411739,70,66,4
60129940524,10,9,1
60129940525,6,5,1
17180053909,8,5,3
117792,23,21,2
85899473623,4,3,1
68719887943,4,3,1
17428,25,24,1
85899448578,5,4,1
42949681860,4,3,1
77309720557,3,2,1
8590136186,22,17,5
34359895535,3,2,1
103079506102,3,2,1
276076,33,21,12
64839,79,64,15
289922,29,24,5
51539664326,6,5,1
197568606348,3,2,1
51539664324,9,7,2
8590044256,15,12,3
381679,99,23,76
42949970288,18,13,5
29347,87,69,18
42949738086,11,10,1
68719804120,19,11,8
8590074479,16,12,4
402992,17,16,1
25769921553,5,4,1
8590246761,13,11,2
25769932662,4,3,1
138256,5,3,2
138255,5,3,2
138254,4,2,2
8589985892,8,7,1
398632,9,7,2
68719859158,5,4,1
238476,28,26,2
393676,69,51,18
77309449013,13,9,4
25770164435,3,2,1
25770164434,5,3,2
8590188112,58,42,16
60129618970,9,5,4
222721,8,6,2
8590037544,14,9,5
42950062276,10,9,1
8590223083,20,10,10
34360018632,11,9,2
34360018628,8,7,1
34360018634,6,5,1
8590114479,5,4,1
137439262057,3,2,1
25770086476,29,28,1
8590193512,11,10,1
25770060229,3,2,1
34360112164,27,19,8
8590303185,14,9,5
206455,60,43,17
42949768572,12,11,1
111669191160,6,5,1
84802,21,16,5
34360149270,6,5,1
8590241575,12,11,1
8590241567,13,12,1
8589949853,18,13,5
17180213162,11,10,1
8590241572,13,12,1
34360108194,3,2,1
8590078006,52,27,25
51539858729,8,7,1
17180239650,8,7,1
8590009340,25,21,4
8590116773,27,24,3
42949757906,3,2,1
8590116593,30,17,13
8590292487,30,19,11
8590265719,21,12,9
34360143564,3,2,1
305322,17,16,1
305323,19,18,1
17180031822,13,12,1
104927,13,12,1
8590023185,37,30,7
2825,152,85,67
42949776260,12,9,3
17179926914,10,8,2
42949727753,4,3,1
34359917949,14,12,2
293584,56,54,2
34359761701,7,6,1
34359761703,14,12,2
34359761702,7,6,1
211333,10,9,1
34360082755,3,2,1
17481,168,106,62
94489527907,6,5,1
42949801688,7,6,1
22806,62,34,28
77309819515,17,15,2
17180040055,7,6,1
112145,55,31,24
305007,8,7,1
103079604604,5,4,1
103079604606,6,5,1
34359968088,12,9,3
154619158380,6,5,1
275557,5,4,1
124957,10,9,1
112836,11,10,1
8590096561,34,33,1
77309607329,10,9,1
81291,15,13,2
163208824899,6,5,1
8589964104,21,20,1
34359793559,21,14,7
8590270742,18,10,8
125967,56,18,38
77309736392,11,8,3
25769998562,20,19,1
8590272272,7,6,1
2468,68,51,17
348316,5,4,1
86717,6,5,1
47778,7,6,1
94489377589,3,2,1
42949702204,4,3,1
77309599697,7,5,2
8590092721,42,21,21
15729,148,71,77
17179997207,27,25,2
36788,42,35,7
8590058088,21,18,3
8590058093,7,6,1
206158643461,5,4,1
94489397345,3,2,1
120259151965,5,4,1
8589991851,25,23,2
85426,16,15,1
17179939168,7,6,1
175931,7,6,1
8589964487,46,32,14
17180081276,16,15,1
96748,41,32,9
57072,18,12,6
361416,5,4,1
301852,60,44,16
60129867597,6,5,1
182342,25,21,4
34359887630,10,9,1
320150,45,29,16
337055,16,13,3
48277,69,27,42
323996,19,16,3
34359809623,9,6,3
60129551854,10,9,1
17180270046,8,7,1
146028954168,8,6,2
8590309883,5,4,1
362415,41,34,7
25770067733,4,3,1
79727,66,53,13
8590289628,17,10,7
17180226678,10,9,1
68719559447,17,14,3
25770207461,24,19,5
17179992966,48,19,29
12416,115,31,84
25770163792,22,17,5
12424,14,13,1
184563,27,21,6
8590200676,42,37,5
270829,19,14,5
110078,122,74,48
210829,67,58,9
42950010607,5,4,1
77309491368,11,9,2
34360008412,11,10,1
8590028977,13,11,2
17180067840,15,14,1
207092,35,22,13
25770116533,6,5,1
42949797851,4,2,2
206961,32,20,12
241007,77,43,34
241009,36,25,11
8590310131,5,4,1
8590083406,7,6,1
17180269375,19,18,1
8590113448,35,25,10
25770066859,4,3,1
34359797347,15,14,1
111669294039,5,4,1
266288023559,3,2,1
8590112581,15,12,3
34359752111,23,21,2
51540031714,8,7,1
17179999480,17,15,2
214485,22,11,11
120259452299,9,6,3
8590104477,12,11,1
25770055490,23,13,10
321460,14,11,3
77309442131,5,4,1
68719547828,3,2,1
8590285883,22,16,6
17180239182,19,16,3
188978721574,3,2,1
137439324371,3,2,1
137439243559,3,2,1
311968,11,7,4
311969,7,5,2
25770125113,25,19,6
8589961736,25,22,3
89863,5,4,1
106008,51,43,8
264993,12,11,1
197568629986,6,5,1
120259449305,8,6,2
8590270368,18,17,1
8590112458,12,11,1
8590363222,6,5,1
8590356687,22,18,4
94489332564,6,5,1
334896,54,40,14
8590220015,10,9,1
8590005918,25,9,16
383580,133,78,55
42949780026,13,9,4
17180073648,5,4,1
34359962709,7,5,2
8590141764,10,9,1
25769968405,12,10,2
51539810545,4,3,1
25770224380,20,17,3
356057,10,9,1
42949709775,11,10,1
110661,32,20,12
296856,27,22,5
51539782017,15,11,4
8590025727,29,19,10
25770153035,19,17,2
8589936571,10,9,1
8590232695,8,5,3
17179932905,19,13,6
68719613546,6,5,1
34359745750,18,15,3
421903,4,3,1
298248,10,9,1
129775,64,22,42
178277,8,7,1
60129786241,6,5,1
8590377345,27,26,1
17180056119,12,7,5
42949786334,9,7,2
77309443985,4,3,1
42949786338,12,9,3
25770031800,27,20,7
218216,16,13,3
242472,12,10,2
314240,28,22,6
8590274181,51,47,4
331863,14,9,5
76951,22,20,2
34359893760,13,11,2
128849324481,6,5,1
8590216345,14,12,2
261899,25,18,7
8590333316,24,19,5
95678,16,13,3
25770241200,16,11,5
8590315946,11,9,2
119271,96,50,46
8590109862,3,2,1
178572,3,2,1
8590356818,29,24,5
8590044918,7,4,3
158951,22,21,1
34359809338,16,15,1
7498,253,144,109
60129767715,7,6,1
193445,22,11,11
8590072585,21,18,3
8589964540,62,44,18
17179894453,7,6,1
288378,16,13,3
25769962042,6,5,1
40377,31,27,4
291823,13,12,1
120259399436,4,3,1
25770215970,10,2,8
25770215969,6,2,4
25769825190,14,13,1
154618968253,11,10,1
34360024073,28,21,7
42363,255,127,128
34359987777,10,9,1
8590133664,18,16,2
25769916057,17,15,2
152759,7,6,1
51539983167,7,5,2
25770007742,6,5,1
84245,6,5,1
84249,4,3,1
103230,64,55,9
8590187556,27,22,5
206177,11,9,2
15380,329,162,167
327080,11,9,2
34359933431,9,7,2
68719680488,7,6,1
51539804352,7,6,1
337466,10,8,2
17180094229,8,6,2
17180094223,21,15,6
17180226649,11,4,7
17180226645,8,5,3
25770219160,6,5,1
8590171114,30,28,2
103079259868,10,7,3
137439076143,3,2,1
24605,70,7,63
286747,10,7,3
25770122875,14,11,3
8590257312,15,9,6
25770122874,4,3,1
286745,9,7,2
286756,5,4,1
249572,10,9,1
280828,27,17,10
34360128713,7,6,1
168096,9,8,1
8590108181,18,15,3
8589971378,17,14,3
23064,100,39,61
8590229361,11,10,1
179194,45,30,15
154619187290,7,5,2
120259434100,6,5,1
1471,25,16,9
25770039380,18,16,2
1469,17,16,1
42949908843,11,10,1
137439181711,5,4,1
8590162307,40,32,8
150606,77,50,27
17179965135,15,13,2
232453,9,8,1
61955,45,17,28
51539660271,5,4,1
111669261667,4,3,1
249108441093,4,2,2
36507,94,66,28
25770106734,7,6,1
127909,93,59,34
17179958916,14,11,3
8590134482,10,7,3
103079617310,4,2,2
384371,37,35,2
205060,9,6,3
108452,20,11,9
34359800970,15,13,2
8589952520,19,11,8
144180,10,7,3
257976,18,13,5
25769942437,6,5,1
94489641494,4,3,1
8590191869,7,6,1
17179926156,17,15,2
160673,13,11,2
96855,23,20,3
68719873930,6,5,1
42949928620,9,6,3
94489697331,5,4,1
58222,19,14,5
42949876088,10,9,1
60129660310,7,5,2
68719594302,9,7,2
359674,15,11,4
8590354184,17,16,1
34359777509,6,5,1
34359929256,14,13,1
25769913220,66,46,20
184649,59,57,2
25770022983,10,8,2
8590355953,7,6,1
132811,18,10,8
8590352316,9,7,2
17179911039,29,15,14
34360131273,10,9,1
68719736778,9,8,1
17179948901,14,13,1
8590239015,22,17,5
51539911338,6,5,1
118748,57,18,39
42950057515,5,4,1
68719746179,4,3,1
68719725621,8,7,1
85899460667,6,5,1
235148,25,21,4
103079504460,13,9,4
8589952150,6,5,1
8590190262,33,28,5
25769835802,8,7,1
8590293200,9,8,1
8590355034,6,5,1
8590355031,7,5,2
8590355036,7,6,1
94489656513,5,4,1
8590355033,11,10,1
235771,13,11,2
62955,64,52,12
17180155612,76,61,15
133257,71,61,10
146029125062,3,2,1
88839,45,18,27
8589994211,142,82,60
137438994893,8,7,1
123820,47,39,8
77309558347,16,11,5
42949798746,10,8,2
85899779828,8,6,2
8590050099,15,13,2
19381,22,19,3
17179932063,38,32,6
8589995324,11,9,2
238721,47,28,19
42949754425,7,6,1
8590053806,7,6,1
8590053805,4,3,1
25769885288,14,12,2
103079555876,6,4,2
211338,65,49,16
8589968464,16,15,1
25770181853,6,5,1
34359969361,13,11,2
42950025165,3,2,1
17179872820,7,6,1
34359860786,19,18,1
34360154061,19,18,1
254156,8,7,1
85899543533,3,2,1
25770084999,17,14,3
25770085003,21,14,7
8590365938,7,6,1
53366,73,17,56
8590271088,19,18,1
42949889515,30,22,8
226127,86,60,26
8590062788,11,8,3
17180192765,18,14,4
278916,22,18,4
55021,31,24,7
8589978247,37,24,13
163188,20,16,4
8590046429,9,7,2
8590221738,7,6,1
168755,39,34,5
300050,20,16,4
77309778588,5,3,2
60129671526,8,7,1
34359866088,14,10,4
130391,54,37,17
25769995576,7,6,1
373580,12,9,3
17180040012,10,8,2
220941,5,4,1
25770192149,11,8,3
8590074246,9,8,1
8590077742,24,23,1
17180205897,4,3,1
181231,5,3,2
25770026710,5,3,2
42949854487,5,4,1
42949692458,6,5,1
35410,39,29,10
25769820701,12,11,1
225430,13,12,1
48146,8,7,1
51539718626,5,4,1
8590064882,40,32,8
8590306329,11,9,2
34360149279,16,15,1
8590133590,12,11,1
17179985272,15,13,2
324232,24,22,2
243151,28,21,7
103079610216,3,2,1
34359891139,21,12,9
34359891136,10,8,2
34359891140,12,10,2
1071,111,35,76
73321,23,19,4
8590063119,12,11,1
279570,40,21,19
8590296341,4,3,1
229,235,42,193
94489372979,6,4,2
32926,27,23,4
34360027929,13,12,1
249128,6,5,1
8589941662,23,15,8
3353,19,15,4
17179889443,27,24,3
17179894706,30,28,2
224959,72,59,13
17180148802,14,12,2
85899551018,6,4,2
67409,21,19,2
25770071335,6,5,1
41717,10,8,2
60129930211,6,5,1
17180108928,29,26,3
68719797443,6,5,1
8590218194,45,43,2
182843,23,21,2
42949926017,4,3,1
192656,14,8,6
227325,91,34,57
8589959420,36,18,18
42949699489,31,22,9
8589959415,8,6,2
42949693894,10,9,1
42949915974,11,9,2
17179891560,13,11,2
708,16,14,2
422961,19,14,5
42949689971,5,4,1
25770115002,20,19,1
25769927354,13,11,2
128849283410,7,6,1
83801,52,38,14
25770135704,5,4,1
8590177587,10,8,2
128098,5,4,1
128097,21,15,6
128849101273,4,3,1
25770109458,6,4,2
388581,8,6,2
8589975436,3,2,1
8590268066,8,7,1
17180196496,16,15,1
17180196494,8,7,1
8589973798,17,11,6
8589993848,35,24,11
214666,31,18,13
214673,14,12,2
8590107294,16,13,3
17180050099,31,21,10
154791,41,30,11
8590148348,8,7,1
30488,63,23,40
154618962058,4,2,2
34359779740,3,2,1
8590273402,7,6,1
8590228570,9,7,2
85899584860,6,5,1
17180125136,14,13,1
300287,18,16,2
257684,46,43,3
111669243249,5,4,1
111669243247,5,4,1
25770090977,6,5,1
51539685577,5,3,2
51539685579,6,5,1
77309728220,5,4,1
322234,30,20,10
17179927072,38,37,1
116757,30,24,6
17180275580,19,16,3
17180107529,8,7,1
34359800857,12,11,1
17180252012,20,18,2
8590117875,8,7,1
8590206124,9,8,1
165681,12,7,5
170044,36,13,23
165684,8,6,2
25769904210,5,4,1
154924,13,11,2
60129600697,12,11,1
124656,7,6,1
35874,122,76,46
220404,43,35,8
277122,70,54,16
34360137915,11,9,2
245527,4,3,1
42949683762,10,9,1
130041,15,14,1
17180157443,7,6,1
17180287438,9,7,2
111669168884,6,5,1
8590234133,26,21,5
42949960793,7,6,1
85899743056,9,8,1
103079371165,9,7,2
42949965832,3,2,1
8590058114,11,10,1
8590058111,23,16,7
188174,30,26,4
60129789200,12,8,4
8590371755,7,6,1
25769899818,21,20,1
8590190972,17,16,1
411863,6,5,1
29105,32,26,6
51539705390,10,9,1
268768,28,24,4
328816,28,15,13
51540004107,7,6,1
51540004100,7,6,1
17180005208,6,5,1
260026,28,24,4
42950088548,8,7,1
85899351561,5,4,1
108628,11,10,1
146029036779,7,5,2
8590172988,12,8,4
17180056022,7,6,1
8590172994,21,8,13
33599,42,31,11
51539884611,5,4,1
17180040934,14,8,6
17180040919,5,4,1
8590052585,29,24,5
17179996336,13,11,2
42949740875,15,10,5
335570,14,7,7
8590082934,8,5,3
25769832140,10,9,1
339524,13,12,1
395098,13,12,1
8589968446,23,21,2
8590153897,15,13,2
111669172681,6,5,1
8589966922,10,9,1
242658,3,2,1
8590247517,12,10,2
17179914399,12,10,2
17180034988,14,11,3
8590083095,21,18,3
60129889164,8,7,1
17180267851,15,12,3
17179910275,8,7,1
39577,8,7,1
17179910272,8,7,1
301004,8,7,1
154044,27,9,18
51540006589,6,4,2
137438986170,6,5,1
128734,149,81,68
8589995217,27,17,10
34359760948,18,14,4
297456,49,26,23
60129838347,5,4,1
373152,47,30,17
17180120960,3,2,1
94489439749,5,3,2
103079612769,5,4,1
42949720034,8,5,3
17180006184,15,14,1
163209173886,7,6,1
352020,19,17,2
240808,41,33,8
180912,24,22,2
395525,24,19,5
8589970313,7,6,1
25769997126,28,23,5
420912,40,30,10
60129928266,16,14,2
8589973491,23,15,8
4344,8,7,1
8590265123,13,12,1
8590042881,14,13,1
317456,6,5,1
60129847511,10,9,1
306687,11,10,1
17180305306,24,20,4
8590026745,12,11,1
107749,4,3,1
25770161001,13,9,4
60129616585,9,7,2
8589961803,12,11,1
318456,30,29,1
415707,12,11,1
17180166306,13,9,4
25770123713,8,6,2
8590257587,12,11,1
8589983565,10,9,1
42949736778,13,12,1
34359826103,10,9,1
8589983571,64,26,38
51540000933,33,31,2
17180297680,16,13,3
298114,9,8,1
172153,8,7,1
298121,10,9,1
17180167909,10,7,3
68719536714,5,3,2
17179962333,11,9,2
51539916727,9,7,2
353802,14,7,7
51539697106,11,10,1
96838,12,11,1
34360131590,5,4,1
25769977352,12,10,2
198649,14,13,1
8590130096,27,20,7
331339,7,4,3
17180016792,41,33,8
42949901537,12,11,1
34360147175,22,14,8
34872,47,42,5
349047,8,7,1
8589963348,20,15,5
38912,212,80,132
187974,16,14,2
28380,18,7,11
17180059676,26,24,2
243685,44,34,10
163208953113,4,3,1
201641,24,14,10
419016,19,15,4
8590016497,17,15,2
145885,32,29,3
17179946739,10,9,1
17180016574,14,10,4
289278,10,9,1
22099,21,11,10
51539913851,12,11,1
8590240962,7,6,1
17180067174,10,9,1
350000,8,6,2
349996,24,18,6
342551,9,8,1
163209032949,4,3,1
17180054261,21,16,5
77309488370,3,2,1
34359993964,10,9,1
8590310571,6,5,1
111669210638,9,7,2
8590205143,16,12,4
69487,12,8,4
8590014559,8,4,4
17180278291,8,6,2
8589937306,24,22,2
17180036250,11,10,1
10568,24,21,3
103079542788,6,5,1
103079517173,19,15,4
8590091356,28,23,5
34359904915,13,12,1
220367,22,19,3
25769962273,39,34,5
8590068628,46,43,3
8590066889,14,12,2
47836,12,9,3
17179929129,22,19,3
169730,11,9,2
25770032078,6,5,1
25770129227,7,6,1
42949990762,5,3,2
111669189370,7,5,2
17180244389,23,20,3
400239,14,10,4
25769982961,9,8,1
17179934694,12,9,3
60129933162,12,10,2
17180307613,20,16,4
8590317976,19,7,12
8589988757,74,58,16
42949899696,7,6,1
17180119715,30,26,4
17180119711,16,15,1
34360013366,8,7,1
17179890577,6,5,1
17180124392,12,10,2
25770122648,12,8,4
111669581504,6,3,3
17179991988,5,4,1
154619016925,7,5,2
8590173399,32,26,6
8590075906,11,9,2
157031,52,43,9
25770072069,15,14,1
17180065484,11,10,1
157532,85,61,24
249859,48,41,7
34360053796,3,2,1
17180130299,9,8,1
243871,111,2,109
128849239349,3,2,1
34360091975,15,2,13
60129618527,9,2,7
324291,38,35,3
51539903468,7,6,1
94489305725,3,2,1
17180176219,3,2,1
120259165173,7,6,1
25770065613,17,11,6
51539653803,7,6,1
169335,36,33,3
111669249114,6,4,2
68719538322,6,5,1
17179887889,10,7,3
34359802570,10,9,1
17180153746,6,5,1
34359783530,8,6,2
60129596327,8,5,3
63954,6,5,1
120259324101,6,5,1
25769897403,4,2,2
25769897406,9,2,7
218149,7,5,2
8590072682,26,24,2
219419,47,38,9
145584,31,28,3
17180053395,4,3,1
62101,14,13,1
347564,17,11,6
68719899525,9,7,2
8590273674,11,9,2
387264,27,26,1
113714,76,56,20
189599,62,43,19
17179995166,19,17,2
68719718585,9,7,2
60129703014,4,3,1
42949994272,9,7,2
8590000245,7,6,1
8590000236,9,8,1
34360029155,18,15,3
42949814121,9,8,1
25769910070,26,20,6
25770189664,19,15,4
28188,16,15,1
8590219376,22,19,3
34359909132,8,7,1
129765,9,7,2
17179883457,13,12,1
60129752121,7,5,2
17179892287,22,21,1
17180054037,13,12,1
17180054035,17,16,1
17180091384,7,4,3
17180091380,15,14,1
77309825170,4,3,1
17179875788,32,20,12
46405,16,13,3
102752,253,111,142
160154,9,8,1
25770024378,12,2,10
228256,18,17,1
407845,20,18,2
8590193068,7,2,5
24190,10,2,8
8590193064,14,5,9
8590193065,4,2,2
34359806739,12,11,1
17179933086,9,8,1
96796,50,42,8
73534,38,31,7
8590025466,8,6,2
17180085330,46,26,20
103079321115,9,8,1
274941,26,18,8
150608,162,97,65
8590287838,19,16,3
42949807138,13,12,1
17180248494,31,23,8
42949789100,10,7,3
169007,119,22,97
42949789102,6,3,3
8590018971,8,5,3
42949789093,4,3,1
8590018973,11,6,5
60129926879,9,7,2
17180173576,12,9,3
51539645722,5,4,1
22503,15,10,5
34360159814,26,23,3
8590289096,33,29,4
25770080726,6,5,1
47063,12,9,3
25769854357,32,28,4
17180077188,29,23,6
111669460108,5,4,1
8590338803,10,9,1
34359960545,10,9,1
8590349729,23,18,5
8590136306,88,38,50
25769925995,39,38,1
25770027866,7,6,1
17179893273,26,22,4
8590347544,17,10,7
25769830007,28,23,5
200309,19,18,1
42949929113,10,9,1
197568748936,5,4,1
42949829611,13,12,1
103079260092,4,3,1
234456,31,24,7
298324,8,6,2
25769900364,20,19,1
253187,52,45,7
51539759884,3,2,1
94489314280,12,11,1
8590253969,11,10,1
154413,17,15,2
154412,19,14,5
146029303894,6,5,1
146029303887,5,4,1
146029303889,6,5,1
111669202817,6,5,1
54703,12,7,5
25770152556,3,2,1
145496,9,7,2
8590025989,32,25,7
8590025992,8,7,1
25770238468,14,12,2
8589966762,15,13,2
89686,16,13,3
17180082106,12,9,3
187796,35,19,16
8590380292,6,4,2
208858,10,7,3
8590142300,31,25,6
77309584705,12,11,1
120259467751,6,5,1
8590310682,17,15,2
111669452064,5,4,1
77309716860,5,4,1
8589986589,7,6,1
77309653302,12,8,4
25770162225,16,15,1
17180081854,7,6,1
214748749451,5,4,1
17179906816,12,9,3
146028915999,4,3,1
17179956164,17,16,1
17180164566,14,13,1
34360080309,6,4,2
163160,34,33,1
72985,8,7,1
117861,22,19,3
15111,7,6,1
74507,127,66,61
17180186797,37,31,6
51539711307,19,14,5
17179990650,6,4,2
8590251810,14,10,4
8590323313,47,32,15
51540029181,8,7,1
68719558022,11,10,1
25770020099,6,5,1
377721,61,44,17
120259448182,3,2,1
17179955881,22,19,3
10772,4,3,1
17179966108,25,21,4
34359785645,35,19,16
272304,7,6,1
77309704365,3,2,1
17180294372,9,8,1
17180136234,22,20,2
25769915267,11,10,1
25770168548,8,6,2
34359807140,10,7,3
25770168547,8,6,2
25770086015,13,12,1
17180299317,25,17,8
8590368095,18,11,7
39895,70,25,45
350186,36,18,18
68719774527,3,2,1
60129620786,5,4,1
8590168870,17,12,5
116223,12,11,1
51644,58,30,28
51649,11,7,4
85899378888,5,4,1
17180005311,20,19,1
109374,29,24,5
77309555112,6,5,1
60129655235,6,5,1
42949761837,5,4,1
204573,25,18,7
188978984245,4,3,1
128849401057,6,5,1
8590305813,20,19,1
8589950199,147,43,104
104752,27,18,9
305203,9,7,2
8590041233,22,21,1
8590289478,14,13,1
103079541009,8,6,2
146028916974,3,2,1
81312,9,8,1
17180147741,15,13,2
17180147743,45,36,9
77309670508,12,11,1
209227,26,13,13
209221,25,14,11
209235,16,11,5
8388,330,140,190
8590332971,12,10,2
180388841716,3,2,1
25770082823,7,6,1
77309509988,8,6,2
32502,278,111,167
8589959365,18,13,5
34360117972,11,8,3
17180031862,42,16,26
17180049026,33,29,4
34359945293,8,7,1
300307,17,16,1
77309790148,9,6,3
111669513976,4,3,1
8589938654,20,15,5
8590287768,8,6,2
8590287767,12,8,4
9761,131,38,93
246668,40,21,19
249976,30,26,4
68719803385,8,7,1
153647,38,34,4
376193,18,16,2
42949750260,21,12,9
137439370565,3,2,1
94489311669,3,2,1
139882,19,13,6
25769806505,7,6,1
119084,44,22,22
25769806506,6,5,1
242746,74,34,40
402227,5,4,1
402229,7,6,1
25769833990,6,5,1
51539994942,5,4,1
34360017766,4,3,1
34360017764,9,7,2
51539994940,4,3,1
94489713581,10,8,2
8590199770,27,22,5
60129567007,18,16,2
60129823824,10,8,2
85899445240,11,10,1
94345,26,16,10
354578,52,19,33
85899690557,3,2,1
87032,33,30,3
8590198570,36,32,4
276145,13,12,1
191607,6,4,2
8590066739,30,25,5
17756,142,96,46
8589951602,23,22,1
8590200332,7,6,1
8590196418,19,17,2
94489595058,3,2,1
17179914934,3,2,1
85899604836,3,2,1
42950114273,3,2,1
85899604841,3,2,1
256952,8,7,1
17180023802,8,7,1
8590285477,9,7,2
17179946154,9,8,1
17179946157,8,7,1
17179969113,16,15,1
8590111203,16,13,3
85899710031,3,2,1
17180230870,11,9,2
8590124329,9,8,1
381989,13,12,1
268298,35,25,10
25769843940,64,29,35
25769821991,21,17,4
224817,8,7,1
224815,3,2,1
224816,8,6,2
25769892361,8,7,1
17180140907,40,18,22
51539837324,7,6,1
94723,81,74,7
34359971352,16,14,2
17179960470,9,8,1
60129824927,7,6,1
17180209698,5,4,1
128849050182,4,3,1
17180209695,12,11,1
390688,8,5,3
36591,54,28,26
135250,31,22,9
180388760479,6,5,1
103079410780,5,3,2
25769878547,14,12,2
337479,16,14,2
171798884992,3,2,1
409710,7,6,1
8590088470,7,6,1
8590354488,78,59,19
42950023046,8,6,2
17180235620,20,13,7
34360122339,20,19,1
8590154783,18,17,1
345232,28,26,2
8590356157,18,17,1
8590113975,5,4,1
8590083243,14,13,1
25770065887,6,5,1
25770065886,8,5,3
17180166604,15,12,3
17180270591,18,8,10
8589953396,17,16,1
77309476489,5,2,3
77309476488,15,2,13
77309476491,5,2,3
10027,14,12,2
60129877296,14,13,1
154618994020,4,3,1
8590154824,10,6,4
42949941700,3,2,1
11925,11,8,3
11931,12,9,3
51539758816,6,4,2
264076,40,24,16
184434,9,8,1
25770182422,6,5,1
184426,30,19,11
8590073512,10,7,3
25770244866,7,5,2
8589944472,124,62,62
8590058764,22,15,7
17180161479,49,27,22
34359844976,7,6,1
68719702221,18,17,1
112304,79,60,19
97701,111,90,21
26265,25,24,1
42437,21,19,2
25770114017,27,23,4
224878,13,11,2
17179914368,14,11,3
202666,41,23,18
68719712135,13,8,5
8590072080,14,11,3
8590068784,35,34,1
65678,4,3,1
205152,78,61,17
25770076646,8,7,1
8589947864,7,5,2
17180234026,7,6,1
17180234023,7,6,1
253451,12,11,1
128901,29,26,3
42949887326,9,7,2
51540003112,10,7,3
163208769287,3,2,1
203919,10,8,2
25769829766,26,17,9
91961,48,25,23
354479,7,5,2
142443,9,6,3
60129563838,8,7,1
8590079676,21,16,5
137439153041,7,6,1
34359818431,12,10,2
8589951140,30,21,9
17180250567,17,16,1
8590319731,7,5,2
25769956757,30,28,2
34359906332,8,7,1
33870,7,5,2
260510,3,2,1
260505,3,2,1
260504,3,2,1
260508,4,3,1
260512,5,4,1
17180269555,13,12,1
107634,37,31,6
8589982113,6,5,1
103399,8,7,1
8590186569,17,16,1
51539816881,9,7,2
42949868275,5,4,1
8590186910,9,8,1
34360053406,18,17,1
17180152100,3,2,1
68719813172,3,2,1
68719533093,8,7,1
67627,26,13,13
97937,10,8,2
137439313472,4,2,2
17180229500,8,6,2
77309850568,3,2,1
86527,17,10,7
111669536072,3,2,1
8590193951,37,27,10
8590107437,6,5,1
120259202809,3,2,1
17180275120,14,12,2
8590157927,9,7,2
103079216047,19,17,2
120259114415,3,2,1
8590156584,11,9,2
68719493429,8,7,1
8590289540,8,7,1
17179970883,3,2,1
92785,126,52,74
95483,18,10,8
37731,10,9,1
42949786172,9,8,1
111669329461,5,4,1
42949786179,8,7,1
85899739277,6,5,1
51539908579,3,2,1
249108470492,3,2,1
42949994811,14,13,1
25769916063,10,7,3
25769916060,10,8,2
106551,44,33,11
193002,42,36,6
17180154680,30,20,10
8590341766,16,15,1
160275,24,17,7
324241,18,14,4
17180128837,16,15,1
17180282784,7,6,1
8590233540,10,9,1
17179987453,5,3,2
128849022933,5,3,2
25769890115,5,4,1
374764,4,3,1
8590103191,10,7,3
8590306799,12,10,2
8590306800,7,6,1
42950107118,13,12,1
109725,72,65,7
42950103478,9,8,1
77309437797,7,6,1
17180280499,7,6,1
77309437799,8,6,2
30992,102,21,81
51540051135,9,7,2
17180175543,9,8,1
387706,7,5,2
42949682438,10,9,1
23620,32,27,5
34360000849,7,6,1
68719842593,6,5,1
137439261756,4,3,1
17180095166,13,11,2
17180163081,5,4,1
149508,98,73,25
21468,28,24,4
399531,9,8,1
138115,14,12,2
58746,17,15,2
8590057499,22,21,1
272883,28,25,3
8590116534,94,54,40
8590272839,23,21,2
17180201888,10,8,2
51986,171,91,80
154618996476,4,3,1
13939,15,12,3
8589962134,9,7,2
8589962136,10,8,2
8589962135,10,9,1
85899361380,6,5,1
360239,33,21,12
17179971817,4,3,1
17179971816,3,2,1
8590107786,24,21,3
34359913485,7,5,2
17180224121,18,17,1
145249,49,41,8
310663,48,43,5
77309780129,4,3,1
75577,9,7,2
25770158295,23,20,3
25770158294,3,2,1
42949799575,4,3,1
94489419185,4,3,1
8590048151,5,4,1
23345,12,10,2
51539856337,6,5,1
51539718258,17,11,6
25770100616,9,6,3
183874,13,12,1
223338703180,5,4,1
223338431717,5,4,1
8590104339,17,14,3
399294,8,7,1
17180122632,5,3,2
8590328742,9,6,3
42949774733,3,2,1
415023,29,22,7
8590304430,15,14,1
173286,28,22,6
315010,21,16,5
42949972497,11,10,1
86267,7,6,1
131320,19,18,1
8590038514,22,14,8
17180153446,8,7,1
255309,7,5,2
34359845512,10,9,1
25770015122,9,8,1
25770123621,6,4,2
25770193604,5,3,2
25770193602,3,2,1
8590177818,13,12,1
25770064008,22,14,8
8590234305,4,3,1
8590256398,29,25,4
400116,28,20,8
417585,16,15,1
25769879365,14,12,2
25769879363,15,14,1
60129958963,3,2,1
8590061251,26,11,15
120259296398,3,2,1
17179989682,9,8,1
60129768762,12,11,1
105216,43,35,8
8590352720,43,36,7
34360065360,4,3,1
85899643942,14,12,2
17179972533,14,13,1
17180149576,17,16,1
8590101428,5,4,1
17179967025,20,17,3
8590147318,19,18,1
42949708956,3,2,1
25769876570,3,2,1
300695,37,21,16
306384,13,12,1
60129598055,9,8,1
42949688631,12,8,4
195357,17,15,2
17180254523,18,12,6
379394,13,9,4
34359928118,14,11,3
214748689070,6,5,1
60129853148,4,3,1
94489544579,3,2,1
34360025702,8,5,3
8590072284,17,16,1
60129671037,6,5,1
17180218431,13,12,1
17180218113,8,7,1
17180072863,7,6,1
34360040734,4,3,1
8590167548,20,18,2
68746,12,11,1
68743,14,11,3
17179882858,42,30,12
17180115291,4,3,1
184277,26,25,1
51539650085,11,10,1
122360,61,57,4
94489643507,5,4,1
360110,16,15,1
8589987347,22,21,1
25770242573,11,10,1
8590283076,13,12,1
8590202502,9,8,1
42949706746,12,11,1
42949919704,5,4,1
85899473185,5,4,1
8590283887,23,20,3
8590110454,7,6,1
77309596739,10,6,4
77309844203,11,9,2
51540035651,10,9,1
51540035653,16,15,1
290358,9,8,1
95810,135,48,87
17180198029,8,7,1
17180141960,35,31,4
103802,18,17,1
56097,17,16,1
94489319795,4,3,1
266288022891,5,4,1
381398,4,3,1
103079394356,4,3,1
11162,47,36,11
34359985534,6,5,1
25769933595,11,9,2
25770081636,13,11,2
17179904119,46,32,14
97481,7,6,1
17180281777,16,6,10
60129848165,6,5,1
8589942066,3,2,1
25769994403,14,13,1
17179938612,17,14,3
94489401077,6,5,1
107709,7,6,1
107708,94,34,60
42949854207,3,2,1
60129812072,13,12,1
17180281945,8,7,1
85899696613,6,5,1
34359878642,17,14,3
120259134999,7,6,1
34359745882,10,9,1
60129890321,3,2,1
17180194271,16,13,3
17180081684,8,6,2
154619095300,4,3,1
8590215853,5,4,1
8590193822,13,12,1
51539949766,22,18,4
229020,11,8,3
5401,1038,270,768
44975,5,2,3
44979,18,5,13
227489,11,10,1
8589937543,6,5,1
23675,650,161,489
90360,56,43,13
223338588195,3,2,1
111669593736,4,3,1
25769913479,12,9,3
60129875466,4,3,1
111669520736,4,3,1
111669520734,3,2,1
85899511383,3,2,1
17179935185,6,5,1
223338458223,8,7,1
42949760910,6,5,1
61917,33,32,1
25769857046,4,3,1
103079462986,6,4,2
8590206282,11,10,1
167922,13,12,1
103079313172,4,3,1
334066,110,64,46
25769883910,6,5,1
17180281942,21,19,2
357733,33,26,7
146684,19,17,2
8590169490,5,4,1
231208,14,10,4
85899687906,13,12,1
34359924794,6,4,2
60129932845,7,2,5
17180042878,9,8,1
85899767962,6,2,4
128849220110,5,3,2
94489671840,5,4,1
195301,9,8,1
17179900952,24,19,5
367360,41,36,5
8590272533,13,12,1
8590355729,11,10,1
25770117058,5,4,1
8590087570,15,14,1
8589943520,28,21,7
128849238019,3,2,1
69783,33,29,4
69780,41,29,12
8590035416,15,2,13
8590349052,5,2,3
8590046836,23,18,5
66376,8,7,1
8590023784,45,39,6
8590217090,18,14,4
25769889525,6,2,4
105041,3,2,1
105039,6,5,1
8590290293,16,14,2
25770017412,11,9,2
8590344045,16,15,1
378096,39,35,4
8590246942,69,45,24
8590291794,4,3,1
18920,3,2,1
18923,12,9,3
60129647608,3,2,1
120259242168,4,3,1
301442,14,13,1
60129872331,9,8,1
128849124175,3,2,1
8589954609,24,20,4
8590302823,10,8,2
17180184850,11,10,1
17179993746,57,34,23
103079346362,8,6,2
26595,7,6,1
17180047010,11,10,1
17180074620,12,8,4
171135,219,143,76
8590056689,11,9,2
17179975748,23,20,3
8590327154,23,22,1
8590264782,66,24,42
8590054068,68,39,29
8590128514,15,13,2
8590118799,19,17,2
353882,16,13,3
51539749095,8,7,1
8590010653,43,33,10
17597,234,101,133
317754,9,7,2
34430,34,26,8
8590362798,17,13,4
17180172823,10,8,2
17180082410,16,9,7
313050,69,33,36
51539796797,21,19,2
94489441961,6,5,1
68719591810,6,5,1
85899611332,3,2,1
42949935486,11,9,2
163209052471,7,6,1
185513,13,12,1
68719870767,7,6,1
68719870768,4,3,1
51539929339,7,6,1
189835,38,28,10
17179960328,3,2,1
25769923233,18,17,1
77309725735,8,7,1
171799057691,5,4,1
17180042695,27,22,5
68719543308,14,10,4
8590076310,20,15,5
8590078449,4,3,1
68969,34,29,5
2958,22,20,2
27016,19,18,1
20209,320,144,176
120259266159,3,2,1
25770090280,5,4,1
8590099568,17,12,5
25770196841,4,3,1
51539734930,4,3,1
8590246546,13,9,4
17180092659,12,11,1
60129855318,5,4,1
8590040984,8,7,1
17180094866,11,10,1
25769851336,18,11,7
412141,20,16,4
266754,41,37,4
194850,33,27,6
156133,28,19,9
8590154118,64,51,13
8590040367,5,4,1
374683,5,4,1
25769954672,13,12,1
77309674006,7,6,1
77309674013,8,7,1
60129794896,7,6,1
320837,35,16,19
137439355709,7,6,1
103079629357,7,6,1
244156,21,18,3
389296,89,46,43
17180103854,21,16,5
94489442645,5,4,1
8589951406,4,3,1
94489442640,4,3,1
94489442646,6,5,1
132893,30,28,2
17179912158,5,4,1
17180305560,8,7,1
334242,31,27,4
85899726742,5,4,1
100905,15,14,1
188978875163,3,2,1
219197,8,5,3
216176,42,36,6
242666,58,45,13
2410,8,6,2
103079379515,10,9,1
17179988257,12,11,1
34359948263,11,10,1
146029163374,6,5,1
25769853104,22,15,7
111325,8,7,1
358422,79,41,38
17179957677,11,9,2
17180141962,11,10,1
8589966023,13,11,2
369820,71,37,34
88842,47,18,29
17179970636,9,8,1
317925,30,25,5
8590203036,26,22,4
25770057630,9,8,1
8590361075,17,16,1
34360109816,15,14,1
8589951899,16,14,2
242285,19,18,1
17180028106,6,5,1
25770126943,5,4,1
68719543789,8,6,2
8590088062,31,20,11
25769945406,10,9,1
25769945408,6,5,1
25769945404,9,8,1
366027,10,9,1
25770221092,31,26,5
17179905686,26,21,5
8590121545,50,38,12
51539664091,4,3,1
297220,98,74,24
197565,39,31,8
120259234586,5,3,2
8589980512,23,21,2
8590087615,11,6,5
8590363107,6,4,2
163209077312,4,3,1
8590363106,6,5,1
68719782993,13,12,1
19741,4,3,1
94489496017,4,3,1
8590273614,25,23,2
17180078716,22,18,4
120259426218,7,6,1
25769953216,8,7,1
17180035623,7,6,1
34359935759,4,3,1
17180205057,7,6,1
42949674827,14,10,4
8589942864,4,3,1
17180205058,7,6,1
17179890847,12,11,1
103079291721,5,3,2
400282,38,34,4
17179977245,11,8,3
8590368609,7,3,4
68719656472,12,9,3
51539837997,5,3,2
277404,14,12,2
42949885487,19,18,1
279266,63,49,14
233655,60,46,14
60129966942,4,3,1
8589991423,9,8,1
64373,9,8,1
17180105872,13,10,3
349372,13,12,1
55553,111,100,11
25769991436,17,12,5
17179971219,15,13,2
60129646730,8,7,1
8590330687,4,3,1
8590330691,19,17,2
8590330688,11,9,2
34360072801,9,7,2
34359837170,14,13,1
363962,42,34,8
8590179171,18,15,3
42950024877,11,9,2
63918,30,2,28
174868,28,19,9
8590273546,50,40,10
142034,109,80,29
8589958832,22,20,2
8589946812,18,16,2
8590293448,7,5,2
77767,6,4,2
210076,112,59,53
51539648458,13,12,1
417693,30,22,8
26790,43,41,2
189832,100,78,22
126548,28,25,3
409076,3,2,1
25770106406,18,15,3
103079618183,12,10,2
161224,31,15,16
60129974900,11,10,1
25770123722,9,8,1
120259390138,3,2,1
68719891588,9,8,1
128849198965,6,4,2
17180153339,18,12,6
103079490325,8,7,1
56204,387,194,193
25770057373,17,16,1
25770067112,4,3,1
34359977839,28,23,5
51540009660,10,8,2
8590365874,24,19,5
25769950986,6,5,1
17180022338,15,12,3
25769950987,4,3,1
284196,26,20,6
162187,10,7,3
94489662668,6,5,1
8590170459,6,5,1
4781,6,5,1
8590313642,5,4,1
8590313645,20,12,8
27782,221,113,108
17179889197,16,14,2
259315,37,29,8
17179889200,6,4,2
17179889195,7,6,1
17179889194,5,4,1
8590026583,13,8,5
17179889193,13,12,1
17180090854,6,3,3
17180103570,6,4,2
8590191189,25,21,4
338501,14,12,2
8590079133,72,24,48
8589975213,20,15,5
8590227344,20,19,1
8590227347,27,26,1
74532,36,32,4
56357,54,37,17
8589963038,16,13,3
8590102046,13,11,2
34359847911,8,2,6
194248,14,12,2
8589956903,11,10,1
34359784398,5,4,1
325402,20,17,3
17179954106,8,6,2
85899667557,4,3,1
26788,12,11,1
104132,335,64,271
8590078282,10,8,2
8589984611,11,10,1
17180278187,8,7,1
180388916860,3,2,1
51539820063,11,10,1
103079593510,4,3,1
163728,13,12,1
25769988388,6,5,1
68719741733,11,10,1
42949762428,8,7,1
17180207492,18,15,3
42949681419,19,18,1
60216,93,40,53
111669164019,8,7,1
8589942822,33,24,9
8590129064,35,30,5
43203,10,7,3
17180284184,13,12,1
51539920719,7,6,1
25769849671,8,6,2
68656,41,17,24
8590134769,14,12,2
8590134782,5,4,1
68659,41,23,18
8590351963,8,7,1
243081,56,44,12
327488,7,6,1
17179944920,6,4,2
17179944927,8,7,1
17179944928,21,17,4
25770191288,7,6,1
34359993569,19,17,2
8590014105,15,13,2
25770226383,7,5,2
101345,101,48,53
111669490875,4,2,2
20873,178,61,117
68719491356,9,7,2
25770120760,40,35,5
201689,6,4,2
201692,7,5,2
34359788028,5,4,1
17179883187,18,17,1
120259373974,3,2,1
182902,15,9,6
82162,6,5,1
8589982057,19,18,1
329303,16,15,1
8590255339,50,39,11
243983,10,9,1
140030,50,24,26
42949805343,10,8,2
71273,13,7,6
17180232549,12,6,6
17180308069,5,4,1
42949693433,20,14,6
31747,108,32,76
25769830723,5,2,3
25770156679,6,5,1
169952,3,2,1
103079577722,4,3,1
51539668729,5,3,2
103079575133,6,5,1
54026,35,29,6
336932,35,30,5
34841,23,18,5
156188,9,8,1
25769862634,27,22,5
8590072459,14,12,2
85457,45,37,8
120259285384,7,5,2
87153,7,6,1
87151,10,8,2
34359872630,24,4,20
103079409350,9,8,1
17180067156,11,10,1
119296,20,14,6
77309504037,5,3,2
42949981796,4,3,1
17180080591,22,10,12
77309841353,5,4,1
20141,122,24,98
25769808502,44,30,14
323686,4,3,1
10550,80,57,23
25770177207,5,4,1
8590244503,12,9,3
267228,3,2,1
25770015706,13,12,1
17179900542,14,11,3
51539927754,4,3,1
8590133788,17,14,3
34359930498,8,6,2
17180228279,4,2,2
51539724305,4,3,1
51539673799,20,18,2
25769991224,8,7,1
85899652505,8,6,2
60129957918,10,6,4
17180218102,8,6,2
220165,15,13,2
25769915259,18,17,1
34359813879,14,12,2
283467887496,4,3,1
51540048274,17,13,4
8589958148,13,9,4
152157,16,14,2
17180109236,10,8,2
17179878814,11,10,1
381109,69,39,30
42950058221,7,5,2
8590050600,25,20,5
239670,126,67,59
8590272905,14,12,2
229811,10,9,1
8590054544,18,2,16
8590174156,7,6,1
25770186707,11,8,3
42949678692,7,5,2
8590117756,10,9,1
42949678695,3,2,1
17180202122,39,20,19
17179874253,4,3,1
8590056107,10,9,1
85899595695,6,5,1
370673,17,15,2
34359886124,3,2,1
17180076344,36,34,2
207249,19,15,4
8590052120,11,10,1
17179974009,13,12,1
34360144742,3,2,1
17180281233,25,19,6
8590217012,27,21,6
109493,104,38,66
283381,43,26,17
6854,25,24,1
17179892946,14,11,3
8590248789,31,29,2
88542,21,20,1
107259,63,52,11
8590255407,4,3,1
405449,31,30,1
8589994076,14,13,1
8590045393,41,37,4
51539829365,5,4,1
163367,74,54,20
77309725452,7,5,2
51540049725,5,4,1
51539629167,9,5,4
9252,6,5,1
77309508100,12,9,3
17179994982,25,15,10
51540007148,7,6,1
405072,12,7,5
1969,202,132,70
128849123461,3,2,1
298966,47,26,21
68719887128,8,5,3
8589995417,18,15,3
61339,78,58,20
34359888451,13,10,3
94489552201,8,7,1
103079265574,8,6,2
42950000583,9,7,2
68719666670,10,9,1
107023,31,26,5
170362,12,7,5
67389,493,157,336
363976,41,37,4
8590379763,26,23,3
51884,114,81,33
8589996960,27,21,6
197568577510,4,3,1
17179928903,18,14,4
140668,80,60,20
262399,13,7,6
42950017515,12,11,1
8590369618,6,5,1
208530,34,28,6
13552,70,52,18
274623,59,47,12
8589970025,6,5,1
83176,5,4,1
34359882091,11,10,1
112427,10,9,1
17180056241,18,14,4
42950089073,8,7,1
17180206048,8,7,1
17180205448,19,18,1
85899599859,3,2,1
85899639076,16,14,2
218513,52,45,7
77309849063,8,6,2
8589988563,23,22,1
68719710490,10,9,1
356872,17,10,7
42950032825,16,14,2
321426,27,19,8
94489546204,9,6,3
17179897476,25,24,1
14817,34,32,2
97580,43,19,24
351473,16,8,8
42949963985,9,8,1
216637,100,32,68
12441,54,30,24
8590354047,19,14,5
17179928245,38,33,5
68719741953,7,6,1
28732,42,36,6
374261,10,9,1
374257,16,14,2
202348,5,4,1
68719489108,11,10,1
25769833240,11,7,4
128849337112,10,7,3
8590360409,6,5,1
8589997509,19,13,6
8590360407,7,6,1
25770078642,6,5,1
34359885511,3,2,1
366200,3,2,1
25770078739,16,14,2
390361,48,39,9
30129,35,34,1
120259442400,4,3,1
8590201411,6,4,2
25770202404,13,12,1
8590118327,11,10,1
17179893082,12,7,5
282076,4,3,1
282078,14,9,5
8590270074,29,27,2
17180121766,10,9,1
77309451210,7,6,1
17180228411,4,3,1
77986,8,7,1
193532,40,36,4
349244,12,11,1
329576,10,9,1
8590369701,5,4,1
51539759325,4,3,1
8590357942,10,8,2
51539730969,10,7,3
120259511542,3,2,1
238404,11,10,1
34359803257,12,11,1
25769941816,14,13,1
42949865890,11,10,1
25770134433,16,14,2
17179949337,10,9,1
8590002437,74,68,6
139800,285,105,180
25769949453,5,4,1
8590065881,64,52,12
128849329280,5,4,1
111669257602,10,8,2
8589977358,21,18,3
32289,10,9,1
32291,12,10,2
256689,21,18,3
8590009930,25,13,12
57069,76,66,10
8590012683,15,8,7
8589953057,39,19,20
133471,36,16,20
292074,12,11,1
71834,127,67,60
270001,21,16,5
146029004161,4,3,1
8590095363,47,34,13
25769858371,8,7,1
161714,10,8,2
8590159445,32,20,12
8590116081,10,9,1
17179926151,8,6,2
8590078223,14,13,1
25769892331,9,8,1
206158455064,7,3,4
17180038505,31,26,5
8590191749,15,13,2
8590199478,34,27,7
221934,10,9,1
17180232508,12,11,1
34359906279,5,4,1
8590092143,5,4,1
120259195299,3,2,1
120259464531,3,2,1
17180009870,21,17,4
298093,13,12,1
215651,22,17,5
17180219714,5,4,1
42949871840,5,4,1
340006,10,9,1
409232,53,32,21
8590053133,29,20,9
289993,25,21,4
25769884595,18,14,4
25769828457,11,8,3
130308,194,67,127
355887,12,8,4
8590040035,8,7,1
25770053194,16,14,2
25770107028,25,23,2
17180196796,6,5,1
8589976113,7,6,1
137439235450,6,5,1
94489610975,10,9,1
60129898468,7,5,2
60129898462,5,4,1
42949892489,19,16,3
60129898464,12,8,4
272781,31,22,9
55989,14,13,1
146028950699,3,2,1
85899653837,4,3,1
97820,16,12,4
8590067843,23,16,7
3972,83,63,20
8590200478,19,16,3
25770204332,5,3,2
8590282196,5,4,1
17180175105,11,10,1
68719716324,4,3,1
196772,141,113,28
158582,18,17,1
6744,50,49,1
42949961481,15,11,4
85899674820,9,8,1
4888,13,10,3
6983,202,105,97
42949967110,20,18,2
17179904464,30,22,8
60129967231,5,4,1
77309738540,10,7,3
34359839499,8,7,1
25770243531,10,9,1
8590125176,7,5,2
25770009243,16,13,3
103079526041,3,2,1
85899578490,6,5,1
25770134995,8,7,1
8590265210,4,3,1
51539697419,12,9,3
51539798915,10,9,1
389817,19,16,3
8589976174,6,5,1
42949717104,12,11,1
8590018072,25,22,3
25770232404,8,6,2
34359978225,8,6,2
188978800216,3,2,1
120259183526,9,7,2
85899668356,14,8,6
17179897134,8,5,3
103079592787,5,4,1
51539911662,6,5,1
51539904299,8,7,1
25770033286,7,6,1
17180228483,10,9,1
68719625877,10,9,1
171798944063,7,6,1
162946,133,94,39
17180087206,7,6,1
369704,10,8,2
25769987572,13,12,1
17180043758,28,21,7
150713,23,20,3
34360084029,8,6,2
25770156021,7,6,1
34360084026,17,15,2
200388,59,35,24
34360084021,5,4,1
17179952781,7,6,1
17179952783,6,5,1
8590159356,44,39,5
8590373171,13,12,1
97329,55,21,34
51539770561,3,2,1
5007,129,101,28
42949715746,8,6,2
8590309019,5,4,1
158096,50,34,16
17180060257,16,15,1
34359857322,5,4,1
85899503130,3,2,1
34359948840,22,20,2
25769918403,12,8,4
60129559333,13,5,8
111994,5,4,1
111990,17,16,1
63372,4,3,1
80014,3,2,1
80011,8,7,1
8589996462,17,15,2
17358,19,15,4
60129881264,11,10,1
54548,60,33,27
25769930743,18,14,4
17180061827,4,3,1
306034,36,34,2
34359959046,19,16,3
17180224340,14,11,3
13284,55,29,26
60129644287,12,10,2
240518415287,6,4,2
317780,23,20,3
304252,33,27,6
60129793749,9,8,1
17179969080,18,15,3
8590059934,15,14,1
17179969082,8,7,1
17180167109,4,3,1
181476,33,7,26
51539815204,6,5,1
130199,41,30,11
42949851249,13,10,3
17180155528,8,6,2
8589966276,4,3,1
34360016486,9,7,2
260377,97,61,36
17179996046,20,18,2
8590080170,31,30,1
25770165359,13,6,7
206158563243,3,2,1
206158563242,3,2,1
42949803584,17,16,1
17180029784,29,23,6
70148,5,4,1
25769948410,4,3,1
34360072006,31,27,4
8590232839,9,3,6
8590216231,20,17,3
42950067347,17,15,2
137867,23,22,1
17180149406,21,14,7
34359996569,8,5,3
34359996572,3,2,1
17180263610,9,4,5
25769991279,13,12,1
8589953125,38,34,4
34360005351,9,7,2
8590046675,14,13,1
274601,5,4,1
251423,13,8,5
8589999033,18,14,4
17180144875,3,2,1
94489357500,9,8,1
25770093065,6,5,1
8590024865,90,33,57
1221,207,34,173
25769832641,13,12,1
115647,17,16,1
292229,36,24,12
8590041890,12,9,3
77309431975,5,4,1
171799040151,4,3,1
317812,5,4,1
34359897660,18,10,8
60129640683,12,10,2
8590231128,19,16,3
17179952607,14,11,3
17180263367,8,7,1
8590337971,15,14,1
17180116914,44,39,5
51539887647,7,6,1
8590106655,42,29,13
8589941169,48,39,9
26323,56,36,20
68719850566,7,6,1
17180222746,13,11,2
42949955913,5,4,1
8589991814,16,9,7
25770049661,17,14,3
17179926552,4,3,1
17180119712,27,26,1
85899459323,6,4,2
51539744972,4,3,1
8590011804,20,19,1
8590052742,7,5,2
159001,38,32,6
213930,88,54,34
345442,4,3,1
310985,53,51,2
120259187801,7,5,2
8590027691,17,15,2
25769928646,7,6,1
17180092590,14,12,2
25770245189,10,9,1
61051,29,24,5
8590162002,40,25,15
120259109153,5,4,1
274465,6,5,1
304629,10,9,1
8590334140,13,11,2
8590101986,14,11,3
8589981991,40,30,10
68719579390,10,8,2
8590061154,3,2,1
8589962486,4,3,1
44252,23,22,1
198611,9,8,1
17179945694,6,5,1
51539732606,15,11,4
8590056271,19,15,4
60129752621,4,3,1
267218,20,18,2
286255,8,7,1
8589942985,51,42,9
103079529707,7,6,1
150454,6,5,1
42949779429,7,5,2
154257,6,5,1
60129712999,5,4,1
25769933773,13,11,2
325026,77,43,34
153131,6,5,1
40672,26,21,5
40679,15,13,2
8590266308,21,19,2
383807,7,6,1
383809,7,6,1
51540048594,11,8,3
8590377534,16,14,2
25769815377,9,8,1
17179961385,44,34,10
17180003644,7,6,1
17180003645,5,4,1
368424,12,10,2
17179916231,9,7,2
8590254644,10,9,1
8589966413,14,8,6
8590174405,26,22,4
68719569595,7,5,2
8590262576,10,6,4
42950087585,6,5,1
17180061630,23,21,2
17179978442,67,41,26
8590133703,102,78,24
85899346942,11,10,1
34360018307,11,9,2
60129620012,7,6,1
8590072489,7,6,1
51539635784,5,4,1
68719892179,4,3,1
25769852344,4,3,1
117895,119,81,38
51539707445,11,10,1
17180080886,25,21,4
146029262545,3,2,1
137439359013,4,3,1
296143,9,8,1
146029262548,3,2,1
25769858045,22,21,1
60129654872,5,4,1
60129654879,7,6,1
8590285244,31,29,2
17180216473,9,7,2
17180303609,21,18,3
237624,30,22,8
8590222196,8,7,1
154619009122,4,3,1
65700,63,57,6
34359919930,14,13,1
60129780893,3,2,1
60129780894,3,2,1
51539722077,7,6,1
260217,38,31,7
25770037800,8,7,1
17180270263,12,10,2
77309794473,3,2,1
323449,24,17,7
172875,14,11,3
42949812369,12,11,1
4497,55,42,13
25769919946,8,7,1
16776,10,7,3
25769926650,8,6,2
42949794209,15,11,4
294996,22,12,10
323924,58,39,19
8589949358,32,31,1
25769851832,17,14,3
17179874477,13,10,3
8590330823,5,2,3
25769967838,14,12,2
25770165590,39,37,2
146029084692,3,2,1
25769960004,11,9,2
34359785212,16,14,2
8590340142,3,2,1
8590217164,34,28,6
82778,47,33,14
25769871135,11,10,1
106590,19,17,2
34359881951,13,8,5
34359881949,6,5,1
25770019653,25,18,7
94489333785,10,9,1
8589947277,25,19,6
268653,69,32,37
77309527262,7,6,1
8590076841,12,5,7
42949958042,6,5,1
94489655989,5,4,1
25769922380,20,15,5
25770126897,10,9,1
17180217017,9,8,1
382581,60,48,12
382578,18,17,1
17180184945,20,19,1
178744,18,16,2
8590060540,9,8,1
26085,69,49,20
34359797412,12,11,1
25769849151,21,8,13
4572,9,8,1
77309630767,16,15,1
111669528603,4,3,1
19966,338,135,203
276444,68,41,27
8590079356,15,11,4
25770030540,9,6,3
25770030541,5,4,1
25770030542,8,5,3
25770030547,4,3,1
190239,72,53,19
122862,38,19,19
8590171015,10,8,2
8590319178,27,20,7
17180059598,6,5,1
65040,3,2,1
85899465590,3,2,1
128849102422,5,4,1
103079294890,10,8,2
8589947703,35,20,15
42949966698,19,17,2
198837,28,27,1
134217,12,9,3
86204,254,126,128
103079222523,10,8,2
17180053614,10,8,2
17180161232,5,4,1
42950062678,7,5,2
8590202973,18,16,2
34359881690,3,2,1
17180002365,6,3,3
293108,4,2,2
293106,7,5,2
293109,5,3,2
17180199187,3,2,1
59812,37,34,3
8590042299,19,14,5
132399,8,7,1
17180287525,10,8,2
132389,16,9,7
132386,7,6,1
400449,8,7,1
400452,6,5,1
8590110003,59,37,22
68719859595,4,2,2
25770010602,6,5,1
197568659141,4,3,1
132835,3,2,1
8590329700,4,3,1
77309507258,3,2,1
51567,160,108,52
8590142747,9,8,1
25770020178,11,9,2
8589994057,27,18,9
60129677024,5,3,2
42949756345,12,11,1
253548,28,15,13
17180070943,22,17,5
137439271452,5,4,1
339865,8,6,2
51539692632,9,8,1
34359781027,5,4,1
120259225060,4,3,1
51539952406,4,3,1
103079423325,4,3,1
17179985488,5,2,3
34359785678,10,8,2
350594,67,54,13
231928674504,6,5,1
420995,25,23,2
381456,21,16,5
382179,55,26,29
17179936413,8,5,3
17180253954,7,5,2
17180144000,6,5,1
34360014704,19,16,3
204161,6,5,1
8590290653,13,11,2
169527,14,13,1
25770087806,12,10,2
8590347730,7,6,1
8590347728,14,13,1
240518187400,4,3,1
171799111072,3,2,1
223338595675,5,4,1
8590007773,23,20,3
34359755988,4,3,1
8590001504,26,21,5
25769886528,4,2,2
250872,12,11,1
240705,36,26,10
418567,25,21,4
171798826944,4,3,1
51539658994,10,9,1
17180036884,25,23,2
8590081115,8,7,1
8590081118,22,17,5
8590066138,5,4,1
1308,15,13,2
142987,10,9,1
278880,19,13,6
17179981596,10,9,1
25770187129,16,12,4
17180241716,20,18,2
17180008457,17,16,1
34359982999,3,2,1
17180148483,6,5,1
85899412163,13,10,3
8590243225,8,7,1
25770087983,23,22,1
8589945431,16,11,5
17179997180,19,18,1
25769818052,6,5,1
25769818046,8,6,2
25769818043,16,15,1
25769836508,4,3,1
103079370456,10,9,1
103079370458,16,14,2
103344,39,25,14
34360119689,21,19,2
55593,44,33,11
250269,88,62,26
128849135417,4,3,1
85899700283,4,3,1
17180187566,13,10,3
8590301735,7,6,1
85899727315,3,2,1
139852,20,15,5
11506,489,65,424
65858,21,18,3
25769907836,5,3,2
133786,32,29,3
8590364242,17,16,1
111669591008,8,7,1
42949755365,8,6,2
25769846404,33,29,4
294433,61,52,9
14477,69,25,44
14479,50,28,22
77309510461,3,2,1
34360125059,3,2,1
8589970710,20,19,1
339564,8,7,1
8590050835,16,11,5
339568,7,5,2
400926,42,18,24
132419,167,32,135
5466,108,85,23
34359822196,10,8,2
34359822197,7,6,1
34359822195,5,4,1
34360137565,9,7,2
8590235492,17,16,1
17180027156,23,16,7
366376,14,12,2
25770023524,17,15,2
111669155311,5,4,1
13823,70,59,11
85899751426,6,5,1
77309430414,9,8,1
159506,53,44,9
51539791416,6,4,2
25769919929,20,19,1
90509,12,11,1
25769818253,12,11,1
17180085314,7,6,1
256978,42,31,11
94489494070,7,6,1
94489494073,7,6,1
85899584572,6,5,1
25770222140,5,3,2
230872,7,4,3
205022,4,3,1
17180172833,6,5,1
92262,271,177,94
8589935612,26,24,2
68719804158,5,4,1
349750,49,23,26
217331,11,10,1
25769892673,5,4,1
410268,96,76,20
34359919520,6,5,1
320686,48,39,9
8590151791,11,10,1
60129695432,5,4,1
8589936389,23,19,4
17180009511,3,2,1
366469,300,52,248
17180262361,4,2,2
34360158841,32,19,13
51540022194,4,3,1
180388803376,4,3,1
180388803386,6,5,1
163208844588,5,4,1
34359924119,6,4,2
17180020955,7,6,1
17180057849,9,5,4
292520,34,30,4
140433,40,33,7
407358,13,11,2
182229,25,20,5
34359894040,12,11,1
77309480119,10,8,2
406361,51,42,9
34360083470,8,7,1
51539713798,8,7,1
8590075587,18,14,4
249421,30,18,12
249419,23,18,5
137439303484,3,2,1
85899783944,5,4,1
34359969101,4,3,1
51540037574,17,15,2
8589999095,69,45,24
85848,267,106,161
60129620800,8,6,2
8590038227,16,10,6
25770177503,4,3,1
216807,10,9,1
34868,22,15,7
8590217050,10,9,1
8590217051,17,14,3
34360008445,3,2,1
8590308720,19,15,4
17179923111,15,12,3
8590003301,49,22,27
34359913071,16,12,4
34360018304,14,12,2
146029027742,5,4,1
32676,15,14,1
42950061894,5,3,2
392168,35,28,7
25770208952,9,8,1
8590233796,10,7,3
392169,19,17,2
356564,8,7,1
356565,7,6,1
25770244324,6,5,1
25770116316,5,4,1
60129638797,6,5,1
17180140785,8,6,2
115012,7,5,2
17180287004,4,3,1
8589976650,31,21,10
389770,7,6,1
343230,35,11,24
8590306214,4,3,1
23680,19,13,6
17180014027,35,32,3
17179926823,16,15,1
42949910343,17,16,1
68719575461,8,7,1
68719575457,8,7,1
34359753388,9,8,1
42949796013,15,13,2
42950062081,5,4,1
25770195134,4,3,1
34359894579,9,8,1
34359894580,8,7,1
25770052811,15,14,1
357444,41,33,8
8590123345,13,10,3
42949815773,6,5,1
8590105408,7,6,1
8589975118,10,9,1
8590018201,8,7,1
8590244376,7,6,1
40845,33,20,13
77207,64,59,5
77309834624,6,5,1
77309834631,3,2,1
17179930495,8,7,1
77309834626,8,7,1
119540,10,7,3
17180008568,11,10,1
103079621274,3,2,1
79242,24,20,4
17180300207,8,6,2
139840,27,26,1
195598,21,17,4
133148,115,69,46
8589967512,6,5,1
211006,3,2,1
8590155268,9,5,4
17180175010,13,2,11
8589963872,26,22,4
200116,4,3,1
203961,19,15,4
85899610893,7,6,1
206669,28,20,8
8589972617,9,6,3
34360053023,5,4,1
8590260222,80,54,26
243120,13,12,1
199761,13,12,1
8590128494,9,8,1
94489669292,3,2,1
97045,50,47,3
51539821668,11,10,1
77309418283,14,11,3
25769905515,8,7,1
77309776125,4,3,1
134589,23,22,1
13477,35,29,6
8590225012,9,8,1
8590225009,8,7,1
8590240170,8,6,2
8590260331,6,5,1
111669446499,8,6,2
34360051843,9,8,1
34359757781,11,10,1
96087,13,12,1
188384,104,79,25
323141,10,9,1
384164,7,6,1
8590127217,21,19,2
51539635382,5,4,1
78773,38,26,12
149602,7,5,2
149603,6,5,1
8589957840,22,21,1
235711,27,24,3
158152,18,15,3
25770158009,3,2,1
107788,29,25,4
17180182840,22,19,3
8590254043,7,5,2
42949946381,4,3,1
136447,16,14,2
136446,17,13,4
136450,34,23,11
17180173326,9,6,3
60129791644,6,4,2
25770156978,9,8,1
51539946253,4,3,1
17179919913,19,13,6
51539946244,10,9,1
34359810968,27,24,3
1017,36,33,3
25770016937,4,3,1
8590013856,55,42,13
60129558345,4,3,1
60129968792,5,4,1
34936,8,6,2
34937,8,7,1
8590153022,6,5,1
8590153017,6,5,1
8590045356,33,30,3
135995,54,40,14
51539787156,12,11,1
17180264776,8,7,1
204140,93,71,22
306780,42,41,1
42949925205,9,7,2
8589949691,89,50,39
51539810603,8,7,1
85899690076,19,17,2
120259229861,5,4,1
68719642476,5,4,1
25770037319,15,11,4
8590368555,11,7,4
25769865854,6,5,1
25770096065,43,22,21
423327,11,8,3
8590283731,7,6,1
17180176858,13,12,1
25770068025,9,7,2
8590200726,12,11,1
17180145692,5,3,2
17180080366,8,7,1
194642,13,12,1
300647749119,3,2,1
77309742672,9,3,6
146029327810,8,6,2
25770202698,21,16,5
35496,23,17,6
35497,8,6,2
34359972127,18,13,5
51539793910,15,10,5
85899530742,7,6,1
103142,52,17,35
29145,69,53,16
35548,271,103,168
25769982566,9,8,1
407536,9,7,2
25770176427,29,25,4
359729,106,45,61
51539758104,10,7,3
8590002872,12,9,3
185184,24,19,5
315962,24,19,5
25770148853,18,16,2
25769822223,9,5,4
17180273893,16,10,6
17180273898,21,20,1
34359905957,19,11,8
111669548090,4,3,1
297447,5,4,1
34359768074,10,9,1
315146,11,9,2
315145,12,7,5
32213,135,74,61
8590256867,9,8,1
110459,55,39,16
8590144498,7,5,2
8590014436,5,4,1
382618,16,15,1
25770194771,42,33,9
101945,92,63,29
92211,61,48,13
60129573985,3,2,1
8590097683,8,2,6
20122,17,11,6
392052,8,2,6
275558,8,7,1
17180169691,6,4,2
58466,49,34,15
8589963354,8,7,1
8589963355,6,5,1
8590372614,17,16,1
43973,50,40,10
17180135418,14,11,3
88499,70,62,8
127842,18,16,2
198745,17,15,2
60129646583,6,5,1
25770203710,6,5,1
173121,10,7,3
8590035998,17,15,2
170408,31,26,5
362763,22,21,1
17180154376,22,21,1
171798882305,4,3,1
281977,18,17,1
77309834425,10,8,2
25770230810,10,9,1
178570,8,3,5
17180157419,8,7,1
25770183516,4,2,2
124068,11,9,2
637,7,6,1
640,5,4,1
8590066066,8,6,2
103079288911,6,5,1
354008,7,6,1
103079468954,9,6,3
8590240424,7,6,1
27130,50,24,26
8589978448,4,3,1
8590057217,19,5,14
8590220564,10,9,1
116810,24,20,4
4496,11,9,2
60129966916,9,7,2
17180047700,4,2,2
17179984751,20,15,5
8590166300,5,3,2
17180213972,17,14,3
368856,12,11,1
310869,70,56,14
73407,26,21,5
374361,8,7,1
8590184988,8,7,1
8590152349,12,9,3
25770215642,21,14,7
106985,9,8,1
8590077974,16,13,3
8590077981,14,12,2
8590077977,4,3,1
17179964095,7,4,3
17179964094,5,4,1
8590347611,10,9,1
68719526909,6,5,1
509,7,6,1
40698,302,118,184
123019,13,12,1
25770121896,6,5,1
25769815361,20,17,3
51539999525,4,3,1
29732,136,63,73
8590190844,4,3,1
188978643695,4,3,1
17179910586,15,10,5
293036,21,12,9
8590070258,27,14,13
17179976340,5,4,1
42949787029,6,5,1
34359887666,13,9,4
68719811602,5,3,2
42949708965,18,14,4
385735,13,8,5
8590221917,12,7,5
25769895743,17,9,8
17179870245,12,10,2
8590024283,10,8,2
242573,8,6,2
111669238924,7,6,1
269237,99,56,43
242575,8,6,2
242574,11,7,4
8589983642,8,6,2
242576,7,6,1
42950038376,6,5,1
386809,15,14,1
17180029778,17,16,1
17180029781,18,17,1
287773,5,3,2
42949773355,7,5,2
25769947254,5,4,1
60129660330,7,6,1
359638,23,17,6
8589990647,16,12,4
105899,13,11,2
389188,10,9,1
72361,135,49,86
17180286848,17,11,6
302175,25,19,6
8590320756,30,25,5
120259243995,3,2,1
34360151090,5,3,2
25769994382,3,2,1
25769866707,10,8,2
8589986214,48,34,14
60129909431,7,6,1
189874,69,59,10
77309493146,9,8,1
77309493150,13,10,3
51539786528,17,14,3
339869,4,3,1
8589980678,9,8,1
17179957351,8,6,2
154728,21,20,1
42950028246,12,11,1
8590095609,3,2,1
411443,15,14,1
230884,7,6,1
25769824724,12,10,2
25769824729,7,6,1
25769824728,12,8,4
150503,22,13,9
25769824726,7,6,1
8590071918,13,11,2
34566,29,28,1
25769818075,23,13,10
8590217627,9,8,1
34359923497,7,6,1
77309588503,4,3,1
92607,28,16,12
42950065740,15,14,1
34360048131,3,2,1
103079621931,3,2,1
30381,19,18,1
25769841318,19,14,5
77309466177,3,2,1
68719838073,12,10,2
62357,17,9,8
25770074166,14,11,3
97907,10,9,1
162065,8,7,1
162062,9,8,1
162066,7,6,1
162064,21,17,4
42949710378,7,6,1
8589989400,42,31,11
8589991340,8,2,6
111669173481,3,2,1
34360081939,4,3,1
80774,21,15,6
34359953509,4,3,1
379355,14,13,1
143373,77,19,58
106858,28,17,11
17180243190,5,4,1
47616,27,22,5
367038,13,10,3
95180,14,11,3
17180271758,51,39,12
161795,52,27,25
88533,15,11,4
85899411373,3,2,1
8590083492,5,4,1
42949949973,4,3,1
299090,44,31,13
94489660102,7,3,4
65853,29,27,2
25769866189,13,12,1
8590293230,30,16,14
163217,50,20,30
17180170218,18,14,4
25770012874,15,14,1
68719558957,13,6,7
17179890366,7,6,1
25770094917,4,3,1
68719578057,3,2,1
28632,10,8,2
8590199160,19,10,9
8590266173,16,11,5
17179992944,21,15,6
8590091759,4,3,1
214748562558,5,4,1
180388832896,4,3,1
8590005865,41,24,17
8590171892,8,6,2
98790,32,26,6
25770217213,3,2,1
241547,45,18,27
68719873380,8,7,1
68719873381,5,4,1
259370,7,6,1
8590243157,8,7,1
290234,30,26,4
290236,7,6,1
77309843254,8,7,1
25769952828,13,10,3
94489364542,9,8,1
137439357126,5,4,1
146028945119,5,4,1
214649,89,37,52
17179888962,3,2,1
8590169602,6,5,1
71337,4,3,1
42949709563,8,7,1
17179907592,10,9,1
17179907590,15,14,1
37790,145,57,88
42949909388,4,3,1
51539999470,11,9,2
34359953849,18,16,2
34359953843,8,7,1
8590061996,23,20,3
8589985637,4,3,1
8590236679,10,9,1
8589985639,4,3,1
17180156419,25,20,5
17179960906,13,12,1
42950025958,7,4,3
160197,18,17,1
128849253045,5,4,1
78461,14,13,1
8590169968,11,10,1
8590169972,9,8,1
188978636441,5,4,1
291742,6,5,1
60129794942,6,5,1
153112,62,54,8
8590264244,11,10,1
8589975423,14,8,6
25769967103,10,9,1
25769967097,10,9,1
25769967102,9,8,1
17179896899,24,10,14
85899568088,6,3,3
122937,100,21,79
120259334779,4,3,1
69698,6,4,2
163209022320,3,2,1
253159,41,33,8
125182,127,48,79
8589938279,6,5,1
17179884454,17,16,1
34907,76,42,34
17180038187,9,8,1
84954,27,21,6
275680,25,18,7
34359914518,11,10,1
34359914515,7,6,1
8590063445,5,4,1
8590063453,6,5,1
111669482288,5,4,1
39170,373,180,193
42950117407,6,5,1
17180204352,16,15,1
34360134207,7,5,2
25770248632,6,4,2
180573,4,3,1
94489503810,4,3,1
17179889935,17,16,1
17180177757,17,14,3
51539828180,3,2,1
34359796899,20,14,6
8590080970,33,27,6
60129825285,20,18,2
51539673708,6,5,1
75124,12,10,2
25769934108,5,4,1
391758,12,7,5
391757,19,14,5
103079527972,6,5,1
34359784225,8,7,1
42949807394,7,6,1
8589951407,22,20,2
25032,199,119,80
85899548435,9,8,1
85899548434,8,7,1
111669366631,3,2,1
77309578090,5,2,3
102282,56,35,21
8590189906,5,4,1
8590189907,7,6,1
42949674266,5,4,1
8589935557,11,10,1
34360076919,23,17,6
111669408720,8,7,1
137439165617,6,5,1
8590295913,13,10,3
8590136205,7,6,1
8912,8,7,1
8589963303,26,20,6
60129704981,6,4,2
17180305090,15,13,2
306994,24,18,6
17180270789,18,15,3
25769812333,4,3,1
25769812335,15,7,8
25769812334,5,4,1
25769812337,17,8,9
68719736032,10,9,1
8590294433,7,6,1
94489697666,4,3,1
94489697665,3,2,1
51540037652,9,8,1
51539906845,10,8,2
128849430669,3,2,1
77309792950,9,7,2
94489686546,9,7,2
128849430673,5,4,1
128849430678,6,5,1
8589950210,20,15,5
25769996434,8,7,1
85899380788,4,3,1
25769996433,9,7,2
25769880628,17,16,1
25769946068,10,9,1
34181,13,12,1
51539756440,7,5,2
34359831142,8,6,2
8590014465,21,20,1
398505,4,3,1
111052,36,35,1
25770129325,8,6,2
94489528125,3,2,1
8590296064,61,48,13
32194,21,17,4
8590171771,4,3,1
25769858043,32,27,5
8589937871,18,16,2
348288,27,24,3
183116,4,2,2
184150,71,40,31
8937,60,50,10
8590056759,81,30,51
17180130166,16,14,2
184824,53,47,6
85899586507,5,4,1
34360029910,14,12,2
25770199199,7,6,1
34360136534,13,9,4
140194,79,37,42
408217,26,19,7
8589967595,18,16,2
290353,45,23,22
60129946680,6,5,1
80710,13,11,2
8590151435,45,41,4
128849170394,3,2,1
125039,62,49,13
120259332335,3,2,1
8590243862,16,12,4
8590243866,22,18,4
331731,7,6,1
331726,10,7,3
60129963304,12,11,1
318416,5,4,1
17179891748,13,9,4
50177,13,11,2
8590059578,12,9,3
325418,32,24,8
8589984061,7,6,1
17180024346,9,8,1
34359935323,4,3,1
17179869398,6,5,1
132564,53,19,34
68719881442,5,3,2
17180040845,25,16,9
391760,20,16,4
412249,14,12,2
25769836145,17,15,2
264001,12,11,1
78555,59,39,20
5051,15,14,1
42949989932,5,4,1
8590287430,40,38,2
42949835844,11,10,1
68719503924,7,6,1
17180240119,16,13,3
25769903780,6,5,1
159090,22,19,3
60129835400,6,5,1
17180295415,6,5,1
171799107804,3,2,1
85899620123,3,2,1
25769957303,32,31,1
8590247015,25,24,1
17179985388,10,9,1
17180024429,9,7,2
42949777229,6,5,1
292377,51,47,4
34015,24,21,3
369914,19,9,10
17179999681,36,32,4
103079375499,5,4,1
25769896243,14,13,1
60129913163,4,3,1
68719643331,7,5,2
34359787894,7,5,2
17180081856,19,18,1
94489688632,3,2,1
8590319972,16,15,1
42949873074,5,4,1
6795,370,57,313
177483,74,65,9
34359832862,6,5,1
120259134123,8,7,1
34359796496,8,7,1
318674,10,9,1
17179887794,10,9,1
17180024359,8,7,1
413017,4,3,1
188978988810,3,2,1
116790,48,40,8
180388824646,3,2,1
51539776868,8,7,1
6556,18,16,2
17180141869,14,10,4
8590203419,11,10,1
34360116819,10,9,1
51539805715,9,8,1
51539810218,15,14,1
89090,24,23,1
17180290789,10,7,3
8590327477,12,11,1
206158507057,3,2,1
25770217763,9,8,1
8590327483,13,12,1
268550,20,17,3
8590106383,9,8,1
8590154940,16,14,2
41657,21,20,1
17179960691,35,16,19
60532,120,49,71
34359944109,28,11,17
63265,8,7,1
8590298986,3,2,1
155940,22,21,1
8590097478,12,11,1
25770143643,5,4,1
25770068949,3,2,1
111669544460,4,3,1
111669544457,3,2,1
111669544458,3,2,1
8590114481,9,8,1
8590151083,23,15,8
77309548234,5,4,1
77309548236,5,4,1
111669387042,3,2,1
76718,68,44,24
77309807452,18,9,9
17180261054,10,7,3
163538,5,4,1
17180049872,9,5,4
8590202170,15,13,2
17180222455,19,15,4
8590007571,19,18,1
8590274999,19,15,4
17180299602,11,8,3
94489365946,6,5,1
25769871338,3,2,1
60129566042,8,6,2
8590129262,12,11,1
103079436146,3,2,1
51539881351,6,5,1
68719572586,3,2,1
68719572589,3,2,1
34360073376,12,11,1
103079599570,5,4,1
34360078348,10,9,1
25769890309,4,3,1
34359871643,7,6,1
313092,16,15,1
34360068952,7,6,1
8590000872,27,19,8
175816,6,5,1
163208817411,6,3,3
60129604909,6,5,1
25770050211,13,11,2
17180047919,13,7,6
8590271396,35,22,13
60129909131,10,8,2
206158786353,4,2,2
168481,13,12,1
309315,17,15,2
309310,50,30,20
246912,49,21,28
128717,42,10,32
124371,69,25,44
361368,16,15,1
42949715655,6,5,1
107747,11,10,1
103079593097,21,19,2
8590009443,82,48,34
17180295135,9,8,1
51539661934,9,8,1
94489372330,7,6,1
17180042658,20,18,2
8589988640,14,13,1
8590005993,44,40,4
227874,41,32,9
85899388995,5,3,2
60129906984,21,19,2
8589993792,53,40,13
34360111988,3,2,1
17180237110,5,3,2
63780,15,12,3
34360135421,3,2,1
34360135419,3,2,1
17180212189,13,11,2
163208777867,3,2,1
8590152449,15,13,2
17180112902,10,9,1
17180112900,6,5,1
17180112901,6,5,1
120020,8,7,1
255239,48,35,13
17180271717,11,8,3
60129650398,13,8,5
17180209443,10,8,2
260042,22,19,3
94489377283,5,4,1
25769895630,4,3,1
36931,84,62,22
8589946616,14,11,3
177030,22,13,9
42949842988,30,23,7
34359963083,9,7,2
94489613077,10,7,3
25769849266,17,10,7
17179940600,16,13,3
17180085170,11,9,2
42949786641,10,8,2
51539723759,22,18,4
308573,33,31,2
8590032343,7,5,2
221844,23,19,4
68719618217,5,4,1
8590071387,3,2,1
25770032364,46,30,16
308464,14,12,2
8590063109,48,44,4
42949945622,9,8,1
8590133972,11,10,1
416554,45,22,23
214748377041,4,3,1
25462,28,19,9
25769966124,14,12,2
17179988894,5,3,2
8590112553,17,14,3
8590166001,12,10,2
42949747407,4,2,2
60129615396,6,5,1
274203,25,17,8
8589942746,47,27,20
8590035034,42,41,1
77309561837,9,7,2
34359944981,7,4,3
51539695296,11,4,7
291512,5,4,1
291509,8,5,3
94489558371,8,7,1
17179893924,14,13,1
227800,30,24,6
85899500131,8,7,1
34360018082,5,4,1
187710,71,31,40
372854,6,5,1
92704,6,5,1
131515,7,6,1
171799000435,3,2,1
8590181115,14,13,1
333795,13,10,3
360046,13,12,1
42949844376,4,3,1
6247,81,66,15
8590028633,33,29,4
403990,7,6,1
25770026659,7,6,1
49585,46,37,9
25770229217,22,19,3
146029107622,3,2,1
24154,20,18,2
25770094237,6,5,1
25770192146,5,4,1
25770192152,9,7,2
68719737797,6,5,1
68719737799,8,6,2
8590285418,20,16,4
111669239849,5,3,2
8590006658,75,67,8
417205,8,6,2
128849090538,6,4,2
42949902683,6,5,1
25770137816,7,6,1
332390,53,50,3
34360115299,7,6,1
111669264667,10,9,1
111669264666,3,2,1
61952,5,4,1
17179881901,8,4,4
42949850624,3,2,1
188369,11,10,1
25769867832,8,6,2
8590333197,21,20,1
139199,7,6,1
17179876234,4,3,1
252954,7,6,1
396998,46,32,14
8590146575,29,24,5
8590362468,23,22,1
58186,45,43,2
80515,23,21,2
25770160836,6,5,1
17179993954,8,5,3
8616,18,17,1
8613,13,12,1
85899672649,7,3,4
25769896284,8,4,4
42949740388,6,3,3
169367,13,11,2
51539794710,4,2,2
25769897206,19,15,4
17179953687,5,4,1
94489322804,3,2,1
131390,30,17,13
17180080956,6,5,1
25770098822,11,10,1
8590266085,21,20,1
25770159950,36,30,6
34359811064,6,5,1
8589940293,20,13,7
8590171589,13,10,3
127744,93,68,25
8590091922,41,25,16
34360023230,7,5,2
99047,34,30,4
8589949690,25,21,4
21220,34,28,6
77309736543,8,7,1
77309736548,7,6,1
103079639438,6,5,1
8590207650,5,4,1
51539773884,20,17,3
17179900551,17,15,2
34360017862,17,15,2
51539773879,12,11,1
51539616568,9,8,1
236368,10,8,2
60129731275,10,8,2
34359782727,3,2,1
34359782728,3,2,1
150897,41,33,8
22516,11,10,1
320933,15,13,2
42949771943,14,10,4
51539609256,4,3,1
8590022205,96,79,17
219439,19,17,2
198304,53,45,8
8590369103,7,6,1
45528,4,2,2
120259422519,4,3,1
8589984996,15,12,3
60129588040,5,3,2
42949713246,13,12,1
60129759944,15,13,2
68719681952,5,4,1
68719581531,5,4,1
68719581528,3,2,1
42950091980,4,3,1
17179975333,40,33,7
122033,15,14,1
17179990653,8,7,1
94489589298,6,5,1
8589954981,5,4,1
42949934773,15,12,3
71837,74,67,7
176822,4,3,1
25770168698,5,4,1
60129937455,6,5,1
25770048319,5,4,1
253847,22,19,3
225857,25,24,1
244144,12,7,5
85899779066,7,6,1
244139,8,6,2
154618955417,7,6,1
352814,53,45,8
8590071995,14,12,2
342462,6,5,1
79755,8,7,1
25770235988,12,11,1
25769992045,11,10,1
248303,29,17,12
8590053425,29,25,4
8589938098,11,10,1
25770089727,8,7,1
147605,23,19,4
324182,12,10,2
8590081077,3,2,1
8590052306,6,5,1
8590191423,15,11,4
120259213680,6,5,1
90714,7,6,1
8590011061,35,33,2
357063,28,18,10
25770198200,21,18,3
25770198203,17,15,2
8590338673,18,15,3
34359934797,7,6,1
25770198194,17,15,2
8590132168,23,16,7
8590001795,4,3,1
8589988409,12,5,7
8590001803,5,4,1
8590001797,8,5,3
391361,24,19,5
8590287953,21,15,6
24402,16,15,1
208716,9,8,1
8590198901,8,7,1
34359995466,7,6,1
168151,15,12,3
168152,7,5,2
85899550997,9,8,1
166643,17,15,2
34359981219,27,25,2
74996,15,13,2
55946,38,26,12
257258,9,8,1
17179879560,9,8,1
17179913524,14,11,3
42949826296,5,4,1
68719755150,12,11,1
158404,25,20,5
25769914002,25,21,4
171981,13,8,5
42949733367,8,6,2
334193,44,26,18
25770018796,6,4,2
68719558469,4,3,1
42949723830,10,6,4
68719771667,6,5,1
8590160009,5,4,1
8590294752,5,4,1
8590294756,11,6,5
266288392359,3,2,1
8590294757,4,3,1
99798,6,5,1
34359916606,9,7,2
25770068072,8,5,3
17180069557,12,10,2
17179880850,10,9,1
8590074735,40,25,15
51540032775,21,18,3
51539613856,4,3,1
128849196605,3,2,1
128849196604,7,6,1
416142,48,32,16
141871,13,12,1
77309823445,8,7,1
146029308525,5,4,1
146029308524,10,9,1
185852,15,14,1
51539679080,15,10,5
25769950335,12,9,3
8590318066,21,16,5
25770082967,12,10,2
304380,15,12,3
8590001717,16,15,1
17180206264,10,6,4
162185,20,18,2
60129830791,5,4,1
291399,44,40,4
249698,18,17,1
25769947945,14,13,1
8590343062,44,38,6
25770172429,11,8,3
25770172428,5,4,1
8590183351,40,30,10
42949991474,18,17,1
8590047435,14,11,3
60129609000,20,16,4
25769905471,9,8,1
34360163658,9,7,2
242015,93,50,43
17180180961,3,2,1
25770101803,3,2,1
17179945518,39,30,9
42949718106,7,6,1
261104,29,27,2
236645,22,20,2
24345,62,47,15
25769885633,9,8,1
8590142325,7,6,1
25770001986,10,8,2
2515,82,47,35
197083,59,41,18
421699,155,82,73
17179915555,13,11,2
85899523635,4,3,1
25769955724,14,12,2
8589938012,22,14,8
254768,25,23,2
4421,32,21,11
17180144384,10,7,3
42949779981,4,3,1
51539926270,10,8,2
8590133646,41,26,15
8590000961,9,6,3
34360149835,4,3,1
94489484212,6,5,1
60129806289,7,6,1
8589950131,80,28,52
163209117078,5,4,1
111669161208,3,2,1
8590250772,14,13,1
51539681255,18,17,1
8590030697,19,16,3
237873,23,22,1
413681,61,51,10
17180113519,11,9,2
25769887956,10,8,2
42950045837,12,9,3
57571,53,31,22
42949911466,8,7,1
17180145199,8,2,6
51539813073,3,2,1
8590140187,13,9,4
177132,26,19,7
263137,12,11,1
34359921042,33,26,7
61029,6,5,1
50351,9,8,1
42949804981,9,7,2
50353,71,65,6
17180109396,44,39,5
8590123367,5,4,1
8590284905,109,79,30
25769885273,16,15,1
118278,13,11,2
194950,12,5,7
128849456534,4,3,1
221027,25,16,9
25769998761,18,5,13
34359893145,6,5,1
85899446391,3,2,1
413819,23,22,1
85899537916,7,6,1
34359840997,14,13,1
60129775464,5,4,1
8590183727,25,21,4
8589993405,8,7,1
8590247910,6,5,1
8589993409,10,9,1
8589993408,7,6,1
51700,22,21,1
17180201529,27,22,5
51701,12,11,1
77309496216,5,4,1
17179896535,5,4,1
17179896533,4,3,1
25770194210,6,5,1
137498,9,8,1
304054,20,14,6
68719901241,10,9,1
17179942827,15,14,1
304057,11,10,1
138103,261,137,124
73596,21,17,4
159049,107,28,79
42949767178,5,4,1
8590042618,12,11,1
81414,17,15,2
128849315373,9,8,1
25770103243,3,2,1
75942,37,30,7
224784,55,36,19
111669323418,4,3,1
103079315731,3,2,1
43197,166,78,88
8590137098,20,17,3
8590137095,26,19,7
42949874132,19,15,4
140079,36,23,13
42950115005,11,8,3
8590358778,38,31,7
25770114086,11,10,1
17180195326,18,16,2
85899360923,5,4,1
162868,21,18,3
17180085350,16,15,1
169620,13,12,1
400760,27,22,5
68719820346,4,3,1
68719820344,3,2,1
51539889959,8,7,1
77309851203,12,11,1
85899588647,5,2,3
21826,21,3,18
42443,13,11,2
117218,57,53,4
8589988147,10,6,4
34359857793,5,4,1
68719830947,4,3,1
77309638171,8,5,3
25770225073,12,11,1
51539758316,9,6,3
25770231561,8,7,1
8589936458,13,11,2
8590290188,21,19,2
60129550176,10,9,1
25770042998,14,11,3
419535,13,11,2
383856,5,3,2
8590065257,69,16,53
60129690831,7,6,1
60129957969,5,4,1
34359913189,23,18,5
25770085777,5,4,1
8590020799,7,6,1
210568,69,44,25
154618926275,4,3,1
103079449450,5,4,1
25769974150,13,12,1
193953,49,46,3
17180196588,5,4,1
8590212448,38,33,5
407169,14,11,3
8590122127,27,25,2
68719713465,32,24,8
8590125481,26,23,3
42949988946,9,7,2
42949782139,32,21,11
34360085451,9,7,2
42949864307,22,19,3
8590362845,33,17,16
34359810923,17,15,2
120259397137,7,6,1
112377,13,12,1
266251,8,6,2
8590183594,12,11,1
384112,8,7,1
50103,32,28,4
420322,9,8,1
60129708876,8,6,2
8590185555,7,6,1
8590150300,13,12,1
8590198255,5,4,1
8590096700,9,8,1
17180129602,10,9,1
25769923927,14,13,1
103079339877,6,5,1
316494,25,24,1
257912,15,14,1
224492,40,37,3
6183,62,50,12
25769978828,25,19,6
17179993124,9,8,1
25770149821,22,17,5
8590376310,17,16,1
51539764800,9,8,1
17180192911,4,3,1
151480,50,45,5
8589957822,33,30,3
11799,40,30,10
381502,10,9,1
60129569317,4,3,1
77309659540,4,3,1
174688,3,2,1
174687,5,4,1
8590368564,13,12,1
286019,6,4,2
8589966251,260,104,156
8590248580,16,15,1
244718,37,25,12
25738,112,81,31
8590010982,22,20,2
4788,51,43,8
68719675614,9,8,1
42950048684,4,3,1
42950048680,9,7,2
8590274341,9,7,2
57581,15,14,1
17180073239,14,12,2
77309474699,10,7,3
8590258190,7,5,2
34359798730,12,11,1
25770237775,6,5,1
25769838815,26,24,2
8590295863,18,16,2
85899386085,3,2,1
42950073846,18,15,3
42950073841,7,5,2
60129695260,10,9,1
8590203286,6,5,1
8589972911,35,21,14
99976,44,3,41
42950116419,4,3,1
60129829341,11,6,5
8590313161,17,15,2
51380,13,12,1
8589994606,41,32,9
417193,9,7,2
234111,6,5,1
205222,7,5,2
24921,7,6,1
42949765448,20,16,4
683,125,24,101
8589975171,15,9,6
8589975169,7,6,1
266575,12,8,4
331437,8,6,2
48817,54,36,18
278327,45,39,6
75550,68,41,27
85879,17,14,3
152968,12,11,1
60633,62,41,21
33912,16,14,2
143432,9,7,2
137439246024,4,3,1
17180132314,6,5,1
8590291486,46,31,15
206158856273,3,2,1
34359924082,14,13,1
17180023861,5,3,2
42949747398,7,4,3
197568696987,4,3,1
422001,4,3,1
42949777852,5,4,1
8590181453,7,5,2
8590087608,21,19,2
60129958675,10,8,2
8590205117,7,6,1
77309719577,4,3,1
103079497593,3,2,1
8590184444,43,35,8
48333,139,75,64
25769881940,19,17,2
17179984933,22,19,3
119346,36,23,13
109892,64,52,12
403925,11,10,1
373200,30,25,5
146028913907,7,6,1
34359968556,4,3,1
11237,55,47,8
65591,101,61,40
68719689695,11,10,1
25769823041,36,21,15
17180046830,14,13,1
192877,7,6,1
34359962368,11,9,2
8590092579,4,3,1
8590118407,5,4,1
25769820136,7,6,1
323448,15,13,2
17179993692,5,3,2
17180129519,11,10,1
103079379345,13,12,1
8590154489,41,37,4
10861,20,19,1
10864,92,60,32
405385,7,6,1
17180294444,15,10,5
42949801133,29,26,3
42949851459,4,3,1
197568767919,3,2,1
91139,71,35,36
34360010735,3,2,1
103079295314,7,2,5
25221,239,8,231
8590016878,6,5,1
60129677890,4,3,1
229614,20,17,3
60129801015,12,10,2
51539836226,6,5,1
30841,234,129,105
6730,19,14,5
8590078872,6,3,3
25770160144,13,12,1
43966,31,25,6
8589948918,9,6,3
69505,3,2,1
17180158887,18,17,1
60129548914,3,2,1
17180118310,4,2,2
17180049882,87,64,23
34360055617,5,4,1
55592,156,123,33
60129621892,3,2,1
17179945174,21,19,2
34360133999,8,6,2
8590267972,20,19,1
25770164872,22,11,11
4873,29,10,19
185756,28,26,2
17179882384,7,6,1
222238,34,22,12
51539730263,16,12,4
25769957069,7,5,2
304674,7,5,2
68719496918,9,6,3
203856,63,48,15
34360013638,12,6,6
17179898372,6,5,1
42949822294,7,6,1
60129915079,10,7,3
17180284398,6,5,1
42949676938,4,2,2
8590351656,38,31,7
34359948272,9,6,3
34359972118,16,10,6
153592,33,16,17
34359948277,13,10,3
25769887026,9,6,3
17179939064,15,14,1
17180301990,18,16,2
367355,27,23,4
17179991645,12,7,5
17180088591,18,14,4
270518,20,15,5
17179905446,7,6,1
32331,16,12,4
94489546450,4,3,1
5604,43,42,1
345178,3,2,1
42949890926,8,7,1
17180257438,29,28,1
34359825191,5,4,1
25770070754,10,9,1
53263,23,20,3
53267,12,10,2
17179984170,20,18,2
8589960698,6,5,1
42950076606,4,3,1
120259177049,3,2,1
17180220413,5,4,1
34359868115,7,5,2
128752,6,4,2
410415,20,17,3
128746,11,9,2
45168,175,90,85
8590168768,15,14,1
51539788179,4,3,1
17180006100,15,14,1
17180006101,15,11,4
8589983517,23,21,2
43520,20,14,6
231916,30,22,8
213066,10,9,1
68719510331,11,9,2
159069,13,8,5
25769826654,45,35,10
51540008185,9,7,2
34359991328,14,11,3
8590154984,14,13,1
17180267845,5,4,1
25770196115,5,3,2
30328,77,42,35
259434,27,24,3
22391,9,7,2
42949992732,8,7,1
68719509918,6,5,1
17180193959,5,4,1
8590267618,7,6,1
8590138074,14,11,3
34359930290,19,17,2
42949848377,10,9,1
82865,39,35,4
51539850380,29,27,2
17180049661,5,4,1
68719654869,4,3,1
8590053296,18,17,1
17180152630,9,8,1
8590053393,15,9,6
8590053394,12,9,3
17180203048,12,10,2
25770140412,7,6,1
85899370141,15,14,1
17180160991,9,8,1
60129818868,7,6,1
319928,17,13,4
122520,7,5,2
122519,4,3,1
17180082779,8,6,2
51539762773,6,5,1
65969,21,17,4
223338460693,3,2,1
25769803991,22,20,2
25769954757,28,26,2
354551,74,46,28
34360136946,19,16,3
354945,8,6,2
300122,4,3,1
195888,3,2,1
8590083244,10,9,1
17179954722,12,9,3
42949816725,12,6,6
17179954720,5,4,1
94489509079,6,4,2
231411,15,11,4
231409,21,18,3
47286,14,13,1
42949940619,11,6,5
47349,14,12,2
17180080299,24,21,3
51540015087,16,10,6
409450,32,29,3
17179922678,12,10,2
34359772091,13,11,2
160785,19,16,3
17180083318,14,13,1
8589987664,17,16,1
25770172997,4,3,1
51539705438,3,2,1
324396,32,23,9
8590092694,21,18,3
94489642866,8,6,2
77309707538,7,6,1
207006,7,6,1
42949835609,14,12,2
17180292899,14,12,2
8590292552,12,11,1
17180292893,10,9,1
8590214658,29,27,2
8590238015,8,7,1
120259190065,4,3,1
51539747969,4,3,1
60129577047,6,5,1
34359771368,30,26,4
34360086516,49,33,16
68719503431,4,3,1
388798,26,24,2
25770088618,9,8,1
85899458542,10,8,2
326417782690,3,2,1
42949937250,6,5,1
8589955357,3,2,1
252260,171,62,109
25769896652,9,7,2
60129705351,6,5,1
17180273023,11,8,3
8590320769,106,82,24
25769981156,10,9,1
25769911990,6,5,1
137439373077,5,2,3
8590321768,89,56,33
228175,8,7,1
51539754968,10,9,1
171799042914,3,2,1
83982,11,6,5
17179952297,3,2,1
8590154581,61,43,18
14732,12,11,1
17179885452,11,9,2
405628,20,12,8
266288255414,6,4,2
162492,17,14,3
78288,72,40,32
8589992162,13,12,1
34359767372,13,9,4
42949898913,8,7,1
25769956991,6,4,2
336991,6,5,1
17179888101,18,17,1
111669451168,7,3,4
367766,20,18,2
137439306186,3,2,1
8590002679,11,8,3
17179937692,8,7,1
42949803777,9,3,6
8590146753,29,20,9
382950,36,22,14
42950019586,14,12,2
85899415267,5,4,1
60129762440,5,4,1
42950106173,6,5,1
42950106171,6,5,1
17180305336,15,8,7
8590305896,14,13,1
8590041314,45,26,19
42949885250,11,10,1
294652,18,16,2
213451,26,18,8
17179933209,11,8,3
42411,10,9,1
111669543019,6,4,2
17179882806,3,2,1
255417,20,12,8
103079291295,11,7,4
68719765391,3,2,1
42950051384,7,6,1
8590352245,8,5,3
25769861452,9,7,2
94489601214,7,6,1
154618900682,4,3,1
68719772879,6,5,1
34359861815,12,10,2
51539682580,4,3,1
17180120183,30,27,3
106750,147,112,35
17180010233,12,11,1
42950066560,7,6,1
8590148795,19,16,3
42949782225,13,12,1
335892,14,13,1
25769979879,12,11,1
335886,16,13,3
229349,9,8,1
8590241438,20,12,8
8590096239,25,12,13
8590096238,3,2,1
34359827064,17,16,1
8590263466,18,17,1
291638,20,9,11
208291,20,17,3
34360061619,6,5,1
106902,14,13,1
25770233553,14,13,1
8590162490,4,2,2
77196,37,28,9
51539910421,9,5,4
25769873203,5,4,1
51539632117,6,5,1
42949753418,5,4,1
17179998064,32,9,23
125979,3,2,1
8590082953,6,5,1
248782,26,23,3
77309821648,6,4,2
8590049910,11,10,1
8590192162,9,8,1
60129608848,12,11,1
285440,22,17,5
77309780805,7,6,1
10996,24,15,9
8590345900,32,19,13
8589941945,7,6,1
34359775801,7,6,1
25770160595,6,5,1
17179900413,14,8,6
398633,18,9,9
77309466687,6,5,1
8590057536,11,9,2
8590057535,18,8,10
17180042668,20,15,5
8589946625,11,10,1
260224,5,4,1
17179965507,7,4,3
102259,13,12,1
102262,9,8,1
17180096468,15,14,1
17179899934,14,12,2
42949853651,5,4,1
17180166530,9,8,1
199774,62,51,11
17180283351,32,14,18
25770178070,9,7,2
80317,13,12,1
17180033246,26,23,3
8590373587,9,8,1
8590373585,6,5,1
8590373588,7,6,1
68719775886,4,3,1
304302,10,2,8
17180146042,15,3,12
51539701376,9,7,2
17180158325,22,17,5
42949992523,13,10,3
51539629557,5,4,1
382988,26,14,12
8590097059,3,2,1
8590306093,9,7,2
8590194570,29,26,3
25770223274,5,4,1
42949788843,9,8,1
320769,18,17,1
8590339185,14,9,5
42949685478,9,8,1
222850,18,14,4
8590014218,13,9,4
34360001126,43,32,11
137439103430,5,4,1
20106,36,25,11
25770138238,5,4,1
17180214122,10,9,1
68719645171,5,3,2
83981,36,22,14
8590015650,26,21,5
8590237228,12,10,2
8590022813,25,23,2
401167,18,14,4
8590019702,11,10,1
34360108370,3,2,1
47021,140,99,41
8590330184,34,16,18
68719855641,4,3,1
8590240216,12,11,1
77309720867,4,3,1
8590340555,27,25,2
85899491343,10,9,1
17180101914,46,36,10
30472,179,76,103
156827,22,20,2
17179943562,9,7,2
8590173914,31,23,8
25769986105,8,6,2
116662,35,28,7
85899607319,6,5,1
120259491061,10,9,1
117162,12,11,1
34359800631,16,14,2
17179883631,8,7,1
42950014947,15,14,1
68719741750,7,6,1
17179883637,6,5,1
25770147923,5,4,1
34359969606,6,5,1
68719833473,4,3,1
68030,30,4,26
118165,8,7,1
111669258680,3,2,1
8590057893,31,22,9
45092,47,40,7
62535,192,123,69
34359871063,7,6,1
8590160646,4,3,1
191669,26,20,6
77309786624,3,2,1
77309786623,5,3,2
77309786622,3,2,1
77309786625,3,2,1
68719517071,10,8,2
201540,3,2,1
17179876153,20,18,2
389672,6,4,2
34359776424,22,18,4
8590347512,13,11,2
34359771673,9,8,1
8590258862,4,2,2
8590013335,38,36,2
8590247522,7,6,1
17180106970,5,4,1
8589957894,4,3,1
8589957896,7,6,1
8590353052,19,13,6
34359875614,12,11,1
77485,5,4,1
77483,4,3,1
8590167536,16,14,2
350308,25,21,4
42950051733,4,3,1
347830,29,27,2
60129871763,14,12,2
8590029484,12,11,1
85899355354,7,6,1
8590332827,30,27,3
77309649200,7,6,1
8590294801,6,5,1
17180059054,3,2,1
15396,72,64,8
92538,16,15,1
243249,69,43,26
25770183133,6,4,2
42949822715,7,6,1
17180206790,3,2,1
17179880801,5,4,1
51539645938,7,6,1
180996,27,22,5
42949998084,7,6,1
42949702707,8,7,1
34360058236,14,13,1
157599,50,38,12
77309740279,7,6,1
51539933864,4,3,1
289974,14,12,2
8589952039,11,10,1
34359763660,16,14,2
34360104138,12,11,1
271393,15,14,1
34360104135,12,11,1
271390,17,16,1
25769837825,17,14,3
35934,40,27,13
42949922508,14,12,2
8590241389,5,4,1
8590202280,11,9,2
151266,31,26,5
17180071148,7,4,3
17180071141,18,15,3
17180015106,10,9,1
49994,16,11,5
8589975780,20,18,2
77309661303,4,3,1
94489610450,12,11,1
17180279074,17,15,2
328151,4,3,1
103079397327,7,4,3
60129933882,15,12,3
398187,5,3,2
120259355766,7,6,1
158949,29,26,3
51539834779,14,11,3
8590106115,43,37,6
103079397611,18,17,1
8590188583,12,11,1
359636,3,2,1
42949886024,7,5,2
8592,40,37,3
8590031330,61,46,15
17179895160,21,8,13
25770057107,5,4,1
8590245967,11,9,2
17179949265,29,20,9
223114,12,8,4
8590188221,18,15,3
17179946205,21,16,5
34359872518,11,10,1
110460,46,35,11
103079239346,8,7,1
42949914299,7,6,1
42949914302,8,6,2
309770,11,10,1
34359965024,6,5,1
17179887682,8,4,4
51540051730,9,7,2
222227,50,17,33
42949850835,7,6,1
170393,19,13,6
34359984869,5,4,1
170388,20,13,7
51540048022,7,6,1
8590049045,83,76,7
34360095252,11,8,3
77309582578,4,2,2
97811,12,10,2
25769943080,5,4,1
223983,11,9,2
25769943085,5,4,1
244060,9,6,3
8590311297,8,7,1
173394,39,33,6
25770139407,19,17,2
42949942566,15,13,2
70170,19,13,6
407451,76,61,15
129675,26,22,4
19609,38,35,3
8589998374,24,19,5
19985,18,16,2
60129878339,5,4,1
68719807508,8,6,2
25770108297,13,12,1
34359874321,7,6,1
180388663280,4,2,2
25770149281,5,2,3
17179919187,15,13,2
216497,46,22,24
17179886780,23,15,8
111669556403,11,9,2
25769901314,23,22,1
17179992956,14,13,1
8589987551,7,6,1
8590089485,14,12,2
357862,26,15,11
51539980242,9,8,1
17179902984,11,9,2
34360115533,18,15,3
166878,17,15,2
77309708967,9,8,1
8590008759,6,5,1
25769901164,7,6,1
306420,7,6,1
17180123567,6,5,1
60129925159,5,4,1
17179918082,16,14,2
51539654158,4,3,1
8590047361,29,23,6
8590047363,6,4,2
8590047364,7,6,1
172385,20,14,6
264203,51,31,20
51539743648,9,8,1
25770144319,7,5,2
206158791222,6,5,1
60129916578,3,2,1
8590232957,27,22,5
60129639714,13,11,2
8590087739,10,8,2
25769964135,6,5,1
85899556468,3,2,1
51539740799,4,3,1
8590119684,45,41,4
51539824815,14,11,3
94489537221,3,2,1
190952,30,24,6
103079588328,5,4,1
68719679588,18,17,1
17179940524,11,9,2
17179940520,11,9,2
17179894571,9,7,2
215614,51,34,17
17180000704,27,20,7
347047,18,10,8
68719560454,8,6,2
8590099241,14,11,3
8590099236,26,22,4
358225,10,8,2
358229,57,33,24
358230,11,9,2
358226,28,22,6
8590064656,18,17,1
80694,5,4,1
17179912583,12,9,3
137439033765,4,2,2
94489540764,4,2,2
120259147514,3,2,1
329501,34,25,9
34360094847,27,26,1
17179932042,7,6,1
103079555790,4,3,1
221180,31,27,4
255128,6,4,2
8590194322,26,19,7
25769846804,9,6,3
25769846805,7,6,1
356294,79,63,16
120259523316,8,7,1
146029113294,3,2,1
42949889969,29,25,4
182654,14,13,1
17179913796,15,13,2
203877,17,15,2
8590132607,10,9,1
6829,48,36,12
69798,7,6,1
81576,68,49,19
17179956746,10,9,1
8590225353,12,11,1
8590192462,33,28,5
42949699603,18,17,1
25770089384,8,7,1
353538,14,11,3
8590252606,37,36,1
51539999425,5,4,1
129768,8,7,1
17179895439,9,6,3
300647899359,3,2,1
34360013714,8,6,2
8590276158,30,17,13
182701,38,33,5
17180001418,15,3,12
34360013996,7,3,4
25770123553,9,8,1
17179974904,18,16,2
17180016914,10,7,3
8590348111,9,7,2
25770060430,4,3,1
34359833074,12,11,1
8590085006,19,14,5
148307,9,8,1
148310,10,8,2
148305,13,11,2
8590097287,6,5,1
25770044309,6,5,1
8589957063,12,10,2
62820,15,14,1
322549,14,2,12
34359797068,17,16,1
51540049201,3,2,1
8589993385,56,44,12
42950107221,22,17,5
8590197106,18,17,1
60799,23,20,3
17179905689,11,10,1
17180054018,16,14,2
77309816449,4,2,2
68719900664,12,11,1
8590218665,37,15,22
26225,75,55,20
34359752522,8,6,2
262032,12,10,2
17180246371,4,3,1
68719629142,7,6,1
331345,10,6,4
25769923379,7,5,2
25770023636,10,9,1
275936,15,14,1
275937,18,17,1
51540025934,8,5,3
8590042916,33,24,9
8590042909,7,6,1
19053,19,17,2
25770097623,13,10,3
25770097618,10,8,2
25770140484,6,5,1
153254,11,10,1
85899443997,7,6,1
17180185498,11,8,3
8590371306,9,8,1
34360153064,10,7,3
17179929241,11,10,1
85899674614,8,6,2
207393,25,18,7
8590008589,10,9,1
8589996634,9,7,2
8589996631,3,2,1
8589996633,6,5,1
8589996636,3,2,1
8589996632,4,3,1
159238,13,12,1
299832,5,3,2
17180246849,10,9,1
17180246852,4,3,1
111914,78,49,29
105116,4,2,2
105109,15,2,13
402933,3,2,1
105108,53,6,47
25770034898,7,6,1
384998,76,70,6
42949898145,4,3,1
25770013706,31,24,7
51540044641,3,2,1
281245,53,33,20
34360124652,13,11,2
120259178845,3,2,1
68719662900,3,2,1
25769999819,20,15,5
8590361077,13,12,1
21229,24,18,6
51539766119,9,7,2
51539766113,14,9,5
252819,28,27,1
17180086071,26,19,7
8589964987,26,22,4
51539720759,6,5,1
85899483174,13,9,4
103079346363,6,5,1
103079346356,7,5,2
8589945322,22,9,13
8589945324,10,7,3
25770208938,5,4,1
17180207365,9,8,1
34359999859,12,11,1
84422,33,32,1
8590114900,18,16,2
128849092445,4,3,1
8590202278,18,11,7
94489647557,8,6,2
120259246016,7,5,2
77309610701,12,11,1
42950030135,19,17,2
42949938744,3,2,1
68719597195,4,2,2
68719896767,6,5,1
239144,25,20,5
85899357991,3,2,1
146029225635,5,4,1
60129652260,16,14,2
68719808463,6,5,1
86256,16,15,1
8590326083,10,8,2
60129883229,5,4,1
25769897395,6,4,2
25769897386,9,8,1
25770146197,12,10,2
8590212599,22,18,4
51539830852,3,2,1
17180068779,5,4,1
77309549453,3,2,1
8590003023,107,26,81
34359975267,7,5,2
42950063104,15,13,2
17179921100,27,20,7
51539776773,22,20,2
34359897780,16,15,1
307227,53,33,20
87452,30,18,12
8590011500,6,5,1
34360004523,6,5,1
137439332964,3,2,1
8590091724,21,15,6
34360099869,10,8,2
77309596090,10,9,1
8590356677,14,10,4
25770203044,4,3,1
17180300513,6,3,3
8590098062,4,2,2
392284,11,10,1
8590151778,19,15,4
25770229536,7,6,1
105029,30,23,7
8589936337,11,10,1
355417,33,23,10
25769972058,11,9,2
8590303696,14,13,1
32705,34,25,9
17179977371,23,15,8
231632,38,36,2
141155,19,18,1
51539989626,28,19,9
8590301726,8,6,2
25769893476,7,5,2
8589975354,69,46,23
8590192962,31,27,4
77309851306,15,12,3
103079607244,4,3,1
85899551244,4,3,1
8589983787,12,11,1
25769938923,4,3,1
8590371237,3,2,1
277096,5,4,1
77309631433,7,6,1
51540028705,16,14,2
10909,18,17,1
8590181358,5,3,2
136954,5,4,1
85899595194,3,2,1
8590131942,35,25,10
32643,8,7,1
25769869343,23,9,14
77309497429,17,15,2
366470,16,11,5
8589986755,53,34,19
246073,73,40,33
34359901954,11,10,1
207729,40,39,1
85899692109,3,2,1
51539779590,10,9,1
25770112768,11,7,4
8589950050,36,20,16
111669214857,5,4,1
17179887617,8,7,1
17179962860,28,13,15
90799,7,6,1
77309756573,9,8,1
17180161433,3,2,1
163208907874,3,2,1
115135,12,11,1
17180228481,15,13,2
17179875008,23,21,2
302015,17,13,4
165573,32,31,1
42950060983,23,21,2
8590020942,70,27,43
8590004378,18,16,2
8590052898,51,45,6
8590108112,15,13,2
34359960580,3,2,1
17179996156,12,9,3
34359912301,7,6,1
305806,83,49,34
25770204919,18,10,8
103079224342,5,4,1
68719555863,3,2,1
103079224340,5,4,1
8589990788,14,12,2
94489649695,18,13,5
137439329023,4,3,1
25769827732,23,14,9
236489,41,21,20
17180137806,8,7,1
68719510160,4,3,1
68719510161,5,4,1
263370,14,11,3
83504,16,14,2
25770055021,25,17,8
8589957093,11,10,1
17179947329,19,13,6
8589982980,16,15,1
8590091314,13,12,1
175660,24,22,2
191699,96,70,26
8590189400,34,32,2
188978964980,3,2,1
111669388150,8,7,1
194014,30,24,6
25770222270,3,2,1
8590336422,29,23,6
25769891722,9,8,1
51539996947,11,9,2
382286,17,16,1
85899570386,9,8,1
8590093287,50,45,5
8590188507,27,26,1
8590129500,26,17,9
73320,62,29,33
26111,183,69,114
25770184268,17,15,2
107711,22,13,9
289591,10,9,1
71576,29,24,5
8590047440,33,22,11
25770047648,13,9,4
338412,8,7,1
146029064076,5,3,2
34360001679,5,4,1
94489315572,6,5,1
25770054671,15,14,1
42949697273,9,7,2
8590252564,16,14,2
42949833005,11,10,1
262546,15,10,5
25770171738,41,35,6
8590083890,11,9,2
191950,137,85,52
42949682947,11,9,2
25769913419,11,8,3
214963,8,7,1
268801,5,4,1
407207,24,14,10
109109,66,40,26
103079482158,3,2,1
8590249393,18,14,4
180388796956,4,3,1
237533,186,124,62
35687,17,16,1
34359837291,5,4,1
34359837286,5,4,1
17180002584,14,11,3
94489439165,5,3,2
8536,52,36,16
34360008289,6,5,1
42949886444,5,4,1
120259307517,3,2,1
60129680967,10,9,1
342424,25,15,10
34359848378,16,14,2
42949826266,6,5,1
85899569021,4,3,1
68719566804,19,18,1
6285,47,26,21
17179938238,7,6,1
42950110673,6,4,2
8590365501,4,3,1
108716,19,16,3
17180236215,12,8,4
8590007899,126,65,61
78324,27,23,4
17180001702,12,11,1
42949974745,7,6,1
129435,10,8,2
129434,13,11,2
137439076342,4,3,1
164042,11,10,1
8590055039,39,34,5
8590067931,5,4,1
8589995161,15,12,3
8589948207,5,4,1
120259515120,4,3,1
77309461442,10,6,4
172390,114,95,19
423393,33,30,3
405433,15,12,3
34359833883,11,10,1
8590373481,5,4,1
51540020724,13,11,2
48999,33,31,2
51539641288,4,3,1
8590108136,14,9,5
8590150329,5,4,1
60129719710,4,3,1
25770224680,3,2,1
204707,63,30,33
34359802328,6,5,1
8590328277,23,20,3
60129919072,4,3,1
8590207530,4,3,1
60129919074,4,3,1
34359935183,4,3,1
17180168662,13,12,1
19771,38,27,11
17180145948,10,9,1
85899750363,9,8,1
8590191258,15,11,4
51539787883,3,2,1
34359807403,11,9,2
133907,48,40,8
422719,33,25,8
25770235389,14,10,4
8589973854,23,12,11
146029131034,5,4,1
25769820384,14,13,1
8590145658,50,46,4
189558,30,28,2
51539908497,3,2,1
17179885624,8,7,1
34360127278,15,14,1
25770158407,28,27,1
42949729289,8,7,1
8589948612,14,12,2
17179980033,16,13,3
228989,6,2,4
25769815664,15,13,2
25769815669,6,5,1
262921,5,3,2
265123,27,21,6
8590339700,28,25,3
8589935955,9,7,2
25769942565,3,2,1
25770117755,17,15,2
8590010865,13,12,1
42949909251,9,8,1
25770218355,13,12,1
17179956376,47,31,16
416706,19,17,2
51539949896,13,12,1
51539724365,5,4,1
25770151455,26,25,1
8590262697,9,8,1
68719746306,5,4,1
17180090047,7,6,1
311648,5,4,1
401410,22,21,1
8590343358,10,8,2
17180304071,37,13,24
17180304079,4,3,1
17180027125,8,7,1
51539710680,6,4,2
191403,9,8,1
8589994191,7,5,2
8590259656,32,27,5
2747,12,11,1
230434,35,25,10
154619233265,4,3,1
42949948577,5,4,1
25769925403,16,15,1
17180113407,4,3,1
51539718113,12,11,1
320699,23,21,2
53869,8,6,2
336080,11,10,1
42950024744,6,4,2
8590102017,36,31,5
248681,95,68,27
424034,35,28,7
103079249373,5,4,1
25770077470,5,4,1
34360052523,11,10,1
315090,15,11,4
34360052528,7,6,1
34360052531,4,3,1
8590259444,31,29,2
60129847487,8,6,2
189577,41,33,8
8590251563,18,11,7
17179933474,8,7,1
60129597788,9,7,2
24819,32,27,5
8590336567,33,32,1
139849,51,24,27
77309424457,3,2,1
8590351084,12,10,2
408652,5,4,1
94489704796,6,5,1
68719594522,8,7,1
8590039834,98,59,39
8590140125,7,3,4
25769871813,3,2,1
41160,127,95,32
8590097003,8,6,2
233720,30,22,8
17180281403,23,20,3
17180182576,3,2,1
25769844494,6,4,2
17180044120,17,11,6
42949801258,7,6,1
8590222742,10,9,1
17180077298,9,8,1
17180069542,15,14,1
17180069544,15,13,2
8590222743,19,9,10
77309778350,4,3,1
77309476690,4,3,1
223338559525,3,2,1
8590010211,7,6,1
8589941227,39,31,8
94489424447,3,2,1
138750,62,24,38
8590245580,26,21,5
17180003869,15,12,3
17180010056,5,4,1
128849320385,4,2,2
58387,146,2,144
180389039919,4,2,2
257698139888,3,2,1
120259277352,9,2,7
17180275550,26,25,1
60129765561,8,6,2
284960,110,60,50
60129765567,8,6,2
51539646897,5,4,1
68719623364,6,4,2
85899606310,5,3,2
70794,91,64,27
120259239522,9,8,1
114526,21,20,1
34360018997,6,5,1
42949804589,18,16,2
8590165728,21,20,1
188978627758,3,2,1
25769967191,11,10,1
77561,37,35,2
85177,19,15,4
9709,25,21,4
68719752973,8,7,1
8590191181,6,5,1
68719657636,13,12,1
25769891060,10,9,1
17179990403,22,19,3
81744,5,4,1
42949850625,3,2,1
17180075446,8,7,1
17180075448,8,7,1
17180075445,8,7,1
190996,4,3,1
68719812801,5,4,1
68719812798,3,2,1
51539750822,8,4,4
56258,144,94,50
197568596888,3,2,1
17180040617,15,12,3
26871,15,12,3
8590055505,34,26,8
17180055023,18,16,2
68719677800,4,3,1
8590195311,10,9,1
85899775835,8,7,1
381183,15,7,8
8590344168,14,11,3
8589960177,28,24,4
8590097423,92,76,16
120259180998,4,3,1
77309565214,6,5,1
222304,23,18,5
17179992762,12,9,3
17179992755,16,12,4
162180,4,3,1
17180288680,9,7,2
51539980409,5,4,1
206483,25,24,1
51540014990,17,15,2
8590369159,17,8,9
8590370442,6,5,1
8590370444,14,9,5
347492,31,29,2
25770224877,11,9,2
423418,8,7,1
17180034770,19,17,2
231767,60,59,1
25933,17,16,1
8590139996,7,5,2
64565,70,18,52
64574,14,13,1
34359806616,46,35,11
17180237806,13,11,2
65117,3,2,1
42949943505,5,4,1
111669216601,3,2,1
111669216604,5,4,1
8590057094,11,7,4
60129732661,11,9,2
17180014980,42,34,8
50359,12,9,3
180388693423,4,3,1
281463,76,71,5
25769891162,5,4,1
8590295904,9,6,3
185922,12,9,3
276442,22,17,5
70132,40,23,17
17180074302,14,12,2
34359930284,3,2,1
258761,49,42,7
258767,9,7,2
258760,7,5,2
103079630720,6,5,1
382209,20,15,5
258766,10,9,1
254636,41,31,10
8590315238,9,3,6
99869,15,11,4
72879,10,8,2
17180110551,8,7,1
17180184265,24,15,9
17180049905,11,10,1
19424,38,21,17
25769863522,11,8,3
25770002200,12,11,1
359649,23,16,7
42949706968,16,14,2
246823,23,20,3
32184,33,30,3
8590198396,3,2,1
8590198395,6,5,1
34359876280,8,6,2
34359876283,4,3,1
8590236691,37,25,12
25769978839,10,8,2
17180100057,13,9,4
25769978840,13,10,3
8590109179,35,22,13
25769978826,23,16,7
25769978822,20,16,4
17180012126,37,28,9
111669478103,5,4,1
51539769598,9,6,3
25769905667,21,17,4
8590365167,23,19,4
100936,76,34,42
17180256884,11,10,1
17179985455,7,6,1
8590270066,6,5,1
408205,27,25,2
34360121298,20,16,4
34360096433,9,6,3
17179974713,14,11,3
25769944043,12,9,3
68719744327,10,8,2
60129647169,9,8,1
404862,19,15,4
404881,7,6,1
103079606444,4,3,1
85899773456,4,3,1
34360101962,18,14,4
199541,17,13,4
8590360085,12,11,1
8590185786,18,17,1
8589968620,15,13,2
60129863032,5,4,1
8590349283,35,31,4
8590075686,17,16,1
8590096705,52,47,5
366521,17,16,1
8590262973,22,14,8
51539622043,14,13,1
42949735684,16,15,1
60240,16,15,1
50945,5,4,1
34359782470,6,5,1
68719796086,4,3,1
8590311028,12,10,2
241681,31,24,7
34360104566,12,11,1
34360104569,11,9,2
327930,8,7,1
34359820363,36,24,12
288271,28,18,10
60129918369,8,7,1
231428,10,9,1
94489471597,10,8,2
17179959361,3,2,1
68719645552,3,2,1
8590163407,7,6,1
51539821013,3,2,1
8590168261,17,12,5
85899678458,8,5,3
85899678455,6,5,1
187338,36,31,5
51539981254,3,2,1
25770071200,8,5,3
8589935136,21,17,4
8589935142,46,29,17
8590109656,14,11,3
8589935146,19,16,3
25769900534,3,2,1
8590156191,6,4,2
117064,39,11,28
157890,41,36,5
8589985190,9,8,1
17180038980,19,17,2
96812,45,26,19
172451,30,24,6
8590349858,14,13,1
51539856499,7,6,1
25769870392,11,9,2
51539727587,3,2,1
401247,7,6,1
206158711107,3,2,1
158674,18,17,1
158664,19,18,1
158673,17,16,1
100256,59,40,19
22350,36,35,1
8589998580,16,15,1
42949988944,7,6,1
25770233828,13,7,6
8590246717,9,8,1
25770166681,3,2,1
193050,5,4,1
111669339358,3,2,1
42949862918,5,4,1
60129564109,8,7,1
25770130471,3,2,1
171885,31,26,5
42950043679,26,19,7
42949772752,13,11,2
60129705710,8,3,5
17179910870,12,10,2
99875,27,14,13
77309677028,9,8,1
223338383969,4,2,2
120259317726,5,4,1
410840,67,32,35
51539846141,4,3,1
379519,72,29,43
94489662440,5,4,1
42949763846,9,8,1
8590053837,12,9,3
60129853636,10,9,1
34359872634,14,12,2
111669458406,7,6,1
8590305967,14,11,3
117261,18,17,1
118312,181,139,42
266288178757,3,2,1
42949829186,27,20,7
8590184783,54,42,12
34360073788,4,3,1
34360073799,3,2,1
34360073784,3,2,1
128849177961,5,3,2
128849177959,3,2,1
78837,19,18,1
8590357031,3,2,1
25769922783,13,9,4
8590184077,10,9,1
34359941863,9,8,1
246384,18,17,1
420552,11,6,5
171798864784,10,7,3
214748538933,6,5,1
51455,89,44,45
74381,43,37,6
77309446139,9,8,1
8590195864,10,8,2
68719642728,6,5,1
25770016673,9,8,1
8590195868,8,5,3
34360162688,8,7,1
358785,27,23,4
68719630349,5,4,1
85899637981,4,3,1
301803,29,26,3
25769924761,5,4,1
103079428607,7,6,1
34359954406,10,7,3
8589990042,9,8,1
8589990033,9,8,1
17336,156,94,62
386053,12,11,1
314736,10,9,1
161985,13,10,3
197568653855,4,3,1
109422,26,25,1
8590211097,15,14,1
63985,22,21,1
77309693964,13,12,1
34359878900,10,9,1
387974,12,11,1
25770180804,19,16,3
51539942623,7,6,1
51539942621,16,15,1
25769929474,10,9,1
423041,9,8,1
423042,38,29,9
34359905638,9,8,1
34360023519,17,10,7
25769999694,6,5,1
19280,223,30,193
42949732419,21,20,1
51539715458,10,8,2
60129797090,9,7,2
103079289005,5,4,1
77309523769,5,2,3
4902,149,56,93
8590020934,12,11,1
8590020932,32,19,13
68719537264,5,3,2
25769934778,10,7,3
68719718878,13,12,1
87369,6,4,2
115224,35,33,2
23526,66,60,6
166031,14,13,1
42949880543,15,13,2
87674,22,13,9
77309533249,8,7,1
60129568388,10,6,4
34360126240,12,8,4
34360126242,8,6,2
34360126236,4,3,1
60129568390,13,11,2
16986,24,21,3
60129971928,8,7,1
120259326409,4,3,1
60129661674,4,2,2
103079254412,4,3,1
17179993141,35,31,4
51539887207,9,8,1
25769929823,25,24,1
8590195284,18,17,1
17179992202,33,23,10
17180110914,21,17,4
51539701736,12,10,2
332156,9,8,1
8590007835,17,14,3
423677,28,25,3
25769850189,17,15,2
51539907663,6,5,1
8590280103,16,15,1
8590339008,7,6,1
154618861854,4,3,1
8590303731,30,26,4
8590333630,15,14,1
8590033579,9,7,2
51539756950,11,10,1
213425,22,20,2
8590326998,22,18,4
34360105895,15,13,2
75006,18,13,5
34359757178,7,6,1
34359757175,3,2,1
8590114821,17,14,3
42949832743,4,3,1
51540015501,3,2,1
369974,5,4,1
369967,12,11,1
60129630681,14,13,1
17179885979,21,19,2
17179885981,32,24,8
77309481931,7,5,2
410767,16,15,1
8590148668,12,9,3
77309609253,9,8,1
25770090673,5,4,1
46042,63,39,24
8590034185,23,19,4
34359851287,14,12,2
34359743832,5,2,3
17180022761,19,16,3
71501,65,56,9
34360057887,7,6,1
51539790570,16,9,7
51539861170,6,5,1
17180088609,8,7,1
42950117288,28,19,9
8590336584,9,8,1
125783,14,13,1
406615,33,19,14
8590263883,52,29,23
17180031279,27,20,7
137439024192,5,4,1
8590127157,11,9,2
94702,62,33,29
95526,16,15,1
244642,26,25,1
77309767369,5,4,1
18564,12,9,3
55266,7,6,1
51539883457,4,3,1
25770061352,5,2,3
8590122983,8,6,2
366465,22,12,10
423584,36,20,16
34359921598,11,9,2
68719477138,6,5,1
202655,8,6,2
202652,15,12,3
51539841587,7,6,1
10888,62,25,37
182069,7,6,1
370732,12,8,4
374316,9,7,2
94489446636,5,4,1
271632,10,4,6
25769841325,8,7,1
8590304153,30,21,9
51539904781,7,6,1
17180054200,18,13,5
34359917615,7,6,1
42950101027,3,2,1
51539762473,9,8,1
8589993394,54,36,18
51539645792,5,4,1
264592,28,24,4
8589943771,5,4,1
8589943763,5,4,1
51540005414,6,5,1
8590204001,13,8,5
96924,10,9,1
77739,13,10,3
928,8,7,1
103079637383,7,6,1
42950080915,10,8,2
155764,6,5,1
17179935834,12,6,6
17180273411,6,5,1
97249,29,18,11
87488,137,94,43
214029,17,16,1
239500,13,12,1
326282,3,2,1
139733,9,8,1
8590042738,4,3,1
8589958982,10,9,1
226451,12,10,2
8590182554,17,13,4
60129918765,10,9,1
93562,34,27,7
286542,22,20,2
17180154009,9,7,2
42949989125,5,4,1
34359927625,5,4,1
8589954050,3,2,1
8589949792,18,12,6
94489567003,5,4,1
8590119570,16,14,2
17180006962,8,6,2
17180006963,6,5,1
8590190387,9,8,1
128849402725,4,3,1
130325,34,29,5
223338672726,3,2,1
23523,39,25,14
60129693014,18,16,2
8590171107,14,12,2
8590329879,3,2,1
51539790242,6,5,1
178812,62,41,21
8590117635,22,19,3
103079410252,3,2,1
77309591553,4,3,1
51539653132,5,3,2
17180256075,7,6,1
17180256070,19,15,4
51539653136,5,4,1
17180048111,11,10,1
51540015188,16,13,3
25769921783,10,6,4
221617,8,7,1
25769833124,10,9,1
163208883368,4,3,1
25769913615,24,20,4
331014,4,3,1
305198,53,41,12
34360044623,6,5,1
51539801384,6,4,2
124473,13,9,4
77309749659,3,2,1
17180153244,12,8,4
25770170214,20,18,2
85899695547,10,8,2
329297,17,15,2
303243,11,10,1
111669223638,3,2,1
290828,9,8,1
133929,74,43,31
8590262369,3,2,1
8590262371,5,4,1
17180154651,6,4,2
8590104583,7,6,1
354398,5,4,1
354394,15,9,6
317593,19,11,8
193363,21,20,1
51540026776,5,4,1
402628,4,3,1
402627,4,3,1
14725,9,8,1
402624,3,2,1
137439152147,8,6,2
409249,23,20,3
51539840998,6,5,1
39112,92,27,65
17180279075,12,11,1
60129865943,4,3,1
34360014412,7,4,3
25770114447,14,13,1
8590371415,4,3,1
17180049777,54,45,9
17180022716,13,11,2
42949725380,20,19,1
51539713071,10,9,1
171798979751,3,2,1
89883,31,27,4
46953,15,11,4
77309422306,10,9,1
34359866913,19,17,2
8590080346,9,7,2
111669489218,7,4,3
198537,53,31,22
51539779491,3,2,1
34360007738,3,2,1
51539678745,3,2,1
240518419842,4,3,1
171798729600,6,5,1
86797,109,44,65
86810,17,16,1
68719844396,6,5,1
68719844392,5,4,1
77309490819,13,7,6
68719844400,5,4,1
17179983387,10,9,1
241689,12,11,1
88411,16,14,2
60129569689,25,15,10
187113,225,84,141
25769831340,19,14,5
17180268416,9,7,2
25769868165,5,4,1
25769868168,8,6,2
25769868166,8,6,2
25769868163,4,3,1
34359918743,18,3,15
34359918746,3,2,1
25770203665,5,2,3
8590086593,22,12,10
155769,20,12,8
42949901526,4,3,1
8590235740,42,16,26
42949901531,4,3,1
42949835364,4,3,1
17179876754,19,18,1
264743,26,21,5
197568587360,3,2,1
25769985489,13,9,4
25770242115,4,3,1
51539735752,10,9,1
51539773088,5,4,1
42949707100,12,11,1
171020,14,13,1
8590024044,12,10,2
68719784263,6,5,1
17180145051,22,15,7
8590334047,21,17,4
8590334045,11,9,2
42949980653,8,6,2
41523,88,62,26
17180158343,6,5,1
17179925094,5,4,1
197779,119,89,30
34359974496,10,9,1
8590027713,3,2,1
8590027715,24,19,5
347145,35,27,8
17180182777,11,9,2
103079230774,4,3,1
8590284613,17,12,5
368555,6,3,3
34360033325,8,6,2
8590113413,7,5,2
250480,34,27,7
42950096347,9,6,3
77309701637,10,9,1
17180148678,21,14,7
42949686812,7,5,2
17180251133,8,6,2
103079635918,8,5,3
77309446120,15,10,5
68719643874,7,6,1
171798836488,3,2,1
25769928925,12,10,2
25770129022,20,17,3
206737,21,16,5
25769837870,23,20,3
42949962337,6,5,1
8590215946,14,10,4
42949962339,12,10,2
51539620544,18,17,1
42949962340,10,9,1
181160,11,10,1
17179941128,30,27,3
17179941129,15,10,5
77309602150,5,3,2
68719665689,5,4,1
17179947261,12,11,1
8590212659,13,10,3
58148,11,10,1
60129579511,10,9,1
41137,4,3,1
41134,4,3,1
60129601016,8,7,1
111669296320,4,3,1
202729,19,18,1
42950003857,9,8,1
34360055215,8,7,1
8590091743,18,12,6
17180226489,9,8,1
180388984354,3,2,1
85899623359,4,2,2
8590302407,17,16,1
25769936153,11,9,2
8589969470,35,29,6
25770164387,13,10,3
17180281505,8,7,1
51539833548,6,5,1
17179885688,12,11,1
387536,8,7,1
216286,132,94,38
60129809754,9,8,1
227971,84,67,17
8590218029,16,15,1
190551,23,18,5
8590123798,9,8,1
8590205636,21,10,11
56791,70,28,42
152005,88,70,18
85899735016,5,3,2
34359911144,8,7,1
82516,52,47,5
8589936741,44,37,7
8589936735,18,17,1
8589999100,23,21,2
68719601043,4,3,1
25770007403,22,14,8
42949855078,5,4,1
75243,8,7,1
146029301448,3,2,1
17180145284,18,12,6
358367,33,32,1
276103,19,18,1
8589975487,17,16,1
71461,16,15,1
238452,9,8,1
25770159666,10,9,1
310365,116,49,67
8590196982,8,7,1
101307,13,12,1
17180116045,10,9,1
17180062943,20,16,4
48046,18,13,5
60129569506,5,3,2
17180139959,4,2,2
275750,14,3,11
162472,34,7,27
367164,3,2,1
275749,10,2,8
350516,7,3,4
146877,7,6,1
42949784682,4,3,1
93373,7,6,1
187341,19,18,1
101767,31,25,6
119157,23,22,1
8590186941,5,4,1
8590186940,12,10,2
17179880165,7,5,2
223680,72,52,20
333757,92,71,21
38802,27,26,1
95335,6,5,1
37990,32,27,5
257962,57,46,11
60129966574,4,2,2
214748425401,4,3,1
8589981220,30,27,3
223153,44,40,4
85899367974,8,7,1
94802,94,28,66
125088,28,18,10
8590241805,18,15,3
186194,107,49,58
17180170063,29,27,2
419211,30,16,14
51539680235,7,5,2
77309480288,6,5,1
8589939324,7,5,2
25769960529,16,14,2
8590083843,7,6,1
25770009244,12,11,1
17180164187,20,18,2
51539998940,13,10,3
51539801749,8,7,1
34360054988,8,6,2
77309577000,6,5,1
94489482100,5,4,1
17179873379,47,45,2
8590279195,16,15,1
17180022824,10,9,1
22564,41,22,19
8589965918,20,19,1
87076,77,51,26
25769878918,13,11,2
8590134130,34,19,15
60129850240,6,5,1
8590281290,25,20,5
35378,7,6,1
167747,171,137,34
8590118249,11,9,2
17180120902,11,10,1
25769984008,11,9,2
137439205048,3,2,1
42949872240,15,14,1
8589949967,14,11,3
180388786649,6,4,2
17180076205,21,19,2
60129655053,6,5,1
8590272504,16,14,2
191375,11,10,1
8590014973,57,44,13
51540054463,10,9,1
8590375318,21,19,2
94489676715,4,2,2
391106,23,17,6
8590011587,8,6,2
8590011589,7,5,2
42949830312,10,9,1
77309793474,8,7,1
25770097925,13,12,1
8590034226,39,31,8
85899751751,6,5,1
17180182726,7,6,1
8590333129,6,4,2
103079608822,6,5,1
106342,220,40,180
17180181268,27,23,4
8590156033,48,43,5
131761,16,11,5
180388831407,3,2,1
62712,30,29,1
8590036097,42,37,5
17179978078,3,2,1
34360084100,3,2,1
11608,19,17,2
288989,40,32,8
103079238609,3,2,1
8590119992,14,12,2
275962,59,29,30
8589972074,28,27,1
148973,28,25,3
8589950301,15,13,2
25769973942,8,7,1
25769973940,7,6,1
34359766061,5,4,1
34359812477,26,22,4
94405,10,8,2
94409,8,7,1
94408,20,16,4
26053,27,20,7
26063,16,13,3
94489677350,13,12,1
17180231461,22,13,9
8589973834,8,4,4
17179872714,25,23,2
25770216136,14,13,1
71492,69,61,8
102469,20,14,6
42949686698,8,7,1
25769813459,23,22,1
78687,62,39,23
25769868566,14,10,4
8590009286,79,37,42
17180148900,8,7,1
60129717596,11,10,1
137950,70,55,15
94489375888,3,2,1
31390,12,10,2
8590262582,6,5,1
17179990159,7,5,2
105953,8,5,3
50939,159,94,65
25770006536,12,10,2
197568597190,4,3,1
42950025952,24,20,4
68719680042,9,2,7
42950030009,10,9,1
53151,12,8,4
68719815753,11,7,4
406677,13,9,4
8589978420,4,3,1
17180124231,12,11,1
17180124230,16,13,3
269941,37,26,11
25769919427,21,16,5
26866,143,67,76
77309785816,8,6,2
353140,17,15,2
51539702168,10,9,1
17179997399,18,16,2
122210,15,14,1
163287,12,7,5
163290,9,8,1
42949940181,12,11,1
34360159052,22,21,1
111710,42,30,12
171799108550,4,2,2
8590225896,9,7,2
389616,24,16,8
347201,9,7,2
25769901490,6,5,1
72840,171,80,91
17180290045,37,25,12
125166,10,8,2
103079307071,3,2,1
103079307074,4,3,1
292212,23,20,3
79094,42,24,18
60129779173,17,12,5
14836,4,3,1
8589984543,52,46,6
85899468895,4,3,1
17179874524,35,26,9
25770016948,17,11,6
34359758420,18,16,2
8589943914,9,8,1
25821,14,12,2
25816,27,18,9
17179996290,28,26,2
318345,19,14,5
104617,19,18,1
8590369787,10,9,1
325006,7,6,1
25769859096,29,22,7
25770164601,45,26,19
292101,109,73,36
42949858541,12,11,1
410356,8,7,1
17179988003,9,8,1
193995,55,40,15
77309647935,5,4,1
34359758418,17,14,3
168023,38,22,16
19852,25,20,5
42949681144,18,17,1
92240,33,23,10
399229,40,23,17
25769963712,25,20,5
350451,22,20,2
42950018718,6,5,1
17180065501,53,40,13
1866,42,36,6
97248,167,20,147
17179949493,10,7,3
17180263736,7,5,2
17180263742,12,10,2
146029137917,5,4,1
8590208147,84,34,50
42949966887,7,5,2
8590208677,14,12,2
84916,30,19,11
111669230516,8,7,1
338847,8,7,1
68719849020,5,4,1
42949965388,5,4,1
17179931179,15,11,4
8590278490,7,5,2
238482,14,12,2
8589942490,6,5,1
8590204199,56,41,15
29737,42,23,19
68719519177,5,4,1
128849109395,6,5,1
5166,25,19,6
34359754251,9,8,1
46408,15,14,1
8590373499,5,4,1
305758,28,26,2
77309538323,4,3,1
60129934291,10,9,1
60129934288,4,3,1
34359783401,15,13,2
42949747091,14,12,2
60129756111,7,6,1
8590362747,19,17,2
51539611001,7,6,1
8590153637,12,10,2
51539807083,14,13,1
51539931813,5,4,1
25769842749,7,6,1
51539931799,5,4,1
8590094288,6,5,1
17179872738,24,21,3
223338733639,3,2,1
8590192604,4,3,1
342460,8,6,2
34359738422,10,9,1
239647,14,13,1
51539760824,24,18,6
168711,3,2,1
24555,46,44,2
34313,9,6,3
8590375641,11,8,3
34305,5,4,1
8590375649,14,10,4
111669314104,5,4,1
120259395924,4,3,1
403379,16,11,5
60567,68,45,23
249695,107,69,38
34359994761,14,10,4
34359755856,7,6,1
34359755855,6,5,1
8590179410,18,13,5
8590224042,29,20,9
49906,86,58,28
8590022523,26,20,6
103079295491,17,13,4
314186,238,172,66
60129638056,4,3,1
94489391240,3,2,1
171799051957,3,2,1
146028999964,6,4,2
146028999969,8,6,2
137439025279,6,5,1
369103,6,5,1
8589991831,11,10,1
360253,26,23,3
214651,38,23,15
111669411698,7,6,1
8590034125,25,21,4
8590054268,6,5,1
90654,32,19,13
220356,65,50,15
68719680333,9,8,1
42949898484,7,6,1
8590057104,15,14,1
25769927248,14,8,6
8590372182,12,11,1
8590005388,15,13,2
42949930582,15,14,1
25769922363,6,5,1
42949930581,3,2,1
17179874791,29,25,4
154618921735,5,4,1
96600,73,56,17
87655,53,45,8
8590317416,18,17,1
25769868073,6,5,1
68719539061,4,3,1
163208855309,5,4,1
94489582621,6,5,1
25770142971,9,8,1
25770142976,11,10,1
34359962138,10,8,2
8589937308,95,62,33
17179987848,22,18,4
158482,18,14,4
6885,76,36,40
139815,4,3,1
139808,14,11,3
361257,16,13,3
68719697297,4,3,1
17180174838,14,13,1
77309494406,9,8,1
25770061109,31,24,7
17179878266,12,10,2
17179878256,7,6,1
8590105485,36,21,15
51539954157,12,11,1
171798909936,3,2,1
8590052784,41,26,15
85899655021,12,11,1
29833,34,31,3
17180016363,15,14,1
154618933820,5,4,1
279382,28,20,8
51539986021,13,9,4
162844,17,16,1
103079354384,10,9,1
42949798260,10,6,4
25770216205,13,12,1
17179871609,13,11,2
42950055481,8,6,2
17179998363,3,2,1
143739,6,5,1
85899602759,3,2,1
163969,49,29,20
191645,12,10,2
51539887217,10,8,2
172595,7,6,1
85899642025,3,2,1
42949813139,9,8,1
25769895803,18,13,5
17180077182,38,30,8
8589994117,9,7,2
322187,9,8,1
8589953852,29,28,1
51874,31,30,1
27006,20,13,7
96130,13,5,8
60129859463,12,9,3
8590046140,13,11,2
217236,60,38,22
335206,13,12,1
34360080798,10,9,1
267809,17,11,6
335202,9,8,1
170111,3,2,1
170110,4,3,1
170112,6,5,1
8590163930,14,11,3
210529,10,8,2
17180138648,16,14,2
51539855909,9,8,1
8590176757,14,13,1
29926,24,18,6
6243,110,78,32
8590299047,9,8,1
8590082144,19,16,3
25769809440,22,19,3
8589969016,104,79,25
34359828588,17,13,4
97345,9,7,2
83266,14,10,4
302471,31,24,7
42949684809,7,6,1
17180138463,16,14,2
98813,16,10,6
8589942390,32,15,17
112607,47,23,24
60129585712,8,7,1
60129743737,7,6,1
42950103341,10,9,1
287822,9,8,1
171799057401,6,5,1
8590229929,7,6,1
28892,40,35,5
8590345112,10,7,3
91938,28,24,4
17180071069,22,21,1
25769981867,37,33,4
68719852321,12,11,1
69403,99,70,29
19047,19,16,3
85899419160,14,12,2
332229,49,44,5
320340,20,18,2
320347,8,7,1
17180254677,4,3,1
120259505860,3,2,1
68719884202,7,6,1
154293,11,10,1
17179869648,10,8,2
8590239126,5,4,1
8590230285,9,8,1
8590230286,13,12,1
25770100896,11,6,5
25769929341,11,10,1
8589998096,5,3,2
8590309781,13,4,9
25769967376,6,5,1
8589955917,8,7,1
8589955922,6,5,1
17180119717,5,4,1
17179890574,7,6,1
77309474045,5,4,1
135004,5,4,1
42950093430,15,14,1
19579,116,15,101
17180093703,19,10,9
102125,16,9,7
17180093709,3,2,1
17180093707,4,3,1
8589982645,33,32,1
60857,13,12,1
68719503547,4,2,2
103079358650,3,2,1
34359825902,11,9,2
51539814679,9,8,1
8590120759,16,10,6
17179872506,15,14,1
205055,24,13,11
25770247830,8,6,2
87830,9,8,1
8590196572,12,11,1
25769872755,24,8,16
34359879490,5,4,1
8590351133,34,22,12
223338717183,3,2,1
94489363022,5,3,2
60129632512,18,16,2
111669246374,4,3,1
8590085040,10,8,2
42949722007,14,9,5
8590043981,42,13,29
27902,14,13,1
23215,46,31,15
17179981793,12,11,1
202827,13,11,2
117480,14,11,3
391526,31,27,4
8590088814,13,12,1
8590006691,15,14,1
28932,77,47,30
42949941055,12,8,4
25769862142,11,10,1
51539752265,23,16,7
295682,23,22,1
25769931000,31,29,2
17180291522,25,9,16
123516,15,12,3
68719565991,5,4,1
25769906594,5,4,1
48752,50,25,25
39683,11,9,2
39679,7,6,1
8590347178,12,7,5
39681,22,21,1
34359856326,8,7,1
34359856327,5,4,1
25769884833,13,5,8
95380,5,4,1
275177,32,14,18
137439175474,3,2,1
68719507388,9,7,2
17179940114,9,7,2
42949908792,12,8,4
68719668089,8,6,2
116082,42,34,8
17180009562,5,4,1
8590305708,12,10,2
8590105820,4,3,1
8590105819,6,3,3
77309753099,3,2,1
85899423084,6,3,3
8590071092,42,29,13
238774,18,16,2
8590158485,12,11,1
17180153759,11,10,1
179365,5,4,1
8590248637,9,8,1
25770088804,10,8,2
319889,11,10,1
25770085202,3,2,1
146029140526,4,3,1
86577,18,17,1
8589981127,5,4,1
8590124008,16,14,2
117927,9,7,2
117929,17,13,4
17180211853,7,4,3
17180072042,8,6,2
51540044780,3,2,1
34359888172,5,4,1
42949868743,7,6,1
137439036179,7,6,1
68719774966,7,6,1
172882,17,16,1
184628,11,10,1
8589995990,28,26,2
25770012528,7,6,1
25770012524,5,4,1
17180107006,7,6,1
25770012519,3,2,1
25770012527,4,2,2
34359788413,14,13,1
104633,19,18,1
25769963870,6,5,1
34360158602,9,8,1
172552,16,14,2
103079492659,4,3,1
25769962400,5,3,2
85899517406,7,5,2
60129708880,6,5,1
309110,20,15,5
77309503772,3,2,1
137439231203,5,3,2
34360048141,8,6,2
137439231204,4,2,2
25770033279,16,13,3
8590208234,6,5,1
77309683777,5,4,1
192454,26,23,3
265104,22,16,6
77309464305,7,6,1
42949983413,7,6,1
25769863976,6,5,1
79899,19,16,3
8590128983,11,10,1
423178,12,11,1
51540011255,3,2,1
8589995700,35,28,7
17179909732,13,12,1
17180090071,12,9,3
17180269511,6,5,1
137439181296,5,2,3
373024,17,13,4
25769983020,4,3,1
34360159115,6,5,1
25769975156,10,8,2
25769975164,5,4,1
17179967448,5,4,1
107166,9,8,1
25769847033,7,5,2
171798723922,4,3,1
17180234361,9,8,1
8590205068,13,12,1
18011,16,14,2
42950051229,15,13,2
98343,12,11,1
153958,17,16,1
20099,11,9,2
51539720140,12,11,1
111669338328,11,9,2
77309546992,8,7,1
120259124755,3,2,1
73878,56,42,14
8590179651,13,11,2
17180115257,18,14,4
8590268664,4,3,1
8590268657,22,17,5
17180291649,22,21,1
8590212141,5,4,1
8590059667,17,15,2
77309439499,7,6,1
223223,36,32,4
68719792724,9,8,1
25769904217,6,5,1
926,13,9,4
294991,52,28,24
336603,37,20,17
42949995682,12,5,7
189455,7,5,2
8590284452,4,3,1
42949999101,12,11,1
42949688609,8,6,2
25769953754,15,9,6
17180057737,6,5,1
17180119080,3,2,1
34359953347,7,6,1
60129805542,4,3,1
8590072543,5,4,1
120259401105,7,6,1
220638,77,57,20
34359963067,3,2,1
8590208273,31,21,10
90801,4,3,1
85899434566,4,3,1
111669466190,5,4,1
137439281044,5,4,1
103079539487,6,5,1
88095,29,17,12
17180045558,12,10,2
60129676735,11,10,1
249108355937,4,2,2
51539750339,9,8,1
107712,24,15,9
42949819506,16,12,4
25770068060,15,13,2
25769932166,18,16,2
363854,18,17,1
51539612829,7,6,1
8590189770,16,12,4
51539869462,7,6,1
17180025034,10,9,1
51539869459,8,6,2
146028905021,3,2,1
392724,28,21,7
42949787780,9,3,6
17179933902,4,3,1
68719687304,7,6,1
34359943643,12,9,3
5102,32,19,13
8590044468,4,3,1
77309509645,6,4,2
66270,57,23,34
4225,11,8,3
8590275795,7,6,1
76542,10,9,1
8590378014,14,11,3
34359873692,8,7,1
218855,33,27,6
17179924255,5,3,2
8590234339,33,21,12
8590182876,16,14,2
397961,3,2,1
34360138393,12,11,1
17180167775,25,23,2
225182,20,19,1
55919,9,8,1
55914,12,11,1
55921,9,8,1
25769875496,7,4,3
17180112566,11,10,1
8590346663,26,18,8
51539944624,4,3,1
405631,8,7,1
8590283695,21,14,7
129499,9,8,1
405626,22,12,10
60129906378,16,4,12
234231,27,24,3
25769911223,24,23,1
17179950382,7,6,1
409930,8,7,1
8590122272,4,3,1
247571,4,3,1
42949713459,8,6,2
163648,58,34,24
42949948440,9,7,2
68719490382,13,9,4
381575,15,8,7
17180047517,6,5,1
381569,10,7,3
381573,13,9,4
9528,53,50,3
8590187994,3,2,1
8590084613,9,7,2
8590084615,9,7,2
85899358391,5,4,1
416071,7,5,2
8590090643,56,47,9
98253,32,6,26
8589955130,29,24,5
8590028072,26,25,1
17180107489,8,7,1
331028,15,9,6
17180107486,11,10,1
85899717029,10,9,1
111669289347,4,3,1
42949710288,5,3,2
24527,4,3,1
24523,270,27,243
105230,24,17,7
250773,8,7,1
68719650068,13,11,2
68719795922,4,3,1
17179936095,5,3,2
17179900133,13,12,1
42949932997,12,11,1
8590178648,4,3,1
34359843547,14,13,1
149501,28,24,4
103079554848,5,4,1
8589995843,14,13,1
17180177611,10,9,1
171799096209,3,2,1
124502,15,11,4
8589949780,16,14,2
60129679166,10,7,3
68719778228,7,6,1
128849369895,3,2,1
51540017785,7,6,1
728,20,11,9
85442,103,77,26
278908,21,17,4
85899713082,4,3,1
206158835683,3,2,1
25769828623,5,4,1
8590090215,8,7,1
8589941175,12,11,1
8589941179,16,13,3
8590120677,12,10,2
8590159666,22,16,6
274805,9,7,2
25769960776,16,15,1
68719723322,10,8,2
51539808902,9,7,2
326598,7,6,1
137439054839,5,4,1
292058178655,3,2,1
60129960019,6,5,1
197568792868,3,2,1
51539907436,10,9,1
366110,32,20,12
240283,44,24,20
8590272879,29,19,10
8590295789,36,13,23
25769842858,20,15,5
34359985980,7,6,1
42950052651,23,22,1
146029011385,6,5,1
17180306328,4,3,1
60129565145,5,3,2
17180125978,8,7,1
8590355094,8,7,1
8590355101,8,7,1
34359953944,5,4,1
34359953950,5,4,1
34359953947,4,3,1
42949786421,5,2,3
48749,56,20,36
8590011238,19,17,2
265864,54,47,7
17180106868,8,7,1
34360056361,10,4,6
2860,5,4,1
94036,44,17,27
34359755791,23,16,7
246106,15,13,2
144743,35,24,11
173510,9,8,1
330632,5,4,1
25769851881,28,20,8
34359929146,17,15,2
108405,41,29,12
8590175751,30,27,3
25770141540,12,10,2
333395,3,2,1
333398,8,7,1
154003,75,42,33
17180222298,28,20,8
42949997611,6,5,1
20533,13,11,2
60129557773,11,10,1
17180139165,7,6,1
8590042515,6,3,3
176758,10,9,1
34359754847,12,11,1
266736,11,10,1
17179984232,6,5,1
17179984227,7,6,1
68719490885,6,5,1
128849337873,4,2,2
42949973823,3,2,1
42950038185,4,3,1
86563,17,16,1
86564,29,28,1
51540043983,18,16,2
167322,10,8,2
8590287884,28,16,12
8590287880,21,20,1
8590287874,12,10,2
400199,30,25,5
347446,87,72,15
206158637466,3,2,1
42949995404,3,2,1
68719887169,3,2,1
34359757053,3,2,1
128849139067,4,3,1
77309480517,10,8,2
154618944519,4,3,1
120259267291,8,6,2
200772,10,9,1
34359994321,5,4,1
258728,7,6,1
237497,91,60,31
17180245674,11,10,1
34360141988,8,4,4
50884,3,2,1
25769854114,4,3,1
8590003335,5,4,1
34359819031,6,5,1
111669236575,4,3,1
77309568319,5,4,1
291274,19,17,2
32282,53,40,13
160005,95,54,41
103079534545,3,2,1
17180091596,10,9,1
33926,32,24,8
8590003407,10,9,1
34359778011,4,2,2
222247,10,5,5
8590114191,21,17,4
68719751169,6,3,3
120259469325,8,6,2
146029296161,3,2,1
8590321180,7,6,1
34360128111,9,8,1
17179981737,8,6,2
17179981736,14,13,1
25769973518,21,19,2
25769973521,13,11,2
8590357316,10,9,1
5391,137,40,97
34360056733,7,5,2
51539696118,3,2,1
64296,21,19,2
64306,18,17,1
17180047602,9,8,1
17180047597,12,11,1
42949820681,4,3,1
8589956042,21,14,7
8590339397,12,11,1
128849194135,5,4,1
17180003320,22,19,3
17180112269,17,16,1
294415,17,15,2
253190,37,33,4
8589941091,25,2,23
21651,29,23,6
25770023990,6,5,1
68719813990,3,2,1
34359771629,5,4,1
34359817315,4,3,1
68719506285,6,5,1
25769876126,8,5,3
8590354471,12,11,1
171798968967,4,3,1
42949783649,5,4,1
8590380109,4,3,1
17180068973,7,5,2
17180068967,7,4,3
8590007831,25,22,3
34359986945,17,14,3
34359986951,20,13,7
42950050950,14,11,3
25769894090,8,3,5
343313,16,12,4
68719888169,8,6,2
42949765758,9,7,2
8589971069,6,5,1
25770136535,7,6,1
17179879423,72,24,48
17180074866,24,21,3
25770151874,6,5,1
17180270201,11,8,3
87916,3,2,1
34359785385,8,7,1
8590135974,7,5,2
17180051824,6,5,1
17180115058,37,29,8
214748643228,4,3,1
94489692520,5,2,3
8590297928,11,9,2
286404,10,7,3
25769935522,11,10,1
338129,130,87,43
103079356920,3,2,1
80560,9,8,1
57634,6,5,1
103079471195,8,7,1
112769,40,27,13
34359928074,9,7,2
103079299237,4,3,1
34360022839,9,8,1
8590097005,5,4,1
8590006665,13,12,1
31643,256,137,119
34359921589,21,17,4
85899641795,9,7,2
77309846876,4,3,1
8589989183,5,4,1
25770142575,23,22,1
264197,14,13,1
34360092391,14,13,1
8590038670,4,2,2
8590077178,5,4,1
8590292599,19,13,6
86416,4,2,2
8590292602,5,4,1
160313,7,6,1
160311,75,53,22
51539979965,14,13,1
54236,56,50,6
17179989268,6,5,1
232700,14,12,2
17186,68,47,21
359683,45,30,15
213047,5,3,2
17179983476,14,7,7
8590190378,10,6,4
213046,10,6,4
213043,8,5,3
17180149199,17,16,1
25769966104,4,2,2
8589963676,21,20,1
8589945510,4,3,1
154618977667,4,3,1
34360055434,9,2,7
25769966195,23,16,7
324207,51,46,5
8590185566,26,15,11
335569,17,15,2
68719640944,7,6,1
17180252525,16,8,8
85899629483,3,2,1
275829,22,19,3
8590331511,11,10,1
60129649257,7,6,1
120259465251,9,8,1
8590284850,4,3,1
25770181088,9,8,1
25770167838,34,19,15
417544,22,12,10
250486,29,24,5
17180046560,3,2,1
17180046562,4,3,1
8589999212,9,7,2
111669174980,11,10,1
17179976075,4,3,1
154618930107,8,7,1
17180116255,29,21,8
111669380728,4,3,1
49238,36,17,19
158868,10,9,1
8590311387,61,49,12
51540015639,4,3,1
54684,23,18,5
8590235046,6,4,2
381719,22,18,4
8590366005,13,11,2
17180187881,20,16,4
131367,34,27,7
8590138545,12,10,2
283394,5,4,1
8590186961,12,11,1
229417,14,13,1
68719759716,17,13,4
143341,9,8,1
143339,29,25,4
175037,18,17,1
25770180028,15,14,1
8590213823,10,9,1
42950002807,11,8,3
42950002806,11,8,3
42950002800,8,6,2
34360011991,5,3,2
8590237519,5,4,1
34359776783,12,9,3
77309768764,10,8,2
8589996425,14,7,7
77309622880,10,7,3
42949923246,11,10,1
60129574659,6,5,1
385126,15,14,1
305887,7,6,1
8590168441,18,15,3
359297,57,43,14
60129849258,6,5,1
15320,65,32,33
8590022518,7,6,1
8590023171,27,23,4
17180153706,7,6,1
8590275041,4,3,1
94489618448,8,6,2
17179913716,16,10,6
163208920541,4,3,1
60129655993,7,6,1
25770087129,8,6,2
25769812867,7,5,2
17180241348,21,20,1
137439362254,3,2,1
254990,45,28,17
51539880756,4,3,1
25770179463,22,18,4
417515,13,12,1
17180226289,8,2,6
781,25,17,8
790,13,12,1
17180289168,11,10,1
60129768365,5,4,1
25769886399,9,8,1
103079304569,9,7,2
60129787605,6,5,1
111669459899,10,9,1
25769958137,24,19,5
103079356976,4,3,1
8590369001,77,45,32
25769963812,7,6,1
25769901355,37,32,5
50828,20,11,9
25770177041,9,7,2
8590000898,6,5,1
137439025292,4,3,1
8590005967,40,20,20
137439025290,4,3,1
17180265293,38,20,18
103079340407,6,5,1
51539668807,4,3,1
8590254067,11,9,2
8590149128,15,7,8
8590265737,9,7,2
34360067693,6,5,1
25770073301,4,2,2
51540015737,9,7,2
60129585885,4,3,1
51539747825,5,3,2
8590050765,4,3,1
8589974396,31,29,2
229197,22,15,7
8590005210,9,8,1
34359883732,9,8,1
51539609861,9,8,1
34359831232,11,4,7
171798748178,3,2,1
8590242456,6,5,1
25770184234,19,15,4
8590051187,18,17,1
25769875696,41,14,27
146029254183,6,5,1
8590118809,27,26,1
8590269176,25,16,9
8590006016,38,35,3
25769806020,22,15,7
34359846415,14,12,2
34359862254,23,18,5
309927,8,7,1
390480,78,47,31
25769915696,18,17,1
67075,25,20,5
42949921064,24,22,2
378092,3,2,1
17180266650,25,13,12
130128,37,35,2
25770069875,10,9,1
328978,16,13,3
94489622596,3,2,1
8590005544,52,38,14
77309685117,5,4,1
34359738727,20,14,6
8590087172,31,21,10
8590330445,9,8,1
77309758300,8,7,1
94489425919,5,3,2
60129631859,8,5,3
60129881325,3,2,1
25769977216,6,4,2
60129891030,6,5,1
8590031366,6,5,1
17180113405,3,2,1
8589974972,30,22,8
217665,21,18,3
17180073285,9,8,1
17180239134,9,8,1
300165,30,23,7
17180303927,11,9,2
42949746558,5,4,1
8589980539,11,9,2
137439248457,8,6,2
94489328847,4,3,1
406986,8,7,1
209116,17,15,2
8590138870,13,12,1
381230,26,20,6
78139,18,10,8
8590037557,13,12,1
17180295726,9,7,2
34359983340,14,11,3
25769859715,7,6,1
34359983345,14,11,3
152087,23,21,2
206158730673,4,3,1
172597,129,67,62
36370,31,25,6
25769889274,5,4,1
68719616677,10,8,2
68719620009,8,4,4
177014,15,14,1
77309797232,4,3,1
77309797235,6,5,1
60129895012,12,11,1
77309797230,3,2,1
60129910540,10,9,1
8590281428,29,20,9
85899645158,13,9,4
8590282262,7,6,1
105359,43,36,7
42949716116,3,2,1
256792,21,19,2
8590174404,4,3,1
8590358400,46,37,9
51539773946,10,7,3
8590268604,21,14,7
128849394140,4,3,1
128849394137,4,3,1
34359847530,4,3,1
34359946982,15,11,4
34359946987,10,9,1
8589995257,6,5,1
34359945565,6,5,1
85899755277,4,3,1
60129568109,9,8,1
380549,8,6,2
197568920502,3,2,1
25769994916,7,3,4
111669310527,5,2,3
209765,102,58,44
17179924603,19,16,3
8590153870,34,27,7
8589955674,26,20,6
180571,48,37,11
393319,29,20,9
34951,44,41,3
60129953735,14,12,2
68719864265,13,11,2
241370,20,14,6
17180256514,9,6,3
51540007623,24,17,7
17180256515,9,8,1
42949999480,4,3,1
146029282765,4,3,1
403995,31,26,5
8589958002,15,13,2
113636,3,2,1
240518336058,3,2,1
34359859306,5,4,1
25769856714,7,6,1
188978599752,3,2,1
51539774291,4,3,1
51540036544,5,4,1
154619057781,4,3,1
154618909727,4,3,1
94489557198,9,5,4
34359923486,27,24,3
21771,18,17,1
17180029254,6,5,1
8590335642,16,14,2
375271,9,7,2
87802,27,17,10
293309,25,23,2
25770014101,5,4,1
25770014104,7,4,3
42949825431,9,8,1
285041,8,7,1
17180241668,30,23,7
315845,13,12,1
8589993054,36,22,14
315844,6,5,1
8590123022,58,32,26
8590277888,5,4,1
68719844868,10,9,1
17180097186,10,7,3
8590074915,15,14,1
25769888746,5,3,2
163208812910,5,4,1
8590226191,14,12,2
17180191323,15,12,3
8590027951,7,6,1
98778,26,22,4
17180206788,9,5,4
17180206792,8,5,3
307920,5,3,2
17180139085,14,2,12
17180139084,3,2,1
8590090250,25,15,10
8589964750,40,21,19
103079295619,10,9,1
120259090101,7,6,1
8589949501,36,33,3
315072,18,17,1
42950084187,14,13,1
8590111484,40,28,12
120259181004,5,4,1
77309565215,4,3,1
80605,33,31,2
51539623351,8,7,1
51539623354,7,6,1
299407,10,9,1
8589973929,16,15,1
8590347054,4,3,1
42949729688,10,8,2
103048,12,10,2
51539793511,8,7,1
152373,32,31,1
123053,50,41,9
24920,24,19,5
42949992340,7,6,1
34359927785,8,5,3
17179925989,6,4,2
77309673195,5,4,1
60129802973,7,6,1
8590215397,14,10,4
128849277794,8,7,1
17180056350,35,21,14
42949847824,37,26,11
17179904192,9,7,2
17179904182,24,20,4
22100,36,26,10
113314,34,31,3
118219,7,3,4
17180253529,3,2,1
94489559451,5,4,1
94489581383,3,2,1
146029239096,3,2,1
271499,33,28,5
169989,80,52,28
236775,49,35,14
21803,25,24,1
77309841337,7,6,1
8590205468,9,8,1
8590026871,22,17,5
218012,12,11,1
34359813589,5,3,2
34359881537,7,6,1
17179869627,9,8,1
336398,10,6,4
341929,45,36,9
341926,54,44,10
25770208530,7,6,1
42950073455,12,10,2
331890,16,4,12
17179951932,10,9,1
340798,19,18,1
163208851141,3,2,1
60129886984,14,13,1
316502,17,16,1
163208860166,9,7,2
45184,5,4,1
17180231259,9,7,2
222612,42,32,10
25770039145,8,6,2
22965,34,19,15
8590344642,6,5,1
99970,5,3,2
8590236857,4,3,1
8589955680,3,2,1
17179910536,4,2,2
250145,6,5,1
271105,8,7,1
190030,18,9,9
274789,11,9,2
8590333791,28,15,13
25770206784,5,4,1
25770069067,8,6,2
77890,175,83,92
94489320937,9,7,2
8590348646,30,25,5
8590083839,18,17,1
17180108006,17,12,5
146029293762,5,4,1
25769849725,11,9,2
34359944768,6,5,1
25770005773,5,4,1
17180204070,11,8,3
25770092108,9,8,1
34359754872,4,3,1
8590195322,16,13,3
25770059448,8,7,1
127020,34,21,13
17180309110,10,9,1
60129637601,5,3,2
8590038180,30,23,7
25864,39,28,11
146029206889,5,3,2
60129783173,5,3,2
51539923775,6,5,1
42949863448,8,7,1
34360094916,9,8,1
8590055269,6,5,1
176083,28,26,2
194752,36,33,3
17179988464,7,6,1
11944,242,135,107
8590362913,15,9,6
8590075318,5,3,2
8590189909,5,4,1
8590189908,4,3,1
77309514219,15,12,3
42950071093,3,2,1
90955,8,4,4
375609,29,8,21
91138,121,66,55
17179911874,3,2,1
186826,160,76,84
68719733621,4,3,1
97982,81,69,12
8590189832,4,3,1
8590025524,46,30,16
68719841000,3,2,1
83349,31,26,5
77309742885,7,6,1
51539625068,4,3,1
51539625069,11,10,1
8590294930,10,9,1
77309830235,4,3,1
8590102043,16,15,1
17180252192,33,25,8
8590063452,6,5,1
154618846109,4,3,1
17179935434,4,3,1
230313,28,4,24
42949878306,18,17,1
42949813948,5,3,2
8590221615,9,8,1
17179889771,17,14,3
42950025164,5,3,2
25770246838,5,4,1
85899649937,7,4,3
94489296849,5,4,1
8590151681,16,12,4
52473,46,30,16
42949992420,8,5,3
307156,4,3,1
6610,12,10,2
60129750836,7,6,1
36594,23,20,3
112705,21,20,1
103079387118,10,9,1
17180110988,5,4,1
131364,7,6,1
255,63,43,20
85899395697,9,8,1
8590045662,7,6,1
386780,33,29,4
55321,18,15,3
34359766117,4,3,1
60129933028,5,4,1
62653,71,54,17
8590308555,8,7,1
51539855508,5,3,2
259222,33,31,2
279766,13,12,1
8590242387,3,2,1
29911,19,7,12
111669247612,6,5,1
32686,4,2,2
3410,10,8,2
25770113689,3,2,1
103079348694,3,2,1
103079348699,5,4,1
103079348696,5,4,1
8589953314,29,24,5
8590137727,7,6,1
8590109312,8,7,1
34360121442,8,6,2
206708,10,7,3
8590134683,5,4,1
8590134690,13,11,2
149900,8,6,2
8590047534,9,7,2
158485,7,4,3
158477,15,11,4
34359742822,5,4,1
60333,9,7,2
40847,14,8,6
17180107088,40,24,16
8590255056,17,9,8
25770007934,14,12,2
11416,92,59,33
73749,304,153,151
80080,62,47,15
8590005781,60,54,6
17179911099,27,26,1
25770226253,20,13,7
17180239321,29,18,11
34360045238,13,10,3
34359761704,22,13,9
85899764223,4,2,2
120259241102,3,2,1
77309695033,3,2,1
103079616561,4,2,2
120259484956,4,3,1
8589975921,10,8,2
313156,80,53,27
8590245591,23,21,2
25769891725,4,3,1
414113,39,33,6
8590114319,5,4,1
25769891718,5,4,1
25770064262,15,2,13
25770118789,13,11,2
43001,58,52,6
34360059316,15,13,2
94489599098,4,3,1
42949860763,6,5,1
131268,7,6,1
8590037537,38,23,15
111669387748,4,3,1
25770161556,7,5,2
8590114515,5,3,2
85899430564,6,4,2
17179946907,5,4,1
17179946101,22,19,3
25770098211,16,15,1
42950056713,3,2,1
77309600857,15,11,4
17180138606,47,21,26
8590083051,8,6,2
60129864168,7,6,1
34360110573,3,2,1
25769938807,8,7,1
94489478627,4,3,1
25769975647,30,24,6
8590032161,25,19,6
8590239533,21,14,7
8590239528,17,10,7
42949859953,7,6,1
17179945651,7,5,2
8589940048,18,12,6
68719733788,7,5,2
8590239529,33,16,17
34360016441,12,7,5
42950081059,12,11,1
8590019093,25,15,10
42949909680,4,3,1
8590255034,15,14,1
34360054456,26,20,6
22366,41,32,9
17180223542,10,7,3
8590378579,10,8,2
77309645819,4,3,1
34360089185,6,4,2
8590134687,8,6,2
77309645820,4,3,1
8590378583,7,6,1
8590084991,8,7,1
34359771119,6,5,1
34359771116,6,5,1
8590084994,7,6,1
8590085001,19,15,4
8590129339,29,14,15
8590313420,12,6,6
34359917256,3,2,1
25770065957,20,15,5
144055,323,149,174
128849055883,7,6,1
8590197340,14,13,1
25444,139,33,106
60129918748,3,2,1
17179931996,29,25,4
221175,37,33,4
8590144131,18,11,7
8590144135,26,22,4
331671,43,38,5
17180160348,5,4,1
17179896788,11,10,1
8590221276,7,5,2
42950071399,5,4,1
17180184813,7,6,1
17180217114,7,6,1
274178,4,3,1
77309853667,8,7,1
365812,18,16,2
17180220412,5,4,1
51539866589,3,2,1
42949714921,3,2,1
17179900820,36,32,4
68719776059,5,4,1
85899370372,3,2,1
34359872799,6,3,3
25770153221,3,2,1
25769851360,3,2,1
25770186874,20,19,1
34359752671,30,27,3
77309560020,13,11,2
25770238371,7,6,1
42949728505,4,3,1
47355,10,9,1
17180206616,4,3,1
42949921286,21,17,4
248956,49,41,8
25770143293,7,5,2
25770207210,13,12,1
25770207209,15,11,4
8590289093,51,18,33
17180207143,11,10,1
180388629430,3,2,1
17180063868,16,13,3
8590015817,13,12,1
17180146837,8,7,1
190013,14,13,1
17180019673,9,7,2
25769913186,11,10,1
226297,14,12,2
266287993638,4,3,1
17179877878,24,21,3
8590001858,15,3,12
17180178577,4,2,2
266068,13,9,4
17179913285,12,11,1
8589951622,6,3,3
8590160241,13,10,3
17179896225,19,15,4
329994,131,86,45
60129976260,18,16,2
51539715971,9,7,2
17179890537,6,4,2
25770065895,25,17,8
77309768770,4,3,1
51540046195,10,8,2
154619169441,4,3,1
154618996688,4,3,1
157687,45,27,18
34359999569,9,8,1
34359813848,4,3,1
25770167356,7,6,1
57074,199,77,122
158607,14,13,1
25770117850,7,5,2
25770117851,5,4,1
68719834063,4,3,1
180388760504,3,2,1
357357,14,13,1
17180166303,17,12,5
17180007726,8,6,2
8590151684,3,2,1
128849280386,3,2,1
60129854011,17,15,2
17179967421,16,15,1
25769967007,11,9,2
25769967008,8,6,2
383920,9,7,2
51539718564,9,7,2
152132,16,14,2
200090,27,17,10
85899438449,5,4,1
327401,5,4,1
34360100347,5,3,2
17180118207,10,9,1
51539911921,10,7,3
60129619649,7,4,3
44014,29,24,5
8590331742,23,17,6
402295,17,16,1
60129880619,4,3,1
8590231652,9,8,1
8590129324,9,6,3
86122,14,12,2
8589958583,29,19,10
232044,98,80,18
20698,18,15,3
278081,5,4,1
8590150204,11,10,1
8589960102,39,33,6
8590216612,26,25,1
17180022348,13,12,1
8590360290,26,21,5
60129557562,3,2,1
8590027996,12,11,1
25769978061,11,6,5
60129759375,4,3,1
60129928319,3,2,1
68719635090,9,6,3
39339,15,11,4
8590260563,9,6,3
8589981594,6,4,2
8589981596,17,12,5
171798969568,4,3,1
94489362116,3,2,1
25769957971,5,3,2
8590017276,76,51,25
42949708209,9,8,1
77309470996,3,2,1
275721,35,27,8
206158560768,3,2,1
42949725066,21,17,4
378225,12,9,3
77309474609,4,3,1
28842,44,37,7
51539699245,14,13,1
34359911628,3,2,1
60129797272,4,3,1
25770130900,10,9,1
25770149108,6,5,1
17180049707,9,8,1
17180149027,15,14,1
17180149030,16,10,6
140506,65,32,33
42949704946,11,10,1
8589977304,48,37,11
51539793166,3,2,1
11602,5,3,2
42949897289,3,2,1
17179993753,12,9,3
17179963720,7,6,1
60129872181,16,15,1
240278,4,3,1
77309537768,5,4,1
8590083254,4,3,1
17180002734,25,12,13
39122,20,11,9
103079539745,5,4,1
85899735168,10,9,1
42949757891,6,5,1
17180036073,25,19,6
68719536888,12,8,4
8590373552,3,2,1
111669196825,4,3,1
358434,9,6,3
399058,14,12,2
399054,5,4,1
99229,9,8,1
8590172014,27,22,5
42949788074,8,7,1
85899448656,5,4,1
85899448657,7,6,1
239328,6,4,2
103079598081,7,6,1
409322,10,8,2
370671,51,37,14
17179950421,10,8,2
17179950415,7,6,1
17180072940,7,2,5
25769993844,27,19,8
8590083249,16,9,7
8590055213,30,26,4
128849389074,4,3,1
180388634606,6,5,1
68719551598,11,10,1
8590217668,8,7,1
8589965456,7,6,1
17180019861,9,8,1
8590073941,19,18,1
81970,18,14,4
146028952058,9,8,1
51539659394,3,2,1
34359764004,7,5,2
51539738794,19,14,5
124194,17,16,1
17180014371,9,8,1
8590034598,6,5,1
17179991480,35,20,15
363939,71,49,22
34359952582,5,3,2
17180126770,7,6,1
17179915677,11,10,1
25769973487,7,6,1
17180158472,25,22,3
34360015601,11,10,1
279703,10,9,1
8590110611,8,6,2
35460,8,6,2
17180243290,3,2,1
17179993948,3,2,1
60129571962,12,11,1
106966,25,22,3
51664,24,17,7
300570,60,27,33
75988,23,19,4
17180004343,5,4,1
60129963003,5,4,1
56790,43,28,15
94489363753,5,4,1
8589987432,6,5,1
34360070488,5,4,1
327071,26,24,2
327073,25,22,3
8590196370,4,3,1
60129796279,18,14,4
17180071565,60,30,30
8589945355,10,9,1
8589953306,52,35,17
8590117130,6,5,1
8590117133,12,10,2
42949877669,7,4,3
262417,5,4,1
46553,26,20,6
172633,12,10,2
172635,5,4,1
163209161216,7,6,1
94489370616,10,6,4
94489370618,6,4,2
386316,17,16,1
27626,7,5,2
27616,14,8,6
123550,27,23,4
17180153389,15,10,5
79214,11,8,3
60129825374,14,12,2
17180263236,11,10,1
60129580029,9,8,1
60129664705,9,7,2
154618940357,4,3,1
8589973576,16,15,1
68368,193,102,91
42949936844,9,8,1
8589936006,25,2,23
60103,7,3,4
8590113618,19,11,8
17180199471,7,5,2
17180199468,8,6,2
17180199470,7,6,1
154019,48,40,8
60129726175,8,7,1
8590056280,31,28,3
42950005946,14,13,1
42950005947,3,2,1
34360145903,6,5,1
17180233947,8,7,1
8589969989,39,27,12
8590201721,21,20,1
221006,21,20,1
25770150195,23,21,2
94489325400,5,4,1
17180019664,16,13,3
268360,10,9,1
353635,41,20,21
51540010339,6,5,1
8590223825,9,8,1
51539885595,7,5,2
8590316155,5,4,1
8589961586,51,48,3
99632,8,6,2
17180165306,3,2,1
34359796590,8,2,6
8590158651,12,11,1
13303,38,28,10
94489334553,7,6,1
42950037823,18,16,2
16646,31,18,13
60129557988,5,4,1
25769874362,23,22,1
246693,111,96,15
8590086493,7,6,1
117381,37,29,8
8590304403,11,7,4
68719510379,4,2,2
49469,12,11,1
137798,13,12,1
17179973992,10,8,2
8590092117,11,10,1
17180072170,9,6,3
42949871116,6,5,1
249108117768,3,2,1
78724,21,17,4
94489712540,9,8,1
285136,15,13,2
60129945970,6,5,1
25769844950,57,35,22
156021,24,21,3
51539708102,9,6,3
385349,25,22,3
363353,10,9,1
94489679821,7,6,1
34359873551,9,8,1
60129746779,9,8,1
8590074499,8,7,1
8590265224,25,22,3
17180205871,16,13,3
17994,36,20,16
17180305585,6,5,1
73324,23,19,4
67236,59,29,30
171799115235,3,2,1
8590208911,22,19,3
17180024209,17,16,1
7439,23,17,6
8590055646,30,25,5
8590341325,8,7,1
158048,20,15,5
8590053365,16,15,1
8590053364,9,6,3
8590005288,7,5,2
60129734784,10,9,1
15562,9,7,2
15557,4,3,1
8590375971,10,8,2
104800,24,22,2
199985,11,9,2
405065,45,36,9
60129723281,10,9,1
8590217139,33,27,6
42949865104,11,9,2
8590324066,33,29,4
68719819029,11,9,2
17180167154,7,5,2
17180024493,7,6,1
8590286445,9,8,1
8589959066,8,7,1
25770232020,13,6,7
8590233043,8,6,2
8590001905,26,20,6
8590233044,8,6,2
85899671888,6,5,1
223421,24,22,2
105880,114,49,65
25769982220,5,4,1
25833,54,25,29
267974,69,51,18
356551,13,10,3
137439197443,6,5,1
25770187573,4,3,1
25770047178,19,15,4
307937,19,17,2
17180197564,15,10,5
17179916568,8,4,4
60129624367,6,5,1
8590065853,14,12,2
42950076209,5,4,1
42949765509,5,4,1
8590337813,5,4,1
46287,19,15,4
8590288987,42,29,13
85899445165,6,5,1
17179931646,8,7,1
67036,27,17,10
232754,88,40,48
34359814048,9,8,1
94489474834,12,9,3
142006,142,70,72
63380,29,28,1
17180051716,21,20,1
17180228474,14,13,1
51539740273,5,4,1
85899491315,3,2,1
17180033534,16,3,13
60129751159,4,3,1
8589941148,8,5,3
77309629745,6,5,1
17180240099,12,6,6
337728,23,19,4
8590081213,16,13,3
259577,6,4,2
8590059794,6,3,3
8590059799,4,3,1
8590059795,7,3,4
8590059792,19,14,5
8590059791,6,4,2
8590059798,4,3,1
8590059800,6,4,2
137438959797,6,5,1
17179881764,8,7,1
17179881772,7,6,1
34359915860,24,20,4
327894,37,26,11
214748739577,3,2,1
8589995009,19,17,2
214748739576,3,2,1
34359845698,14,13,1
279286,53,39,14
120259382738,4,3,1
17179980183,25,22,3
25770216864,17,9,8
25770216873,8,5,3
60129755539,7,6,1
77309561455,10,9,1
77309561454,13,11,2
77309548430,7,6,1
34359888420,4,2,2
52715,8,6,2
52720,8,7,1
60129551611,5,4,1
42930,120,68,52
8589982709,15,14,1
8590289228,4,3,1
8590289229,16,12,4
17180023051,6,5,1
34359838746,22,21,1
8590282619,40,35,5
34360094392,7,5,2
8590128229,19,18,1
34359899949,19,16,3
25769916805,13,12,1
34359924263,15,13,2
297651,34,28,6
283468263282,3,2,1
8590120715,16,13,3
94489298991,4,3,1
60129940860,3,2,1
16938,13,3,10
42949723365,3,2,1
17180184524,18,14,4
188656,13,2,11
68719679778,4,2,2
222094,12,4,8
8589990243,6,4,2
164205,31,26,5
188978644611,5,4,1
25769839186,20,15,5
17179972420,7,2,5
42950003298,13,12,1
94489716679,5,4,1
171798822264,3,2,1
118206,7,2,5
34360051682,9,8,1
25770229686,5,4,1
60129770209,7,5,2
17180131456,13,7,6
103079441236,6,5,1
278882,12,10,2
8589952313,12,10,2
115785,28,14,14
17180187135,12,10,2
42949804801,11,9,2
187280,52,44,8
366150,45,34,11
8590361778,4,3,1
97033,16,12,4
25770078182,25,21,4
107486,75,49,26
398169,7,6,1
17180131293,25,17,8
205114,26,19,7
17180069720,17,10,7
8590299363,6,3,3
231928547742,5,4,1
8590000616,31,8,23
316180,33,29,4
17180110655,22,16,6
17180289743,13,12,1
8590350236,16,11,5
284271,21,18,3
17180086427,10,9,1
42949759829,11,10,1
42949759825,5,4,1
8590301155,46,30,16
8590271441,17,13,4
17180002517,9,7,2
8589939932,13,6,7
17179896711,31,12,19
375476,17,4,13
51539892342,3,2,1
14449,6,2,4
17180188131,12,11,1
17180307318,24,20,4
42950017843,19,12,7
397781,68,59,9
111669545909,6,5,1
103079251435,3,2,1
37038,58,50,8
94857,20,15,5
34360022775,3,2,1
8590057250,20,17,3
6670,23,21,2
25770092934,8,7,1
42950038088,13,11,2
42949832158,4,3,1
8589958693,5,4,1
111669423668,4,3,1
8589964907,15,14,1
68719481327,6,5,1
25769826817,11,10,1
17179869469,8,7,1
25770028327,18,16,2
25770028331,10,9,1
77309550942,10,9,1
8589997666,9,8,1
34359930174,3,2,1
68719487954,16,14,2
80470,20,18,2
8590007914,12,10,2
263329,6,3,3
263327,12,9,3
85899451301,4,3,1
171799016360,4,3,1
17179958796,6,4,2
17180074325,19,17,2
17180103639,6,5,1
42950026929,7,6,1
17179996829,18,14,4
109010,126,107,19
146029234414,8,4,4
51539770229,6,5,1
175105,36,29,7
17179925949,3,2,1
154619015949,3,2,1
350296,86,59,27
17179889261,13,11,2
51539717182,13,10,3
8590363395,22,16,6
139570,42,18,24
8590117618,10,8,2
8590117614,16,12,4
142801,115,18,97
94489563908,6,5,1
17179966309,6,2,4
8589965324,4,3,1
34360117558,4,3,1
8589977171,44,39,5
188978726978,3,2,1
360336,7,2,5
17180152782,15,14,1
334261,6,5,1
321691,46,34,12
8590244362,7,6,1
8590244360,3,2,1
8590244356,4,3,1
25769953748,14,11,3
51539767054,7,6,1
17180024862,21,17,4
8590148881,30,27,3
8590078247,22,16,6
60129684443,11,9,2
94489681913,4,3,1
17180261633,14,13,1
25769913014,10,9,1
17179938432,8,7,1
25769913013,9,8,1
34359942519,5,4,1
8590257993,10,9,1
25769890146,6,4,2
247033,31,25,6
42950103159,12,11,1
25770200281,30,25,5
186407,27,24,3
34359808280,11,9,2
8590291411,12,7,5
94622,9,5,4
237586,20,16,4
198337,8,6,2
103079580197,10,7,3
17179956281,63,54,9
137439208973,9,8,1
60129570631,15,14,1
60129570635,9,8,1
42949710563,12,11,1
68719513456,4,3,1
265812,17,9,8
8590183314,21,20,1
312877,56,35,21
34359760915,14,13,1
34360022041,6,4,2
8590195523,7,6,1
42949922564,8,6,2
8590252863,9,7,2
60129622690,10,9,1
40591,39,35,4
238569,22,3,19
103079374621,4,3,1
68719660099,4,3,1
17180102427,24,23,1
17180304922,18,16,2
35553,43,25,18
171799064521,3,2,1
272489,18,14,4
120259345455,6,2,4
25769820569,11,6,5
70611,32,28,4
25770008177,10,7,3
17179917211,17,16,1
77309606549,5,4,1
42949997233,10,9,1
85899749288,10,9,1
34359884462,40,14,26
370757,20,12,8
376502,12,10,2
8589997837,17,15,2
17180238908,17,8,9
236203,65,31,34
60129845543,6,5,1
8590167537,18,15,3
8590248438,10,8,2
141698,3,2,1
34359821177,16,15,1
416544,28,21,7
416538,17,16,1
34359821181,13,12,1
414838,13,11,2
245562,11,10,1
8590109878,38,24,14
169598,18,16,2
25769991636,21,14,7
205082,11,6,5
17179972323,35,24,11
360352,9,5,4
34360096741,8,3,5
8589935581,17,15,2
17180013979,24,22,2
8590321990,3,2,1
368410,17,16,1
394444,17,14,3
77309800877,17,15,2
51539898071,8,7,1
25769887488,15,9,6
17179982853,6,5,1
17179982857,8,6,2
17179982856,13,8,5
77309836550,10,9,1
8589953273,24,18,6
17179869530,46,38,8
420702,7,6,1
55466,12,10,2
17180134023,11,10,1
34359822929,4,3,1
85899781080,18,17,1
300072,14,13,1
17180056504,4,3,1
25769966855,16,13,3
17180127331,5,3,2
8590003715,13,10,3
17179926827,3,2,1
70638,10,8,2
8590222153,46,35,11
231004,15,12,3
17180173881,3,2,1
8590244072,5,4,1
77309569779,4,3,1
58866,22,21,1
25770160351,21,17,4
17180305824,4,3,1
51539775619,6,5,1
8590134817,113,27,86
8590311280,44,7,37
17179873584,13,9,4
178029,16,13,3
42949680928,13,11,2
8590363445,10,5,5
8590363439,10,6,4
8590363440,7,4,3
8590363433,10,5,5
8590363435,6,4,2
30679,75,10,65
17180069709,14,13,1
51539872226,7,6,1
25770137539,14,12,2
94489654455,3,2,1
25770137540,10,9,1
42949728807,6,5,1
17572,7,5,2
395755,5,4,1
18165,5,4,1
395756,4,3,1
42950021218,7,6,1
103079256825,6,5,1
8590094986,48,32,16
338532,19,10,9
8590149467,6,4,2
103079465047,5,2,3
8590238993,13,12,1
13114,7,5,2
8590118827,29,28,1
34359764871,12,11,1
8590089709,20,16,4
85899415002,5,4,1
51540006137,5,3,2
42950013236,9,7,2
60129560561,6,5,1
25769842029,17,14,3
136674,13,12,1
171911,16,12,4
171915,11,9,2
8590378368,18,17,1
25770190003,34,32,2
232673,76,54,22
68719672084,6,5,1
118173,6,5,1
197554,29,26,3
160781,121,93,28
26719,14,12,2
17180288995,6,5,1
17180082187,32,26,6
25770217090,14,12,2
77309448077,6,5,1
77309448071,5,4,1
77309448073,10,8,2
323739,27,26,1
73920,17,13,4
25769916379,11,10,1
326993,13,12,1
417195,11,7,4
85899754793,5,4,1
51540019506,8,7,1
369748,3,2,1
214748372025,3,2,1
25770093885,4,3,1
17180275592,9,6,3
17179873026,12,11,1
51539820880,29,26,3
97648,16,14,2
25769979328,5,4,1
51378,21,17,4
8589982664,11,10,1
364413,16,5,11
399254,15,12,3
68719728942,5,4,1
60129622605,9,8,1
26220,26,22,4
26218,20,18,2
8590048508,5,4,1
17179905954,12,9,3
232962,3,2,1
232958,3,2,1
222891,8,6,2
316423,12,10,2
316418,18,13,5
17180013316,5,4,1
137439246619,3,2,1
25770134025,12,2,10
8589982062,27,26,1
8590079669,20,14,6
34359934586,18,17,1
4747,25,24,1
8590016759,10,9,1
17180066744,8,7,1
8590057833,4,3,1
17179936486,58,50,8
8590355347,16,15,1
34359795690,7,6,1
17180211362,7,6,1
111669542556,3,2,1
101453,58,35,23
8590144964,48,36,12
8590364696,7,6,1
8590364701,7,6,1
249108244970,3,2,1
85899665723,7,6,1
46711,10,8,2
8590320334,21,20,1
42949746173,7,6,1
42949746172,9,8,1
129770,18,16,2
146580,15,14,1
77309554104,15,14,1
17179981813,11,9,2
170147,21,16,5
103079307786,10,9,1
235653,25,23,2
42949911817,7,5,2
67279,15,13,2
68719816073,5,4,1
51927,6,4,2
8590092716,25,17,8
17180189387,7,5,2
25770110019,7,6,1
25770110024,7,6,1
8589936313,11,10,1
25770060592,19,16,3
17179932822,36,30,6
133066,42,28,14
17180240648,27,25,2
103079412990,7,5,2
17180254598,11,10,1
8590344382,18,2,16
42949963256,7,2,5
118646,24,12,12
17180025433,20,16,4
25770234817,15,13,2
25769950475,4,2,2
25769950473,6,2,4
25769950474,5,2,3
25769933634,33,29,4
279171,36,32,4
34359813534,9,7,2
103079441488,9,8,1
17179972145,16,15,1
23419,19,13,6
8590173241,79,42,37
215903,101,47,54
17180233853,23,11,12
42950116175,11,9,2
42949970697,7,5,2
25770154923,24,23,1
2910,9,8,1
308528,25,16,9
136522,14,12,2
77309556439,6,4,2
346587,11,6,5
8589983519,8,7,1
8590222675,11,9,2
24567,89,51,38
8590070465,13,11,2
17180054548,21,17,4
8590141107,8,6,2
17179877911,23,19,4
68719781829,4,3,1
401235,20,17,3
8590100368,27,19,8
25769897052,10,9,1
117539,6,5,1
25769825513,9,6,3
8590099165,12,10,2
8590058139,7,4,3
25769808518,14,10,4
3818,28,17,11
3819,4,3,1
68719817967,9,8,1
34359937610,6,5,1
21395,6,5,1
42949801708,7,6,1
91673,10,9,1
8590200625,6,5,1
8590356107,12,11,1
17179904428,26,14,12
51539779302,7,5,2
229258,13,10,3
17179872301,21,19,2
231867,34,21,13
34360076355,14,10,4
231868,9,8,1
249108411860,3,2,1
17179892205,12,11,1
60129620241,15,14,1
77309691320,7,6,1
17180243305,10,8,2
111669536253,5,4,1
51539873698,24,23,1
111669536255,4,3,1
243292,13,8,5
25769981042,9,8,1
39776,4,3,1
163608,10,9,1
17180163496,8,7,1
248808,160,31,129
313986,92,63,29
34359763622,16,15,1
8590003858,46,37,9
164597,10,8,2
25770040658,10,9,1
25770117298,17,9,8
94041,67,31,36
25769880337,10,8,2
42949708799,10,9,1
8590205693,17,14,3
135057,25,20,5
8590208887,8,6,2
132573,15,13,2
191589,6,5,1
25770056281,17,15,2
94489675120,4,3,1
94489675114,3,2,1
25770038574,6,5,1
82987,13,11,2
25769807091,11,8,3
25769807087,7,6,1
25769807089,8,7,1
77309473355,10,6,4
34360028530,10,8,2
154619026546,4,3,1
17180262215,7,6,1
60129930277,5,4,1
202479,49,33,16
77309485925,3,2,1
17179993940,3,2,1
25770044872,12,10,2
60129665279,4,2,2
90750,156,92,64
25769938047,5,2,3
85899421193,4,3,1
85899421192,6,3,3
77309613792,5,2,3
77309613790,7,4,3
162222,22,20,2
42949905403,5,4,1
8590122103,17,14,3
42949894350,19,16,3
40715,11,10,1
40716,13,12,1
40721,5,4,1
40713,4,3,1
40712,27,16,11
40714,5,4,1
232849,30,25,5
8589976466,3,2,1
17180050346,17,16,1
17179883317,8,7,1
51539814681,8,7,1
128849201355,5,4,1
25769872029,13,11,2
171830,43,33,10
60129928024,12,8,4
170658,27,22,5
8590095088,52,35,17
25770191248,8,2,6
17179961904,14,12,2
8590315005,9,8,1
170027,32,15,17
184951,38,34,4
60129577027,4,3,1
34360107908,3,2,1
8590221571,29,23,6
163959,5,3,2
153162,19,16,3
150237,13,7,6
8589994101,34,33,1
21927,55,39,16
8589949108,36,25,11
154619063025,3,2,1
198668,62,32,30
34359981413,19,18,1
8589988616,28,24,4
68719740436,6,5,1
17179902361,10,8,2
206158523391,6,3,3
17180030253,17,14,3
25770096539,3,2,1
128849309242,3,2,1
117022,9,8,1
8590006853,12,11,1
34359823279,7,6,1
85899542474,9,8,1
8590133732,8,7,1
17179949383,23,19,4
229314,35,24,11
68719731394,7,6,1
392936,17,13,4
111669305846,6,5,1
34359771893,6,5,1
34359819512,20,17,3
8590205201,38,36,2
218378,11,9,2
390174,23,15,8
8590137117,23,17,6
85899756075,3,2,1
196680,7,6,1
17180255387,4,2,2
8589947741,28,21,7
141731,64,37,27
25770154042,9,8,1
122052,64,46,18
8590342718,64,34,30
8590010800,11,9,2
68719667422,6,5,1
8590337249,27,18,9
74626,8,7,1
142483,31,13,18
154619260646,5,3,2
8590185561,35,20,15
73976,12,11,1
25769880473,7,6,1
17179952823,13,11,2
97540,83,61,22
144260,23,20,3
139890,20,13,7
8590022162,32,28,4
17180071078,7,5,2
94489497087,3,2,1
273135,15,14,1
51540052176,9,8,1
42949772332,15,10,5
60129931814,14,13,1
255250,21,20,1
282741,124,48,76
34359990052,33,22,11
142795,8,7,1
142798,9,8,1
17180088572,7,6,1
8590272429,14,11,3
17180088575,9,8,1
17179973472,8,6,2
17179973464,9,8,1
17179973466,10,9,1
249108247517,4,3,1
120259434611,6,4,2
120259434613,6,4,2
60129842745,12,11,1
60129842744,11,10,1
17180226753,10,9,1
8590204136,17,16,1
60129749575,11,9,2
417510,41,31,10
77309463509,7,6,1
329681,21,17,4
34359802089,14,13,1
17179944420,12,11,1
17179944413,3,2,1
17179944422,11,7,4
42949732202,7,6,1
57795,7,6,1
94489606250,3,2,1
85899704934,7,4,3
85899704938,4,3,1
85899639578,5,4,1
412770,5,4,1
148174,75,29,46
94489595152,5,4,1
171798929567,5,3,2
154619129493,3,2,1
85899452372,6,4,2
171798929558,4,3,1
34359894640,18,13,5
60129767006,10,8,2
8589967385,19,16,3
8589991752,18,13,5
139748,5,3,2
185920,7,6,1
140944,24,21,3
42950019807,19,16,3
103638,33,21,12
94489664027,4,2,2
60129614161,6,5,1
32625,189,32,157
34359820532,15,10,5
8590172957,38,28,10
383324,28,18,10
8590274155,28,25,3
34360111607,21,17,4
60129941022,9,8,1
130264,20,17,3
8590078929,15,14,1
120259213562,7,6,1
34360115375,4,3,1
341199,15,14,1
8590362031,21,13,8
19866,12,10,2
215235,61,52,9
60129921624,4,3,1
146029324097,3,2,1
17180151846,7,6,1
8590056425,18,12,6
8590113743,17,11,6
25769883460,9,8,1
350595,38,37,1
17179974970,7,6,1
17179974981,7,4,3
25770152638,13,12,1
8589975892,10,7,3
8590150278,38,33,5
85899399735,5,3,2
32207,48,37,11
222853,4,3,1
110660,126,79,47
8590178227,14,13,1
25769825833,7,6,1
96178,5,4,1
8589997066,3,2,1
288801,3,2,1
8590100653,11,10,1
8590196246,12,11,1
17180192288,6,5,1
94356,30,29,1
17179887214,13,12,1
308834,12,11,1
34359802818,5,4,1
1320,7,6,1
25769934229,22,15,7
42949705850,22,16,6
42949875620,8,7,1
204224,29,22,7
217358,28,11,17
60129979892,9,8,1
4901,54,26,28
94489447677,5,4,1
85899547279,3,2,1
289827,7,4,3
8590059495,10,9,1
77309823819,6,4,2
8590098682,5,3,2
60129827592,5,4,1
351456,23,9,14
111669387686,5,3,2
210258,4,3,1
163209040628,6,5,1
111751,24,23,1
111749,29,26,3
74563,87,61,26
44902,66,55,11
42949826033,9,8,1
308306,5,4,1
60129600353,8,7,1
17180277470,11,8,3
203068,12,11,1
17180179648,9,8,1
60129922054,8,7,1
8590362254,12,11,1
38828,38,37,1
260808,86,61,25
8590283564,17,16,1
179283,14,12,2
351803,12,11,1
77309636845,8,7,1
8589981352,8,6,2
42950043325,7,3,4
25770205491,7,5,2
8590279190,32,27,5
223591,27,13,14
223596,3,2,1
8590218569,27,13,14
42949826824,20,18,2
25770015864,7,6,1
8590321363,10,7,3
8590130320,29,14,15
77309427739,3,2,1
68719896076,4,3,1
8589955369,3,2,1
103079509632,3,2,1
103079509633,4,3,1
94489324144,4,3,1
51539949163,4,3,1
8590036704,3,2,1
8590169515,16,15,1
42949930741,7,6,1
335507,12,11,1
51539623130,9,8,1
25770087040,15,13,2
8589953670,12,11,1
330239,30,27,3
17161,21,18,3
176160,24,20,4
176163,10,9,1
8590368114,13,11,2
182640,44,34,10
34360060797,11,9,2
8590212309,7,5,2
60129661349,15,10,5
8590234185,89,40,49
352915,33,29,4
8590032111,5,4,1
154619062292,3,2,1
154619062291,3,2,1
154619062289,3,2,1
51540030242,8,7,1
8589990323,23,9,14
51539790695,19,17,2
16511,49,37,12
218898,9,7,2
68719771037,14,13,1
286391,12,11,1
5087,174,98,76
42949693287,16,14,2
296149,43,31,12
25769856555,5,4,1
34360057296,5,3,2
17180102510,9,8,1
128849055576,3,2,1
8589940641,6,5,1
8589940637,6,5,1
8589940639,9,8,1
8589940634,4,3,1
313365,27,26,1
131301,33,31,2
131297,20,19,1
51539713769,6,5,1
25770010726,18,16,2
77309827082,6,4,2
94489383369,6,5,1
51539710400,10,9,1
17179922255,118,77,41
25770081318,7,5,2
34359795368,4,3,1
34359781312,11,8,3
51539995559,6,5,1
17180096266,8,7,1
232903,8,7,1
8589964491,49,42,7
339439,48,40,8
51539778878,3,2,1
8590336119,9,8,1
8590336121,8,6,2
34359808083,5,4,1
408240,17,14,3
8590129128,9,8,1
8590111108,14,13,1
25770206427,6,5,1
85899528866,8,7,1
381758,56,27,29
68719807476,8,7,1
17179985112,10,7,3
64195,12,10,2
247391,40,28,12
64197,8,7,1
291660,9,8,1
42949824246,10,9,1
123829,8,7,1
8590198011,18,15,3
187265,68,53,15
327470,41,26,15
25770079856,14,12,2
378961,24,20,4
123515,99,76,23
8590174417,13,12,1
60129701785,14,12,2
17179870835,4,3,1
98110,81,53,28
8590305393,40,20,20
8590305398,17,13,4
403165,21,18,3
259692,122,61,61
8590015830,5,2,3
68719844821,12,11,1
380289,26,18,8
193493,18,14,4
8590089237,6,4,2
17180228593,4,3,1
34359837254,8,7,1
34359837252,11,10,1
42949686804,5,4,1
197568828062,8,7,1
42950102789,5,4,1
295967,7,6,1
148399,14,11,3
295969,7,6,1
8590212500,10,9,1
8590212503,9,8,1
25769873364,40,29,11
8590131319,9,6,3
17180220095,6,5,1
389773,9,8,1
37717,14,13,1
245402,38,29,9
223393,9,7,2
223402,8,7,1
186866,57,37,20
312111,32,29,3
17180012240,12,11,1
34359923070,10,9,1
391412,19,17,2
128849400236,8,7,1
132400,6,5,1
17179967020,17,15,2
25699,163,82,81
8590291380,62,21,41
42949731942,17,15,2
42950056911,4,3,1
119988,36,25,11
144297,20,13,7
73308,27,26,1
120569,20,18,2
93573,30,24,6
311938,45,42,3
174391,66,50,16
25770052822,9,8,1
8590094394,5,3,2
8590105111,34,27,7
8590190693,22,20,2
8590076133,5,4,1
8590020443,23,21,2
60129931349,5,2,3
164794,34,27,7
42949971699,25,24,1
28572,110,51,59
68719661869,11,10,1
8589948679,8,7,1
17180287831,4,3,1
68719862574,5,3,2
146029193718,4,3,1
378063,7,5,2
233550,28,16,12
8589963224,3,2,1
8589963226,5,4,1
17180229185,9,5,4
60129970830,13,12,1
25770041043,5,4,1
393332,10,9,1
51539695108,19,7,12
77309504418,12,11,1
51539810128,10,8,2
68719581533,4,3,1
23065,10,7,3
212792,27,20,7
158771,13,12,1
411764,13,12,1
42950034363,4,2,2
176872,17,14,3
51539851762,3,2,1
51539723082,8,7,1
34359926389,5,4,1
25769809573,10,9,1
34359870313,23,19,4
146029192133,7,3,4
195021,20,19,1
60129849485,6,4,2
137439258976,7,6,1
418354,28,24,4
8590312815,8,7,1
17180255632,9,7,2
395048,30,23,7
17180239546,18,13,5
25769934370,23,20,3
17179939310,55,35,20
111669452443,4,3,1
17179880083,33,22,11
8590279739,18,16,2
17180246426,7,6,1
8590164380,18,17,1
68719505317,13,12,1
8590297789,25,24,1
8590297788,16,14,2
408476,4,3,1
274877934898,3,2,1
120259103548,6,5,1
8589954979,6,5,1
25770022189,15,14,1
8590231861,27,26,1
120259247937,6,5,1
8590306089,8,7,1
8590306084,9,8,1
17179877072,20,17,3
124793,53,39,14
124789,25,12,13
8590325912,11,10,1
25769965145,24,22,2
8590262592,8,7,1
42949740642,13,11,2
60129768567,6,5,1
270880,6,5,1
154618829586,6,5,1
188306,3,2,1
272775,7,6,1
17179891454,32,28,4
51539813488,7,4,3
8590008037,4,3,1
85899379955,5,4,1
275741,3,2,1
275740,3,2,1
42949737390,8,2,6
34359836244,5,4,1
8590140269,6,5,1
404245,8,7,1
11863,73,44,29
42949752681,6,5,1
220168,14,12,2
77309509524,5,4,1
17179960846,23,18,5
8590128243,54,42,12
34360149420,6,5,1
34360161777,13,12,1
34360161776,8,7,1
8590353921,7,6,1
357109,19,12,7
322989,60,27,33
94489518681,7,6,1
353066,10,9,1
8589938650,8,7,1
51539965907,4,2,2
17180244293,5,4,1
94489365497,6,5,1
17180213123,7,6,1
8589966805,27,16,11
42950021618,7,6,1
205653,23,21,2
381706,8,7,1
17179928320,10,9,1
85899470274,8,7,1
275648,18,17,1
25770247895,6,5,1
17179869562,16,15,1
8590349186,21,15,6
8590071537,20,15,5
34359794297,14,13,1
64707,59,25,34
338280,39,34,5
68719551799,3,2,1
180388652716,3,2,1
25770199676,11,10,1
94489559523,4,3,1
171798703131,3,2,1
120259382810,6,5,1
111669228062,4,3,1
197568863578,3,2,1
242956,60,44,16
8589946885,17,16,1
227001,76,30,46
42949786164,12,8,4
103823,13,12,1
8590173694,8,3,5
34359803041,8,6,2
85123,70,44,26
372125,18,17,1
216213,42,27,15
60129685760,14,12,2
17180171644,36,31,5
8590109139,17,14,3
51539878315,5,4,1
244729,171,107,64
12876,104,54,50
60129913095,10,9,1
8590287450,7,6,1
51539806246,3,2,1
17180167205,25,24,1
17179882909,10,9,1
81509,52,18,34
25770000844,27,15,12
8590101797,22,21,1
220335,17,11,6
25770003640,24,14,10
185854,8,6,2
8590338588,12,9,3
8590338595,7,6,1
111669510026,6,5,1
51539622965,3,2,1
356037,15,14,1
211708,24,18,6
201883,16,14,2
201882,15,13,2
17180261907,10,9,1
128849065362,5,4,1
25770025425,7,4,3
8590319517,23,22,1
312004,26,19,7
105927,13,9,4
111396,12,11,1
57994,23,21,2
129430,20,14,6
25770189654,14,12,2
17180234412,4,3,1
51539725297,6,5,1
17180243540,6,5,1
234900,7,6,1
74118,106,74,32
200377,24,13,11
301594,8,6,2
8590092157,11,10,1
128849152503,11,9,2
197568618416,3,2,1
25770202760,6,5,1
17180203873,10,8,2
17180275316,9,7,2
180388879828,3,2,1
17180013854,4,2,2
8590189892,14,13,1
51539885437,9,8,1
162171,129,30,99
85899531153,3,2,1
17179934145,9,8,1
25769908225,9,8,1
34360054807,4,3,1
34360054811,5,4,1
257885,29,28,1
4368,31,30,1
8590108722,19,18,1
365594,12,10,2
42949736989,5,4,1
42949689084,10,9,1
128249,12,11,1
94489515196,9,8,1
77309790210,8,7,1
8590067871,3,2,1
193802,33,15,18
17180050209,5,4,1
17180057078,30,24,6
274878280593,4,3,1
129325,101,77,24
103079588749,4,3,1
8590179768,13,11,2
8590179770,5,4,1
17179965698,24,19,5
139684,44,28,16
51539610137,7,6,1
8590151569,9,8,1
94489610366,6,5,1
8590091252,4,3,1
8589966963,4,3,1
8589978500,22,12,10
17180002514,21,11,10
25769892498,9,8,1
34359920595,21,19,2
17180213037,15,13,2
192682,59,50,9
192679,6,5,1
8590205637,20,12,8
17180041126,16,14,2
51540049007,6,4,2
128849386715,4,3,1
258366,51,44,7
288185,11,8,3
60129861773,5,2,3
79690,87,18,69
42949715513,10,9,1
85899685839,7,5,2
42950101346,11,10,1
94489481201,3,2,1
287675,10,9,1
175471,27,20,7
25769891816,6,5,1
103079593489,4,3,1
184986,26,22,4
17180301254,5,4,1
8590279174,43,39,4
34360047345,20,16,4
77309530078,8,7,1
8590351962,15,14,1
226859,43,26,17
97149,38,32,6
203026,12,8,4
34360089283,7,6,1
85899603919,4,3,1
25770217875,5,4,1
68719734641,3,2,1
68719734646,4,3,1
42949792604,4,3,1
8590075522,23,17,6
42950107975,8,6,2
76209,8,6,2
63249,53,42,11
34360062739,13,12,1
17180270688,17,15,2
215477,52,35,17
34359751427,8,7,1
17180177945,18,8,10
34359751419,12,10,2
25770009268,13,11,2
77309513268,7,5,2
77309839357,6,4,2
86194,17,12,5
42950027488,4,3,1
60129658305,7,6,1
8590188322,22,18,4
8590283045,6,4,2
304830,9,8,1
34359931851,15,14,1
60129780981,6,5,1
8590209304,11,9,2
42949757582,19,17,2
60129728144,4,3,1
8590240081,12,11,1
8590240083,5,4,1
8590088022,15,11,4
60129827793,5,4,1
17180263118,17,16,1
8589987887,101,44,57
97664,8,7,1
225164,84,44,40
137439020246,3,2,1
8589980127,5,4,1
8590084992,29,23,6
68719691633,11,8,3
51539897760,12,11,1
8590335145,14,13,1
25769978055,5,4,1
51539984649,15,13,2
17180234346,24,22,2
42949819772,12,11,1
42949922221,16,15,1
143992,52,30,22
60129639409,8,6,2
382034,8,6,2
231928342744,4,3,1
188978640617,7,5,2
178261,24,16,8
42949675219,7,6,1
8590061340,15,11,4
25769901038,5,4,1
17179973977,16,15,1
85899622973,7,6,1
91933,7,6,1
172180,8,7,1
146028941015,4,2,2
103079272047,6,4,2
60129726751,7,6,1
85899779825,7,6,1
34359769841,9,8,1
8590038786,10,9,1
18117,10,9,1
25769857738,31,30,1
400359,11,10,1
8590044323,17,16,1
252756,33,31,2
60129701155,11,10,1
25769998107,4,3,1
237390,38,30,8
8590177498,11,6,5
8590253720,38,34,4
42949866492,3,2,1
8590178642,9,7,2
172973,61,45,16
359527,5,4,1
8590299102,14,13,1
34359974548,12,10,2
8589961479,9,8,1
8589961478,10,9,1
192736,8,7,1
171860,69,51,18
8590184882,42,37,5
85899616049,4,3,1
376351,4,3,1
51539661162,8,7,1
42950097632,17,16,1
25770033315,3,2,1
126447,15,12,3
25769927857,23,18,5
25769956129,6,5,1
25769950717,6,3,3
403358,4,2,2
8590033439,32,27,5
42949931987,8,6,2
34360139046,5,4,1
42949931982,6,5,1
51539694909,9,8,1
17180041396,15,12,3
34360038068,8,4,4
17179998251,3,2,1
275752,15,5,10
68719894548,6,5,1
34359794931,5,3,2
25769960775,7,6,1
51539768083,8,6,2
68719781326,21,14,7
77766,48,19,29
17180197016,14,12,2
51539892392,3,2,1
198699,37,6,31
25770161876,19,14,5
18691,153,94,59
234272,8,6,2
34360023827,11,10,1
422231,12,9,3
42949951685,16,15,1
137438955710,6,5,1
55126,9,8,1
55125,6,5,1
34359955329,10,8,2
17179880792,14,11,3
8590100413,24,22,2
51539734849,4,3,1
94489413864,6,5,1
316651,4,3,1
137439062737,4,3,1
17180090153,17,16,1
12966,92,32,60
34359824267,4,3,1
34359824274,7,6,1
111669164552,4,3,1
8589980638,33,15,18
17179915531,9,7,2
127510,20,19,1
17179977855,9,8,1
138473,5,4,1
25770009595,5,4,1
8590305898,14,12,2
8590076643,25,24,1
8590062693,38,28,10
197568891511,3,2,1
25769973814,37,24,13
8590028996,39,23,16
17179960320,22,18,4
77309564703,3,2,1
42949943838,3,2,1
103079481695,5,4,1
111669324902,3,2,1
415502,15,12,3
42949885522,6,5,1
415498,17,15,2
103079354996,8,7,1
10974,249,110,139
8589999201,9,8,1
304413,12,10,2
8590170027,14,13,1
17179880559,7,6,1
60129713775,9,6,3
171798700021,6,5,1
319679,60,37,23
115600,98,64,34
18462,62,43,19
85888,82,49,33
60129652850,9,8,1
60129746717,6,4,2
8590240245,26,25,1
17180220566,14,10,4
17180301842,14,13,1
205683,85,60,25
272841,8,7,1
94489648125,8,7,1
34359855144,4,2,2
34359802906,32,20,12
34359939907,4,3,1
17180027560,9,7,2
103079278417,23,20,3
224286,27,25,2
51539990149,17,16,1
56931,66,38,28
259098,51,42,9
88709,9,8,1
423253,7,3,4
176585,19,16,3
42949695798,6,5,1
60129869278,4,3,1
146029121743,3,2,1
146029121744,4,3,1
42949695792,10,9,1
34359858158,4,3,1
8590318389,11,10,1
157064,55,44,11
17180200903,7,6,1
332075,8,7,1
332079,65,34,31
51539678865,13,11,2
42949938240,7,6,1
94489489985,13,8,5
34359901863,15,14,1
8589962938,12,11,1
168843,57,36,21
25769834255,10,9,1
121345,68,48,20
34360124462,7,5,2
103079499112,4,3,1
97958,7,6,1
17179967974,10,9,1
25770208412,12,11,1
103079588387,4,3,1
17180023639,6,4,2
42949920657,5,4,1
42950082563,6,4,2
230526,3,2,1
25769982761,9,8,1
317658,7,6,1
3479,162,92,70
34359889090,14,11,3
34359889096,7,6,1
25770142251,10,8,2
8590224553,5,4,1
193993,18,13,5
77309730966,3,2,1
85899430567,4,3,1
321233,38,34,4
51539886448,13,12,1
139571,18,10,8
17179918776,12,9,3
191903,15,11,4
34360067014,6,5,1
68719736522,10,8,2
25770147168,10,8,2
120324,31,29,2
103079409774,13,12,1
150111,3,2,1
353374,28,25,3
17180203868,24,20,4
343615,20,17,3
42949679405,11,9,2
203267,40,35,5
68719635763,12,11,1
8590109240,10,7,3
213943,7,6,1
34359980756,12,10,2
42949867950,6,5,1
25770243253,14,13,1
60129768328,5,3,2
42949782597,7,5,2
60129674100,9,7,2
8590194989,16,15,1
8590278667,21,5,16
8590074722,20,17,3
8590307385,56,28,28
94489316968,10,9,1
8590333211,11,7,4
8589980543,7,2,5
42949981496,8,7,1
8590076453,10,8,2
137439170786,5,4,1
94489475687,8,6,2
42949744363,3,2,1
8590328794,12,7,5
188454,38,30,8
8590308036,19,18,1
34360129290,32,25,7
34360058131,8,3,5
17180207481,11,10,1
25770121995,17,12,5
215193,9,8,1
63033,116,73,43
177041,20,13,7
17180024724,10,9,1
60129645112,6,5,1
8589934615,32,26,6
17180201669,14,13,1
17180201672,25,18,7
8590071772,37,35,2
3062,25,20,5
25769906369,12,11,1
25769975068,15,13,2
107328,61,37,24
36163,27,26,1
60129795944,4,3,1
27956,10,8,2
17180053994,40,32,8
104999,15,14,1
132984,54,43,11
77309664959,4,3,1
51539782735,4,3,1
25769989249,17,16,1
25770073960,14,13,1
85899669458,7,6,1
171404,30,23,7
277394,23,15,8
14679,11,10,1
17179937775,13,10,3
34359932536,7,6,1
60129875484,6,5,1
17179890203,12,11,1
135440,59,47,12
85899745099,5,4,1
25770052686,17,16,1
16528,17,15,2
8590110775,17,15,2
17180118418,7,5,2
214748413136,3,2,1
42950094017,6,5,1
25769906178,24,21,3
60129594761,5,4,1
17180010434,18,14,4
330326,12,7,5
85899565145,10,8,2
77309651731,8,7,1
42949949649,6,5,1
42950065622,3,2,1
8590045251,28,18,10
17179986002,10,7,3
8590346801,6,5,1
8590055960,14,13,1
8590224747,13,11,2
415971,8,7,1
415965,15,13,2
25769841730,8,7,1
60129968266,7,3,4
34360138920,7,6,1
8590217576,22,18,4
8589970551,15,8,7
8590041846,19,16,3
190711,39,34,5
8590301479,4,3,1
77309548393,4,3,1
42950042644,4,3,1
17180291971,4,3,1
17180250899,5,4,1
120259176707,3,2,1
51539682311,3,2,1
77309491294,9,8,1
68719763704,3,2,1
17180250155,6,5,1
42949767944,6,4,2
25769983027,4,3,1
188508,16,15,1
95916,10,7,3
68719699944,10,8,2
8590347207,4,3,1
348512,8,7,1
25770240227,13,12,1
34359916625,13,12,1
34359916627,18,13,5
163208910968,7,6,1
60129891178,6,5,1
25770081614,17,16,1
125370,61,20,41
121297,13,10,3
60129948983,16,15,1
8590051258,66,49,17
422400,72,41,31
17180110198,44,38,6
68719585058,3,2,1
95430,34,25,9
192529,21,19,2
17180030724,13,9,4
68719660251,5,4,1
68719660249,5,4,1
68719660247,7,5,2
47956,7,4,3
264511,8,6,2
264512,10,9,1
34359820998,8,7,1
42950102254,9,8,1
407777,23,19,4
8590151886,7,6,1
60129659891,7,6,1
51539621146,5,3,2
192719,18,11,7
42949692591,17,11,6
92743,6,4,2
42949692586,3,2,1
8589988922,29,28,1
17180151932,12,10,2
34359849281,13,8,5
42950020624,11,10,1
8589991168,8,5,3
8590147813,38,23,15
8589991170,8,6,2
163208793239,3,2,1
162228,68,59,9
162229,5,4,1
8590310525,3,2,1
103079334345,8,7,1
25770164283,4,3,1
25770164279,7,6,1
25770164278,6,5,1
25770164284,6,5,1
25770164281,5,4,1
25770164277,4,3,1
25770164280,8,7,1
146028999181,3,2,1
68719727457,6,5,1
25769883002,4,3,1
133951,27,25,2
187025,48,26,22
249108105520,3,2,1
8589953325,55,43,12
17180216378,9,7,2
25769888802,7,6,1
42949889435,4,3,1
268047,3,2,1
17179954067,15,4,11
146029048553,8,7,1
17180309124,6,3,3
25769873860,5,4,1
94489379661,10,7,3
17180065257,13,9,4
8590236323,6,5,1
8590241897,33,30,3
30466,17,14,3
279604,68,62,6
34359754679,19,15,4
128849422488,5,4,1
412094,8,6,2
25770059867,8,7,1
25770110807,5,4,1
25770110811,7,5,2
154619233795,3,2,1
8589940900,14,13,1
17179983067,13,12,1
103079394537,10,8,2
98983,18,16,2
25770057433,15,13,2
47905,21,20,1
79714,6,5,1
84673,41,25,16
8590200082,15,12,3
8590200075,20,14,6
25770140136,11,9,2
77309419852,8,6,2
77309821955,8,6,2
8590073298,8,7,1
8589954966,14,11,3
279086,17,14,3
17179975599,19,14,5
25770049260,22,21,1
42949856970,24,12,12
68719896966,5,3,2
42949911951,16,11,5
42949911952,14,10,4
42949911948,11,9,2
398135,11,9,2
325142,9,8,1
120259475816,4,3,1
313498,20,16,4
313510,9,7,2
313503,15,12,3
34360132325,5,4,1
94489507576,8,6,2
17179907676,4,3,1
17179907672,8,7,1
402553,11,10,1
163791,41,27,14
17179960555,10,9,1
382915,8,7,1
42950045923,13,11,2
8590154487,6,5,1
8590018556,38,20,18
146029265309,6,5,1
398143,11,10,1
60129785702,21,17,4
118958,7,2,5
17179998150,7,5,2
68719751803,8,7,1
8590262912,22,15,7
8590214734,13,9,4
8590080341,18,14,4
8589968094,25,16,9
8590267603,21,18,3
25770041460,14,13,1
85899632733,8,7,1
60129837015,10,8,2
8590120236,24,19,5
34360063161,18,17,1
34360063160,20,19,1
25770130034,10,9,1
8590152147,14,11,3
8590291096,10,8,2
8590291087,8,6,2
25770130023,7,6,1
94489627919,6,5,1
94489378359,3,2,1
22520,16,12,4
25769807387,23,17,6
77309742046,15,14,1
8590263168,8,7,1
17180239462,39,30,9
48456,27,19,8
77309431637,13,12,1
5504,78,61,17
17180038302,18,13,5
135009,21,17,4
102632,24,14,10
173738,21,11,10
17179946054,34,27,7
17179977184,65,28,37
269255,15,13,2
94489427593,10,9,1
111669218622,5,4,1
137439328346,4,2,2
25770091345,20,13,7
8590027193,12,11,1
8590103332,15,11,4
8590211202,71,36,35
94489512448,12,11,1
105064,35,33,2
68719523491,7,6,1
68719540508,4,2,2
8590074419,22,20,2
25769993787,9,8,1
94489326451,8,5,3
111669565038,4,2,2
17180297158,7,2,5
385500,31,21,10
154618854780,6,5,1
8590307735,6,5,1
42950092234,19,18,1
8590241081,17,16,1
21064,29,27,2
120259462493,4,3,1
25769979180,10,9,1
122576,6,4,2
150415,16,15,1
42949680427,4,3,1
17180302004,4,3,1
17180301996,6,5,1
17180302003,4,3,1
34359772154,17,11,6
17180050213,9,7,2
8590317120,10,7,3
25770105942,14,9,5
163873,7,4,3
38179,16,13,3
85502,16,13,3
42949798048,8,7,1
42950003066,5,4,1
56742,49,31,18
120259234894,6,5,1
17180296943,4,3,1
103079375646,12,11,1
8590134669,38,33,5
25769980615,13,12,1
332132,33,32,1
25769814550,11,7,4
25769897233,9,8,1
34359831522,19,18,1
128849046322,4,3,1
8590349610,11,10,1
115128,8,6,2
34360138408,7,5,2
25769983319,6,5,1
42949911993,5,4,1
60129754287,4,3,1
107340,4,3,1
154618853268,8,7,1
60129678206,16,14,2
8590075830,9,8,1
77309624270,8,7,1
305577,56,36,20
305583,10,7,3
77309504200,5,4,1
34360097192,21,18,3
54042,77,63,14
94489605571,3,2,1
34359846169,8,7,1
42949923200,10,9,1
120259246516,6,5,1
25769918609,4,2,2
22054,38,31,7
163209017194,8,7,1
94489410750,5,4,1
34359913645,9,7,2
25769856952,9,8,1
8590156702,25,21,4
17180098321,11,8,3
17180157417,3,2,1
95237,38,35,3
25770039567,13,11,2
25770008415,9,8,1
113831,30,25,5
8590068222,10,9,1
378218,4,3,1
51539667927,4,3,1
51539667925,3,2,1
371094,72,51,21
34359795430,14,13,1
42949681700,10,8,2
135002,67,31,36
8590294341,14,12,2
8590258604,11,9,2
42949911920,5,4,1
60129778746,4,3,1
51539806218,16,5,11
357541,4,3,1
357539,6,4,2
208253,7,6,1
357545,4,2,2
357540,7,5,2
101773,7,6,1
8590260722,10,9,1
141980,42,38,4
17180015838,28,27,1
414022,19,18,1
51539700846,7,6,1
197961,41,30,11
47581,40,24,16
8590211799,22,19,3
298779,13,12,1
8590038511,30,29,1
42949926186,10,8,2
42949942238,9,8,1
94489536093,4,3,1
25770103041,14,8,6
25770103044,9,8,1
94489536089,5,4,1
31126,12,11,1
8590092088,52,36,16
94489353492,13,10,3
17179904168,25,17,8
17180067583,19,14,5
8589991983,28,27,1
17180275036,3,2,1
17180275035,3,2,1
17180275037,7,6,1
42950034137,5,4,1
8590099255,14,10,4
34359868136,12,7,5
34360027981,14,13,1
300554,38,21,17
42949961371,20,17,3
277359,26,21,5
17179971016,13,10,3
17179954992,17,16,1
34359925153,31,16,15
111669444871,6,5,1
126117,5,3,2
60129800114,6,5,1
8590181167,10,9,1
77309476312,7,6,1
77309476314,7,6,1
323793,4,3,1
8590191365,24,20,4
77309647380,8,6,2
34360005244,13,11,2
380955,8,7,1
18353,37,35,2
18352,37,35,2
8590009861,10,9,1
140162,97,70,27
34359757733,11,8,3
360288,10,9,1
8590126712,12,10,2
151916,22,19,3
17180241028,11,6,5
8590374614,6,5,1
234017,14,12,2
25770077953,15,14,1
120259362340,4,3,1
375229,29,16,13
8589950680,11,10,1
111481,17,11,6
77309753940,11,10,1
92804,29,27,2
128849072728,9,7,2
284043,42,37,5
137439136674,3,2,1
8590262694,15,14,1
8590129953,18,16,2
68934,49,46,3
8590025421,7,6,1
34360011718,9,8,1
17180212795,13,11,2
8589963968,4,3,1
77309599138,6,5,1
78965,5,4,1
316925,55,20,35
65089,23,21,2
215146,10,8,2
163208842561,3,2,1
168528,16,12,4
8590180236,25,23,2
153602,102,67,35
51539863669,11,10,1
60129556110,10,9,1
51539901512,4,3,1
42950021710,4,3,1
106353,25,19,6
60129966782,5,4,1
34360123880,12,11,1
125289,7,6,1
8590105144,11,9,2
48552,60,24,36
8589995345,24,18,6
25769945018,25,21,4
8589935712,12,11,1
77309500032,3,2,1
120259143768,4,3,1
68719709516,8,4,4
34359896000,3,2,1
34359934951,12,9,3
34360047584,9,7,2
1,19,17,2
42950072135,3,2,1
51539800631,12,11,1
17180173814,9,8,1
8590264957,15,14,1
42949742655,9,8,1
42949742661,8,7,1
8590139038,8,6,2
17179928839,20,15,5
42949688524,13,12,1
51539710835,12,11,1
8590030619,11,10,1
34360144827,11,9,2
34359793235,8,6,2
103079381990,3,2,1
103079381994,3,2,1
51539669897,7,5,2
34359789529,6,5,1
94489413225,5,4,1
42949977505,4,3,1
17180025108,17,16,1
175476,40,11,29
25769934618,34,18,16
17180096410,14,12,2
91594,10,9,1
34360055214,6,5,1
8590111758,11,9,2
8590024689,25,23,2
42949748169,5,4,1
17179934244,7,5,2
17179964784,4,3,1
132623,7,6,1
8589963673,35,25,10
20204,8,7,1
51539971350,12,10,2
51539875868,5,4,1
8590192024,15,14,1
103079236386,5,4,1
8589936670,3,2,1
219199,75,58,17
60129573493,4,3,1
121376,10,7,3
8590322716,7,6,1
17180011623,37,29,8
51539666866,5,4,1
252659,17,16,1
8590124151,29,24,5
34360022298,11,9,2
422945,11,10,1
17180013977,12,11,1
17180013981,9,8,1
94489573241,4,3,1
8590047289,9,8,1
68719694875,5,3,2
251867,14,13,1
25769873079,23,19,4
87592,7,6,1
8590044349,30,26,4
7306,33,28,5
60129895289,5,4,1
382831,5,4,1
8141,16,14,2
25769837184,18,16,2
17180200588,34,23,11
17180089078,14,12,2
17180168792,9,7,2
173304,6,5,1
386501,19,14,5
179367,11,6,5
94489349000,4,3,1
17180216111,6,5,1
17180200191,14,13,1
282848,18,17,1
8590089175,13,12,1
8590102659,30,18,12
62603,44,34,10
137439103807,4,3,1
68719521467,3,2,1
185577,10,6,4
17180218130,26,15,11
207045,24,19,5
181169,14,9,5
77309693522,4,3,1
68719508969,15,14,1
51539814699,5,4,1
51539921222,17,15,2
51539921218,3,2,1
227701,14,13,1
120259314694,5,3,2
25769849756,5,4,1
25770121768,20,18,2
229988,34,29,5
111814,87,60,27
8590145188,102,29,73
317468,13,12,1
154618849125,3,2,1
8590045050,88,61,27
8589969682,6,5,1
101424,9,6,3
42949955085,3,2,1
34360150115,21,15,6
25770247911,12,11,1
17179930591,23,21,2
59215,19,18,1
34360058445,10,8,2
8590329695,7,6,1
8590302038,20,15,5
397400,111,36,75
42950112870,4,3,1
146029200245,7,6,1
8590338546,105,44,61
103079401909,4,3,1
8590322219,10,9,1
17179902152,7,5,2
8590011449,8,7,1
280029,16,12,4
60129835507,5,4,1
105529,21,19,2
98666,28,27,1
13166,22,21,1
13169,27,25,2
25769948752,17,16,1
373004,28,17,11
38149,90,77,13
8590006345,7,6,1
17179996655,19,18,1
44276,149,44,105
171798893031,3,2,1
111669521246,5,4,1
25770140528,4,3,1
216750,56,44,12
183377,35,29,6
42949984565,3,2,1
176522,37,18,19
25769971196,11,10,1
240518408363,3,2,1
34360133518,9,7,2
2471,22,20,2
77309573953,3,2,1
8590201925,11,8,3
34360051758,12,10,2
300731,43,34,9
25770220464,10,8,2
87058,8,7,1
4544,62,48,14
94038,13,10,3
25770102126,22,14,8
25770102118,18,13,5
34359924007,16,12,4
25770102129,16,12,4
77309432127,12,9,3
8590086144,6,5,1
8590350282,21,15,6
8590249456,13,8,5
87703,10,9,1
85899355679,5,4,1
39616,76,28,48
8590039419,58,48,10
125233,13,10,3
8590182596,16,14,2
154618903533,3,2,1
154618903532,3,2,1
25769885841,9,5,4
97818,55,40,15
17180123052,13,8,5
8589988875,8,7,1
17179881982,32,24,8
244422,3,2,1
35961,17,11,6
85899630205,14,13,1
85899630210,14,12,2
8590192926,10,9,1
8590093669,15,14,1
154619064543,3,2,1
163208983795,3,2,1
120259153497,5,4,1
8590072454,30,19,11
198424,43,40,3
413970,14,13,1
60129625113,5,4,1
60129686680,22,17,5
110407,42,34,8
17180153555,30,28,2
31415,24,16,8
120259307468,3,2,1
19799,11,10,1
68719666534,5,4,1
245323,23,19,4
42665,9,8,1
171798913023,4,3,1
8589967743,12,11,1
34359790397,14,13,1
5070,6,5,1
68719619420,8,7,1
51539742610,8,7,1
247927,95,3,92
103079266944,7,3,4
8590334036,32,19,13
137160,121,81,40
125550,18,15,3
17179876665,14,13,1
120259433975,4,3,1
184262,11,8,3
42950019502,33,27,6
45018,11,10,1
42420,79,51,28
98261,11,9,2
8590235257,44,38,6
121525,345,105,240
8590107525,9,8,1
8590107526,7,6,1
8590107530,8,7,1
8590073355,20,18,2
8590061808,28,22,6
34359795899,39,33,6
8590061460,47,39,8
25770052967,13,11,2
166395,9,8,1
25770062244,5,3,2
25770062249,6,5,1
34360099720,5,4,1
401966,63,35,28
51539658076,10,8,2
82819,51,41,10
370755,39,37,2
353323,15,14,1
60129723674,3,2,1
68719611247,13,11,2
34360052270,12,10,2
42949725628,4,3,1
42950021338,5,4,1
25770191261,4,3,1
68719512847,4,3,1
85899761844,5,4,1
34359985726,18,10,8
8590095143,16,14,2
34359790079,7,6,1
41181,68,60,8
17180190639,5,4,1
8590010503,4,3,1
148420,11,9,2
17179900881,6,5,1
17180088723,15,9,6
151412,12,10,2
8590042361,9,7,2
356021,7,6,1
25770197733,11,10,1
8590237935,13,11,2
8590159440,9,5,4
17179963778,15,12,3
25770190320,6,5,1
34359884476,25,22,3
9792,7,6,1
60129595970,16,14,2
104945,21,18,3
25769965800,7,6,1
60129595967,10,4,6
297894,59,48,11
25770140812,5,4,1
42949845868,13,12,1
34360107596,17,16,1
117919,16,11,5
8590375062,31,29,2
122685,193,132,61
239469,140,89,51
165320,89,62,27
85899363609,13,12,1
181270,36,31,5
8590162168,38,18,20
392164,35,31,4
214273,6,5,1
313835,17,15,2
51539881114,6,5,1
17180198759,8,7,1
51539623683,7,6,1
42950062857,7,6,1
94489456916,4,3,1
17180146708,10,8,2
223338315665,4,2,2
51539978238,7,6,1
34360015174,9,6,3
34360015175,6,5,1
334226,21,15,6
17180049846,16,15,1
58755,13,12,1
85899544937,4,3,1
42949937088,8,7,1
8590339980,30,22,8
8590015043,10,9,1
25770022568,10,8,2
220237,71,31,40
51539907005,12,9,3
25769838309,16,13,3
280631,29,25,4
8590008156,13,12,1
323562,52,21,31
25770197398,10,9,1
25770197393,15,11,4
25770197399,7,5,2
8590177430,25,24,1
25769898422,6,5,1
77309564357,4,3,1
17180250471,53,42,11
242201,10,9,1
231378,8,7,1
85899502473,11,9,2
265203,8,6,2
242284,18,17,1
17180188022,8,7,1
51539836584,6,4,2
42949892460,4,3,1
17180196467,17,14,3
68719506822,4,3,1
332453,10,7,3
25769848207,10,9,1
60129947370,9,6,3
42949961113,10,8,2
8590100531,10,9,1
69802,6,5,1
370400,55,29,26
83877,84,25,59
193114,5,4,1
193119,7,6,1
317290,4,3,1
34359755327,20,19,1
94489582500,3,2,1
25769813077,10,9,1
8590227310,21,17,4
244501,65,20,45
94489405340,4,2,2
188978825902,3,2,1
8590225501,26,17,9
8590012296,47,42,5
42950006100,5,4,1
245512,9,8,1
51539963141,13,11,2
84875,13,11,2
84873,47,25,22
84874,29,19,10
25769986901,10,9,1
34359803064,9,7,2
25769917022,43,36,7
25770140952,4,3,1
60129563132,7,6,1
322873,33,21,12
25769961402,14,13,1
387004,3,2,1
51539944829,4,3,1
191872,7,6,1
163208787960,3,2,1
51539944831,7,6,1
60129821795,4,3,1
123575,24,20,4
188978930836,4,3,1
17180159129,14,13,1
8590089009,33,26,7
112290,34,31,3
17180171537,15,14,1
31692,19,13,6
25770011643,23,19,4
8590361740,12,8,4
25770011645,16,15,1
18245,35,16,19
128849186197,3,2,1
68719823999,8,6,2
111669588578,4,2,2
42949981135,11,9,2
25770068940,20,19,1
34359992941,8,7,1
77309681310,6,5,1
25769865242,10,7,3
130532,66,45,21
98171,30,21,9
8590152031,18,16,2
180388839115,5,4,1
85899749337,4,3,1
17180117103,9,5,4
8590032508,5,4,1
558,19,18,1
25770201561,23,12,11
194528,14,13,1
194529,17,16,1
103079609995,3,2,1
8590190220,46,22,24
25769873114,5,4,1
209216,7,6,1
25769907190,8,7,1
8590288980,48,43,5
16668,19,17,2
17180193666,11,8,3
42950074062,13,12,1
112141,126,46,80
25769940157,17,15,2
59439,44,33,11
288511,53,44,9
25770117289,14,11,3
17180180248,8,7,1
94489722940,9,8,1
8590144532,33,30,3
8590309538,19,16,3
8590215446,6,5,1
42949906520,12,11,1
143857,16,15,1
42949772869,5,4,1
85899368856,7,5,2
42949677016,8,6,2
42949677013,11,10,1
8590036711,15,10,5
61907,12,8,4
60129643192,3,2,1
8590266193,4,3,1
25770203344,11,9,2
85899666325,7,6,1
60129943930,8,7,1
17180296554,31,18,13
85899666323,5,4,1
85899666329,16,14,2
68719837656,4,3,1
25769899527,7,6,1
17179942195,11,10,1
411338,10,9,1
244039,5,4,1
34359983159,5,4,1
25769830936,6,5,1
68719762641,5,4,1
25769932256,13,12,1
8589998961,7,6,1
25769894276,15,14,1
34359835138,25,23,2
8590210502,15,14,1
8590210499,8,7,1
51539748770,3,2,1
25770242082,9,7,2
60129640757,7,6,1
34360044854,5,4,1
162897,5,4,1
42949689496,6,5,1
151223,41,34,7
35434,14,13,1
8590150234,5,4,1
34359741785,7,4,3
8590311445,19,15,4
8590013505,101,7,94
77309715318,11,7,4
42949704809,12,9,3
183643,44,4,40
25770192682,7,6,1
25770192680,8,7,1
51539901369,13,11,2
34359806643,8,6,2
8590139494,56,38,18
34359822066,6,5,1
8590169090,7,6,1
25769936052,8,6,2
137439087916,3,2,1
25769936044,6,4,2
25769936047,8,6,2
42949801502,11,7,4
31419,40,20,20
47376,5,4,1
8590277898,32,19,13
42949834786,14,13,1
103079467436,3,2,1
34359887141,16,12,4
8590021405,11,10,1
111669320741,8,6,2
17180179583,11,10,1
146028942692,3,2,1
17179960431,7,6,1
103079371093,6,5,1
193106,34,25,9
79193,76,65,11
34359785717,11,10,1
34360136484,22,19,3
322568,14,12,2
68719869982,7,2,5
68719869983,5,3,2
8589943898,28,22,6
68719792936,5,4,1
16482,21,18,3
378851,4,3,1
378847,30,27,3
28953,5,2,3
8590293103,11,2,9
51539787752,13,4,9
121039,65,48,17
25770175417,6,5,1
60129597033,6,5,1
34359895130,18,12,6
30572,12,8,4
68719491153,4,3,1
137439053127,6,3,3
60129548654,5,4,1
410274,17,12,5
417943,38,35,3
350587,20,19,1
373701,15,12,3
77309657748,5,4,1
64975,16,14,2
183052,37,31,6
282539,61,55,6
137438961883,4,3,1
8590270779,16,14,2
366297,19,15,4
34359988896,21,20,1
280927,22,18,4
198955,29,21,8
17180156909,15,14,1
14960,71,61,10
402702,4,3,1
402693,5,4,1
402700,4,3,1
402701,3,2,1
8593,8,7,1
242323,9,8,1
378500,28,24,4
8590148459,16,11,5
42949722399,8,7,1
34359947937,4,3,1
8590365458,24,20,4
51539817994,16,9,7
8589956854,26,25,1
8589956858,23,19,4
8590248365,23,20,3
25769863568,10,9,1
17179946852,9,8,1
85899636003,3,2,1
8590262185,50,46,4
17180272528,8,7,1
51540017310,8,7,1
25770059804,13,7,6
141774,11,9,2
8590357095,5,4,1
8590136727,10,7,3
25770061475,5,4,1
17179926557,3,2,1
8589975504,30,3,27
25769886151,6,5,1
51539987768,8,7,1
25770096769,4,3,1
34360125191,4,3,1
25770096772,8,5,3
17179998900,20,18,2
8590076093,24,14,10
60129639644,4,3,1
17179966560,21,16,5
77309434106,7,6,1
209978,54,24,30
299734,12,10,2
51539641774,6,5,1
8590040017,27,21,6
334036,46,26,20
13720,14,13,1
8590205122,3,2,1
337254,14,13,1
296403,22,16,6
17179918909,12,11,1
147123,59,49,10
77309540436,5,3,2
77309656073,7,5,2
137439147083,4,3,1
42950098020,3,2,1
42949848731,4,3,1
34359856073,6,5,1
17180080932,23,19,4
419161,6,5,1
34359753757,5,2,3
60129818993,10,9,1
60129818999,17,14,3
25769927688,6,5,1
393552,47,41,6
392567,87,67,20
8590307229,12,11,1
42949673307,22,20,2
17180225143,8,6,2
17179901974,28,25,3
395025,12,10,2
8590199668,7,6,1
231928532807,4,3,1
17179884442,12,11,1
25770134715,4,3,1
8590067101,36,21,15
17180105488,12,9,3
223338416098,5,2,3
60129694719,6,5,1
111669522064,6,5,1
400084,50,42,8
42949778023,4,3,1
42949778022,3,2,1
42949828604,14,13,1
25769891391,14,13,1
85899579491,10,8,2
68719603075,10,8,2
8304,56,28,28
34881,33,27,6
3459,171,117,54
34359944078,6,5,1
229064,26,23,3
34359977750,9,7,2
34359977748,3,2,1
68719528036,8,6,2
34359796074,14,13,1
60129800836,6,5,1
8590155771,8,7,1
8590083003,26,20,6
380848,142,95,47
415237,6,4,2
17180251948,15,12,3
25769989815,7,6,1
42950047177,3,2,1
60129927331,6,5,1
17180101691,27,25,2
162474,107,65,42
25769821920,12,7,5
17180228716,10,9,1
75187,35,30,5
51539608979,7,6,1
120259405726,4,3,1
214748441856,4,3,1
8589976945,5,4,1
17180015538,5,4,1
51539918513,15,13,2
17180220418,35,31,4
25770087581,10,7,3
8590013911,5,3,2
8590235937,50,37,13
8590058395,12,11,1
8590058399,12,8,4
8590058393,7,6,1
34360021859,9,4,5
181772,44,24,20
34360021864,4,3,1
8590284508,12,6,6
42949722555,11,10,1
25770139537,4,3,1
51539760073,9,7,2
34359749205,14,11,3
68719518403,7,6,1
111669347107,7,6,1
60129819237,7,6,1
146619,61,39,22
51539840198,7,6,1
51539814694,12,11,1
25770018079,9,8,1
321432,18,14,4
8590112070,5,4,1
8590021290,31,19,12
25770128209,13,12,1
42949737584,7,6,1
17180224599,8,7,1
8590023902,19,17,2
42949706162,7,6,1
267281,16,12,4
353541,13,11,2
8589964531,33,10,23
248695,31,5,26
125213,22,18,4
398350,47,31,16
275085,42,16,26
42950113944,10,9,1
257698231460,3,2,1
77309546243,4,3,1
8590239884,12,9,3
8590189827,21,12,9
85899771109,5,4,1
34360069000,21,18,3
14508,7,6,1
68719887944,6,5,1
8590183749,31,28,3
38575,36,32,4
8590013447,7,4,3
60129855845,8,7,1
37822,36,35,1
171159,9,8,1
17180099882,7,6,1
17180099876,10,8,2
144340,14,13,1
162544,25,21,4
1222,7,6,1
8590182542,8,7,1
125525,6,5,1
51539684684,12,11,1
261587,54,50,4
85899548187,16,14,2
17180274177,8,7,1
414164,24,22,2
109778,15,12,3
187696,32,26,6
77309418059,11,10,1
8590012013,9,8,1
51539828956,12,10,2
17180123460,15,12,3
129306,51,39,12
154619153076,3,2,1
8590142291,9,8,1
17180043405,27,19,8
60129813573,4,3,1
51539841173,7,6,1
8589989353,20,12,8
8590142598,20,15,5
8590142595,5,4,1
68719794759,5,4,1
315445,16,12,4
157768,26,24,2
214550,12,11,1
17179922134,20,19,1
8590289078,18,15,3
17180292283,8,6,2
60129908183,6,5,1
8590313552,12,10,2
68719685579,12,11,1
154619251437,3,2,1
90856,3,2,1
146029091497,3,2,1
148366,24,22,2
148361,23,22,1
172393,41,38,3
8590074336,26,15,11
60129883541,11,8,3
17179952436,9,7,2
17179926305,8,7,1
68719886072,5,4,1
260702,44,28,16
295485,25,5,20
25770150924,16,10,6
34359824828,4,3,1
25769998775,20,18,2
85899517048,9,6,3
51539978740,16,14,2
326197,11,10,1
32679,6,4,2
77309521152,3,2,1
106611,42,28,14
86997,12,9,3
25770032131,16,13,3
265463,9,8,1
42949798800,11,10,1
265457,6,4,2
68719565853,5,4,1
60129595026,6,5,1
8590031650,14,13,1
369645,35,22,13
8590349726,25,23,2
68719550460,11,8,3
25770151617,3,2,1
219562,56,43,13
25769926182,15,14,1
8589943576,6,5,1
137439097468,6,5,1
103079303912,7,6,1
68719515555,13,12,1
94489509893,3,2,1
8590220745,15,13,2
171799031716,3,2,1
17180161037,9,8,1
51540042434,6,5,1
8590048334,29,21,8
180388662266,4,3,1
377327,38,30,8
160374,7,5,2
17179880326,7,5,2
51539997183,8,6,2
68719683588,10,9,1
234217,10,9,1
17180008607,6,5,1
25769818523,8,5,3
25769818520,9,5,4
137439219925,3,2,1
17180264500,5,4,1
25769859779,34,22,12
68719521486,6,5,1
8589974599,31,22,9
163208954379,3,2,1
51539705871,24,18,6
317478,14,11,3
8590142180,5,2,3
51539725968,12,10,2
340340,5,4,1
17180061602,18,7,11
25770021836,10,9,1
17179911859,12,10,2
28928,10,8,2
103079607886,3,2,1
17180109081,26,5,21
25770149670,7,6,1
42949893962,9,8,1
34359913761,13,11,2
42949893956,11,9,2
42949893965,9,7,2
17180060690,13,12,1
42949893963,11,10,1
253010,18,16,2
42949983510,4,3,1
42949922565,6,5,1
8590195519,6,5,1
103079387543,4,3,1
316402,15,14,1
34359933616,9,8,1
8590090083,7,6,1
42950010809,7,5,2
131425,20,19,1
180388738095,3,2,1
17179985159,11,9,2
25769903124,8,5,3
8589936480,13,11,2
8589977501,4,2,2
8590088126,10,8,2
233458,22,19,3
233452,31,20,11
146028978016,5,4,1
8590254290,22,9,13
42301,44,28,16
8589937307,19,18,1
324216,39,29,10
103079340277,8,7,1
25770067175,5,4,1
206158516230,3,2,1
146028929999,3,2,1
154618858205,3,2,1
103079352309,5,3,2
25770131385,12,11,1
8590309706,6,5,1
56358,26,25,1
42949708779,4,3,1
17180094998,31,20,11
77309677315,3,2,1
17179977535,10,9,1
17179894133,6,5,1
17180142982,6,5,1
103079398575,5,4,1
56025,7,5,2
25769860950,7,6,1
8590026773,23,3,20
1676,36,35,1
168875,6,5,1
8590325501,34,24,10
60129759613,6,5,1
25770029971,5,4,1
51539984842,8,7,1
8590112282,7,6,1
17180112176,14,13,1
180364,8,7,1
8590117343,54,36,18
8590138420,7,6,1
25769975394,11,10,1
25769975393,6,5,1
196001,27,24,3
94489565215,9,8,1
108024,46,12,34
411566,5,4,1
17179924806,10,9,1
359625,15,11,4
17180083790,6,4,2
68719863964,3,2,1
395685,6,5,1
395679,6,4,2
395688,6,5,1
60129978307,14,13,1
42949692608,3,2,1
42949878968,9,6,3
17180013298,7,6,1
17180013296,3,2,1
51539853079,5,4,1
188978651954,4,3,1
25770081399,6,4,2
190193,10,9,1
8590148437,35,28,7
34360060369,7,6,1
34360060364,10,9,1
103079622075,4,3,1
42752,10,7,3
149832,7,4,3
8590006822,6,4,2
103079395560,5,4,1
8590376784,5,4,1
289496,20,19,1
8590140965,49,45,4
83227,27,26,1
214748527543,3,2,1
25769908972,9,8,1
94489423648,3,2,1
349103,25,20,5
339082,8,6,2
42949858245,7,6,1
42949858248,7,6,1
60129579288,14,12,2
163153,7,6,1
47010,32,23,9
17180032161,4,3,1
8590230152,31,29,2
212676,29,24,5
25770031871,13,11,2
8590167688,9,8,1
17180113810,6,5,1
27851,25,19,6
1915,124,95,29
85899724008,6,5,1
229910,44,25,19
103079273252,8,6,2
28366,79,37,42
60129894027,3,2,1
34359954832,5,4,1
51539833999,5,4,1
8590108017,49,28,21
25770148900,29,24,5
42949806669,5,4,1
345627,70,30,40
8590243817,29,24,5
8590165012,7,6,1
17179942373,10,8,2
401465,12,11,1
42949739746,7,6,1
154619126223,4,3,1
128849240788,7,5,2
128849416369,3,2,1
42949775777,10,9,1
333657,8,7,1
8590011055,5,4,1
8590011046,8,6,2
25769970422,25,23,2
51539788413,6,4,2
5003,79,59,20
76779,18,17,1
389266,33,28,5
392390,6,5,1
60129555948,10,7,3
85899699728,6,5,1
51539863412,8,7,1
305112,71,46,25
17179996641,10,8,2
17179996645,6,5,1
120259468452,5,4,1
174387,19,11,8
92711,10,2,8
92710,19,2,17
34359987287,6,4,2
42949693511,6,5,1
137439346601,4,3,1
42949813967,17,15,2
218520,59,47,12
109820,60,27,33
34359885423,33,21,12
8590206371,4,3,1
47893,43,35,8
8590137198,8,7,1
25769806953,8,6,2
60129627797,4,3,1
25770000315,12,10,2
25770120145,11,10,1
191043,17,14,3
60129618520,3,2,1
34359936064,10,8,2
17179879578,10,8,2
8590350228,5,3,2
51539968407,4,3,1
8590064168,7,6,1
8589942255,8,7,1
8589942259,4,3,1
8589942252,3,2,1
51540007809,3,2,1
8589942258,4,3,1
17180111372,8,6,2
163208771614,5,3,2
154249,8,7,1
25770163574,9,5,4
34360137697,7,5,2
200348,19,17,2
130732,26,19,7
51539829078,4,3,1
252502,26,18,8
50796,15,14,1
51539924746,7,6,1
280652,14,13,1
17180155127,6,5,1
363005,8,7,1
51539950278,8,5,3
34359932525,10,8,2
34359935714,3,2,1
67552,5,4,1
17180116569,22,18,4
8590041097,4,3,1
17180037220,8,7,1
111669435689,3,2,1
303543,7,6,1
8590302572,4,3,1
77309434131,11,10,1
77309434127,8,7,1
60129816620,7,6,1
42949967610,11,10,1
8590097833,13,12,1
409863,35,20,15
25769847546,5,4,1
34360155915,6,4,2
8590171894,6,5,1
8590171895,6,5,1
1465,18,16,2
325051,16,11,5
386444,6,4,2
34359931185,7,6,1
247912,17,8,9
17179946847,10,9,1
34360134736,12,10,2
34360134734,14,10,4
17180208533,13,11,2
34360134728,8,6,2
17179893384,19,18,1
162178,68,40,28
389496,17,15,2
17180119405,6,5,1
103079362132,6,5,1
17180259296,34,21,13
17180006045,17,16,1
17180148380,71,41,30
17179916399,7,6,1
266288214619,3,2,1
163209064925,4,3,1
94489622038,4,3,1
117014,53,27,26
17180237329,14,13,1
25769864536,6,5,1
42949803809,4,3,1
253735,17,14,3
253738,7,6,1
399249,29,26,3
271251,65,43,22
154618965141,6,5,1
68719742718,5,4,1
389767,5,4,1
389769,9,8,1
389771,9,8,1
120259110121,4,3,1
120259110124,6,5,1
42949870775,8,6,2
8590057509,27,23,4
8589936318,26,16,10
17180243748,5,4,1
156541,15,13,2
52403,72,43,29
249281,9,8,1
42949931395,11,10,1
161227,32,23,9
17179893990,8,5,3
342701,6,4,2
17179893992,14,11,3
17180249796,13,12,1
34360064947,10,7,3
288101,15,8,7
346919,6,4,2
17179977305,9,8,1
17179977301,4,3,1
8589978357,7,6,1
17179916005,20,11,9
132764,19,10,9
105937,34,33,1
60129624917,7,6,1
267854,19,18,1
362749,8,7,1
8590261873,11,10,1
17179903534,10,8,2
105938,67,53,14
8590010196,14,13,1
8590016102,170,111,59
34360059168,3,2,1
8589992830,21,17,4
366336,6,5,1
8590226972,24,18,6
8590293087,3,2,1
51539834222,9,8,1
8590143637,15,14,1
191931,7,6,1
103079522055,5,4,1
8589965900,3,2,1
34359857426,9,8,1
40317,6,5,1
34359857422,12,10,2
25770079577,4,3,1
214437,6,5,1
111669159802,3,2,1
312716,8,7,1
8590216479,9,7,2
8590314405,9,8,1
17179878011,24,15,9
8590216487,4,3,1
17180283352,9,7,2
68719890281,4,3,1
8589984386,16,4,12
142555,11,10,1
17179953307,13,12,1
25770066457,10,9,1
17180301475,23,19,4
42949944205,11,10,1
150882,14,12,2
17179883251,17,16,1
17180263210,5,3,2
408195,9,8,1
85899577850,4,3,1
120259483339,5,3,2
42949771899,16,15,1
34360070864,7,6,1
25769949629,31,24,7
25769949623,8,7,1
60129865088,5,4,1
347851,23,21,2
68320,11,9,2
8589957827,22,20,2
25770078067,14,10,4
8590365817,6,5,1
212698,22,17,5
68719769537,3,2,1
34359821409,29,20,9
8590199636,34,27,7
8590257083,28,16,12
17180178405,17,16,1
143143,20,16,4
199039,16,10,6
188978883239,4,3,1
34359884356,5,4,1
17180035954,6,5,1
120259364372,4,3,1
111669442932,5,3,2
77309663978,6,4,2
8590013080,6,5,1
8590013084,6,5,1
42949840294,3,2,1
42949840295,3,2,1
137439190079,9,7,2
280688,31,27,4
8589968256,27,25,2
51539704155,5,4,1
57050,40,32,8
65626,26,22,4
51539788647,6,5,1
25769984559,5,4,1
60129549044,5,4,1
17180077125,8,6,2
343070,16,14,2
56520,6,5,1
77309555825,15,12,3
18638,5,4,1
42949996548,7,5,2
8590331236,26,19,7
83140,66,50,16
25769950968,5,4,1
17179982610,30,29,1
8590372006,41,35,6
17180258772,7,6,1
123893,41,40,1
42949876241,7,5,2
17179911857,3,2,1
25769884522,5,4,1
25769884518,11,9,2
17180303361,28,21,7
68719650703,12,9,3
51539876729,14,11,3
229989,22,17,5
51539948681,13,11,2
8590083005,25,15,10
25770135489,15,13,2
39063,12,10,2
51539792473,5,4,1
42949820300,21,19,2
94489660153,4,3,1
8590250872,14,12,2
17180108615,12,11,1
17180108616,20,17,3
8590370496,7,6,1
17180304653,7,6,1
8590370492,11,9,2
224964,24,22,2
185644,8,7,1
185645,14,13,1
42949979546,4,3,1
28922,32,31,1
361653,42,29,13
61652,17,11,6
120259269539,3,2,1
42949762282,5,3,2
8589988105,19,16,3
85899424461,4,2,2
17180140565,12,11,1
17180043725,11,7,4
8590117338,20,14,6
34359958811,9,8,1
68719531714,7,5,2
180445,69,36,33
25769824915,10,9,1
333110,9,8,1
8589942766,4,2,2
8589997261,29,25,4
51539863643,6,5,1
8590093680,39,24,15
300963,54,40,14
132008,9,8,1
248181,19,17,2
178450,5,4,1
163209020459,5,4,1
17180036022,25,20,5
25770053936,13,10,3
8590157494,12,11,1
75669,12,9,3
66465,19,9,10
163208962927,4,2,2
25770222697,7,6,1
227330,16,11,5
85899362324,5,4,1
17179975064,10,8,2
17179975065,13,11,2
68719612247,5,4,1
171798968014,4,3,1
8589988145,3,2,1
120259449224,3,2,1
137748,7,6,1
137741,8,7,1
214148,56,51,5
68719478427,11,10,1
350464,19,18,1
25770104813,16,13,3
8590062533,41,6,35
42950034124,3,2,1
17180168299,9,7,2
8590353427,6,5,1
8590031533,17,10,7
34360116153,6,5,1
109056,73,37,36
8590101504,27,21,6
8589951440,20,16,4
17180244977,16,15,1
17180244978,18,17,1
103079463811,3,2,1
34359793237,10,8,2
91525,17,11,6
42949741708,5,4,1
42949777147,9,7,2
8590028872,14,12,2
256948,26,21,5
9656,41,35,6
8590016034,4,2,2
34359743196,5,4,1
60129631328,4,3,1
17180015067,4,3,1
246852,4,3,1
103079395315,5,3,2
7822,16,12,4
7824,7,6,1
17180177468,3,2,1
269906,16,12,4
25769827113,22,18,4
8590092272,70,49,21
42949735432,5,3,2
60129568021,4,3,1
25770194841,11,10,1
173060,31,30,1
17179869368,3,2,1
72237,25,23,2
94489362451,7,5,2
223338601212,4,3,1
51539673742,3,2,1
60900,11,10,1
410882,7,2,5
25770084337,20,17,3
42950020328,7,2,5
146029111291,5,4,1
204866,24,20,4
60129705233,4,3,1
60129548597,10,9,1
17180248345,14,13,1
51539716544,11,10,1
8590311834,10,9,1
8590269712,27,14,13
51539690822,4,3,1
367361,30,23,7
8590167975,9,7,2
42950010917,6,5,1
17180294737,40,33,7
8590341946,4,3,1
8590035079,20,14,6
25770008609,10,8,2
25770008616,26,17,9
8589939860,14,10,4
66007,11,9,2
34359893384,6,4,2
402324,21,15,6
163002,75,55,20
17180251195,11,9,2
8590277281,18,16,2
8590090174,13,12,1
42949718950,3,2,1
9349,12,11,1
53340,28,25,3
86873,21,20,1
28472,20,18,2
28479,16,15,1
68719749453,10,2,8
17180299051,10,6,4
17180299050,11,4,7
17180299046,5,4,1
94489502477,5,4,1
34359744754,13,11,2
25769979621,6,5,1
8589942176,6,5,1
154618906169,6,2,4
370744,11,9,2
94489431575,7,6,1
8590229309,10,7,3
25769922035,4,3,1
25769922034,6,5,1
25769922041,11,10,1
25769922037,7,5,2
8590139670,7,6,1
8590356112,15,11,4
403592,41,22,19
8590177018,18,16,2
344699,13,11,2
8590273085,15,3,12
8590326544,25,17,8
34359921579,10,7,3
155065,16,12,4
223338473123,5,4,1
17180132060,6,4,2
111669478394,3,2,1
8589988435,13,11,2
8590017667,10,9,1
34360137980,3,2,1
68719540549,4,3,1
146029141453,3,2,1
77309829775,9,8,1
77309829772,9,8,1
8590130073,35,23,12
68719624747,12,10,2
96242,15,10,5
17179996659,4,3,1
60129949682,7,6,1
25769827870,27,25,2
25770059290,6,5,1
17179969799,5,4,1
236283,6,5,1
34360112534,8,7,1
191347,27,25,2
34359766461,6,5,1
30487,18,16,2
59887,36,29,7
315612,32,26,6
17180230287,6,5,1
25769908815,9,8,1
34359872912,6,5,1
77309439673,4,2,2
68719863425,4,2,2
111669362973,5,4,1
51539799238,3,2,1
68719737690,3,2,1
17180222698,6,5,1
34359739208,16,14,2
241240,13,12,1
241237,17,15,2
241239,14,11,3
241242,9,8,1
241243,13,12,1
47116,3,2,1
8590261954,29,26,3
136422,8,7,1
94489448190,6,5,1
17179904503,35,20,15
256437,12,10,2
17180099029,9,8,1
8590005103,8,7,1
17179956275,17,16,1
17179993511,6,4,2
42949852236,32,17,15
51539611314,5,4,1
8590213312,26,20,6
147160,46,33,13
274978,13,12,1
274984,9,8,1
8590263917,32,31,1
34360141308,5,4,1
77309489252,6,5,1
8589981625,47,38,9
12796,17,16,1
25770162391,5,4,1
147296,79,70,9
196449,25,24,1
25770080105,14,13,1
25300,54,51,3
17179880126,77,23,54
423793,12,9,3
197672,37,26,11
60129775309,10,9,1
311684,17,15,2
311688,11,9,2
305893,31,24,7
270341,32,30,2
25770233659,8,5,3
8590053306,24,20,4
34359839977,10,8,2
8590054124,32,28,4
111669232773,4,3,1
34359852252,4,3,1
322662,19,17,2
51539852852,14,13,1
8590295423,25,23,2
8590045683,15,13,2
68719716184,4,3,1
17180043468,18,15,3
128849204022,8,6,2
17179969045,3,2,1
17179969033,26,18,8
172231,18,11,7
8590029491,26,16,10
120259202357,4,3,1
8590102119,7,6,1
17180198792,21,18,3
17180021543,10,9,1
400723,20,18,2
56115,5,4,1
8590081457,21,18,3
39120,25,16,9
25769972061,8,6,2
143464,16,13,3
150367,27,23,4
25770019066,16,13,3
25769895175,21,18,3
17180094353,29,27,2
25769888730,8,6,2
397496,26,20,6
25770116342,8,5,3
25770116336,7,4,3
8590040942,9,6,3
103079418178,3,2,1
8590080029,11,8,3
77309572478,3,2,1
34359796079,5,2,3
92241,29,27,2
51539749725,19,14,5
127293,29,28,1
60129900792,6,5,1
34359981249,4,3,1
8590336558,10,9,1
197568575186,4,3,1
8590125801,21,20,1
17179921143,38,25,13
34359764545,19,13,6
103079614786,11,10,1
17180288514,8,6,2
17180214343,19,18,1
51539779740,9,8,1
25769944108,8,6,2
313141,39,26,13
384929,11,9,2
8590359373,13,10,3
120259179508,4,3,1
42949803647,12,9,3
13785,80,48,32
60129591671,15,14,1
25769808556,12,9,3
192964,12,11,1
25770010297,18,14,4
288412,14,13,1
42950090267,12,11,1
42950090270,15,13,2
17180100155,13,11,2
60129938324,4,3,1
68719869352,3,2,1
246162,4,3,1
25770219648,25,19,6
8590305928,4,3,1
8590303629,19,13,6
34360119762,6,5,1
17180048947,11,8,3
17179933231,42,39,3
17179933234,11,10,1
41360,9,8,1
8590261685,16,12,4
8590337012,6,4,2
8590337009,15,9,6
17180009160,9,8,1
8590125440,21,20,1
17180043715,77,49,28
17179997280,13,11,2
8590020006,3,2,1
8590020011,9,7,2
60129974397,4,3,1
76995,30,28,2
180388650994,7,5,2
8590231629,16,15,1
60129551494,17,14,3
17179922847,5,4,1
51539698604,7,5,2
8589943853,20,18,2
122854,124,95,29
25770243484,8,7,1
8589947801,36,32,4
365441,14,10,4
365438,12,8,4
365443,6,5,1
365431,45,19,26
68386,70,13,57
25770060791,8,6,2
17180025315,15,11,4
68719742878,12,11,1
223338690287,3,2,1
25770237450,12,5,7
64247,21,17,4
8589973710,32,30,2
17179930800,10,9,1
17180291092,13,10,3
120259206998,3,2,1
47816,12,8,4
190899,8,7,1
51539617591,8,6,2
25770062091,7,6,1
8590081662,6,5,1
77309417352,4,3,1
77309417357,5,4,1
8590332638,17,11,6
8590079148,12,11,1
103079466914,3,2,1
17179965878,5,4,1
8589967639,43,37,6
8590375788,8,7,1
17179921527,8,7,1
44516,12,7,5
161842,17,15,2
63660,28,13,15
399208,32,27,5
8590162796,31,24,7
120259422517,7,5,2
8590065350,31,25,6
273614,7,6,1
50266,7,5,2
8590187017,51,47,4
137439071961,7,6,1
8589936698,18,13,5
8590155621,6,5,1
410993,28,19,9
8590041405,6,5,1
17180193191,21,19,2
133939,27,24,3
25770073030,24,22,2
120259247079,3,2,1
25770058234,16,15,1
8590267153,7,6,1
53941,32,22,10
17179958304,23,19,4
42949926781,17,16,1
8590146513,19,17,2
34359903332,24,18,6
171798896662,3,2,1
154618870541,3,2,1
197568891950,3,2,1
8590180873,3,2,1
379020,34,12,22
109359,112,77,35
54897,172,64,108
77309694795,11,10,1
34360146204,10,9,1
68719478950,13,12,1
25770174922,8,7,1
25770208117,13,9,4
120259485567,9,7,2
253409,7,6,1
25769953871,6,5,1
42949954129,4,2,2
146948,55,41,14
160037,45,30,15
60129804986,5,4,1
51539736131,4,3,1
128849174789,7,6,1
60129691990,6,5,1
42949811902,8,7,1
8590171388,7,6,1
49463,11,10,1
68719647149,3,2,1
17180115917,6,5,1
94489382012,7,6,1
77309741393,6,5,1
17180223830,6,5,1
25769899961,7,6,1
25769899958,10,9,1
60129860774,13,8,5
353722,7,6,1
25769899957,7,6,1
25769899959,6,5,1
231804,29,23,6
8590151608,13,11,2
8590310107,13,12,1
8527,35,31,4
146029315424,5,3,2
34359864711,13,12,1
282297,8,7,1
111669443286,14,10,4
54578,140,90,50
60129583655,13,12,1
174299,19,14,5
25770119527,20,17,3
17179928835,19,11,8
17179928838,12,9,3
33015,8,7,1
2757,36,27,9
61306,19,17,2
25770050733,5,4,1
25770050732,4,2,2
8590317338,29,25,4
65905,15,12,3
197568534624,6,5,1
25770165953,8,6,2
120259159088,4,3,1
17180298324,9,7,2
188978615728,4,3,1
8590347196,15,11,4
8590109069,23,16,7
77309613829,8,6,2
267028,11,10,1
137931,45,40,5
17179912856,9,8,1
25770021271,26,25,1
17179939486,26,21,5
103079216691,9,8,1
42950110009,13,12,1
8590195956,9,8,1
171799076826,7,5,2
309508,24,15,9
349052,10,9,1
406295,10,8,2
406302,6,5,1
103224,13,11,2
231283,18,13,5
308491,18,14,4
68719690580,3,2,1
34359807614,8,6,2
69788,17,15,2
17179927312,35,26,9
42949793527,12,11,1
332508,37,36,1
34359762800,7,6,1
17179891126,49,42,7
8590326754,8,7,1
8590326755,13,11,2
42949693657,12,10,2
68719712885,7,6,1
85939,5,3,2
85937,5,4,1
17180308366,5,4,1
34359789351,19,17,2
17180217328,12,11,1
91524,5,4,1
94489360684,9,7,2
166943,28,26,2
17180156527,8,7,1
352305,10,8,2
171798796918,3,2,1
17180207697,41,23,18
8590316844,7,6,1
8589980835,8,6,2
17179979403,8,6,2
315719,22,19,3
368859,11,9,2
8590348993,20,18,2
8590110394,12,11,1
51539804756,5,4,1
154111,22,21,1
34359761473,10,9,1
25770208543,5,4,1
25769888113,7,6,1
26130,11,10,1
137439085417,4,3,1
94489518543,5,4,1
8590262255,28,18,10
8589950049,18,13,5
17180258685,24,21,3
183020,28,23,5
17180163099,17,16,1
34359816622,4,2,2
163208911426,3,2,1
175632,7,6,1
51539795273,8,6,2
8590213575,11,10,1
25769820772,6,4,2
8590294070,7,6,1
7954,20,15,5
8590027099,41,29,12
335251,17,16,1
60129714306,4,3,1
51539678998,5,4,1
209986,8,7,1
27156,29,22,7
77309715254,4,3,1
100933,22,17,5
34359976379,3,2,1
120259174140,3,2,1
137439108785,3,2,1
8590023419,4,3,1
8590023414,25,20,5
111669499424,5,4,1
17180291671,20,17,3
60129889197,6,4,2
13210,54,45,9
8590059051,9,8,1
103079533920,6,5,1
284892,17,12,5
34360065199,7,6,1
156651,26,19,7
17180180840,21,16,5
8590091201,46,21,25
25769856841,10,9,1
25769856837,7,6,1
151595,27,21,6
8590105396,17,14,3
17179914169,16,14,2
214748626787,5,4,1
8590291348,32,22,10
8590350251,5,4,1
324033,9,8,1
103079355564,3,2,1
103079355575,4,3,1
103079355571,5,3,2
265160,10,6,4
94489526022,6,2,4
25769893667,6,3,3
34359860851,5,4,1
8590364254,19,17,2
103079539972,5,4,1
17180259284,13,11,2
17180259288,9,8,1
17180163294,6,5,1
120259298037,5,4,1
42949829739,7,6,1
42949829738,7,6,1
17180060961,17,16,1
25770106719,6,3,3
25770115507,11,9,2
25769804715,6,5,1
197568657789,3,2,1
8590179208,11,8,3
113624,38,21,17
77309621655,8,7,1
8590240664,16,13,3
77309594578,11,9,2
8590240661,19,18,1
94489316091,5,2,3
58271,27,19,8
8590135544,8,6,2
68719502557,4,3,1
8590323316,5,4,1
25770177024,15,8,7
270705,60,44,16
8590320650,19,18,1
17179927569,6,5,1
60129725569,15,9,6
111669522013,12,10,2
282924,12,11,1
282926,6,5,1
244440,53,41,12
17179922702,11,10,1
25769932419,10,9,1
42949798117,9,8,1
42949798118,7,6,1
8589964216,15,13,2
8590082907,21,20,1
82935,62,25,37
82939,10,8,2
17179893722,8,7,1
42949737535,4,3,1
68719601268,5,4,1
137439293593,4,3,1
25769926070,20,13,7
251134,13,10,3
25770150367,3,2,1
60129573554,3,2,1
266215,5,4,1
17180265491,16,15,1
60129628406,20,18,2
42949978580,5,4,1
197568852698,4,2,2
111669259012,8,6,2
8590148609,5,4,1
164000,7,6,1
17179946361,9,7,2
17179969283,9,8,1
163998,7,6,1
392510,17,14,3
25770199638,13,12,1
383981,13,10,3
25769830378,13,11,2
97765,38,23,15
8590254870,23,19,4
34359805404,8,7,1
208832,9,8,1
240029,11,10,1
240030,51,37,14
219115,21,19,2
193614,37,24,13
51539837946,10,5,5
169128,7,6,1
25769946502,30,23,7
17180181437,9,8,1
8590252066,32,29,3
8589945654,10,8,2
17180229979,7,3,4
128849072629,3,2,1
128849072627,3,2,1
377160,10,9,1
32459,33,25,8
25770039266,9,8,1
60129662891,3,2,1
8590221119,38,32,6
34359960130,9,8,1
17179900529,7,6,1
8590103504,9,7,2
411355,38,36,2
342360,27,26,1
190889,64,54,10
25770118996,9,7,2
110415,16,15,1
38260,9,4,5
34360156460,14,13,1
133524,24,20,4
8590056198,42,41,1
163208768766,5,4,1
163208768767,5,4,1
21211,19,16,3
8590078189,19,16,3
8590078182,29,28,1
104209,5,4,1
60129944815,10,9,1
120259178730,5,4,1
315081,57,23,34
315084,25,13,12
111669487909,4,2,2
414213,12,11,1
25769918611,9,8,1
103079240047,9,7,2
269060,10,8,2
56495,18,13,5
25769833466,8,7,1
51539859824,9,8,1
17180101556,21,7,14
8590045763,8,7,1
8589960432,37,35,2
8590292271,13,12,1
101522,23,17,6
296729,14,12,2
85899447905,5,4,1
56987,36,27,9
34360041523,6,5,1
34360041524,8,6,2
328774,15,12,3
111669292563,3,2,1
60129731858,8,7,1
42949790869,5,4,1
25769869049,9,8,1
34360090975,17,15,2
8589959505,11,10,1
8590272497,4,2,2
8589954652,10,9,1
51539798998,6,5,1
203901,22,11,11
68719498430,5,4,1
245037,25,24,1
25769827821,20,18,2
17180098570,25,24,1
8590138758,25,21,4
17180247182,23,22,1
77309640398,6,5,1
371356,51,46,5
8590189152,5,4,1
94952,7,6,1
17180040866,32,27,5
250584,13,10,3
67605,17,16,1
28694,5,4,1
17180290874,6,5,1
42949763067,5,4,1
17180293853,10,9,1
110510,20,17,3
8590040178,44,19,25
8590304076,25,12,13
34359947559,10,8,2
120259347990,4,3,1
259462,62,46,16
17180170839,30,25,5
42950019216,11,9,2
42950019217,17,13,4
68719532108,7,5,2
8589985944,11,9,2
51539902647,3,2,1
68719649320,8,6,2
25769899992,7,6,1
68719502696,4,3,1
34359882782,3,2,1
34359882784,4,3,1
17180288734,20,14,6
77309452425,15,10,5
34360064196,5,4,1
266287993340,3,2,1
152835,46,40,6
77309779338,12,10,2
17180159733,18,14,4
120259440438,4,3,1
17180170990,6,5,1
8590262203,8,6,2
42949718886,10,9,1
5386,30,22,8
163625,13,11,2
42950039792,4,3,1
240351,10,9,1
120259492062,5,4,1
60129786876,3,2,1
34359892839,9,8,1
85899543138,3,2,1
34359892836,9,8,1
42949739687,14,12,2
25769876864,12,10,2
25770151135,8,7,1
42950010056,12,10,2
77309431121,3,2,1
17179896577,10,9,1
60129880714,3,2,1
8590364583,11,10,1
42400,13,10,3
42949981611,6,5,1
17180178874,7,6,1
17180178880,4,3,1
17180178881,6,5,1
155891,19,10,9
17180178872,6,5,1
17180178879,4,3,1
42949981606,10,8,2
17180178878,5,4,1
8590039408,19,17,2
38875,21,13,8
34359833035,9,8,1
120259451482,4,3,1
342203,29,23,6
255469,22,21,1
25770129574,10,8,2
17179895827,7,6,1
382075,13,12,1
42949906738,5,4,1
8590002471,8,6,2
8590303945,4,3,1
172253,20,12,8
191646,23,18,5
8590152234,12,10,2
103079319033,3,2,1
85899435289,9,8,1
8590112536,9,8,1
8590247976,35,22,13
25770212015,7,6,1
8589985641,11,10,1
17180192091,5,4,1
17179983427,6,5,1
51539844445,3,2,1
34359960050,14,11,3
409537,15,14,1
60129579385,6,5,1
8589943999,29,27,2
42949676151,3,2,1
57269,18,9,9
85899611789,5,4,1
133826,17,11,6
17180263903,6,5,1
163209147750,4,3,1
17179970430,13,12,1
51540021824,5,4,1
8590069512,44,39,5
51539900220,6,5,1
51539713899,12,11,1
42949798627,24,12,12
8590010154,12,10,2
85899696816,4,3,1
42950102666,16,15,1
25769970259,23,21,2
8589993310,9,7,2
8589993307,5,4,1
8589993303,8,6,2
17180018819,36,22,14
116425,56,44,12
26597,95,58,37
17180104275,10,9,1
111669195912,10,9,1
17180104278,17,12,5
379599,18,11,7
360284,10,6,4
17180055584,11,10,1
17180055583,12,11,1
295968,13,11,2
69789,18,13,5
109064,11,10,1
8590020918,47,25,22
347044,25,18,7
8590222837,7,6,1
25769812417,12,11,1
25770200329,5,4,1
33409,16,15,1
17180014623,7,6,1
17180104418,10,7,3
85899459222,5,4,1
25769884200,19,11,8
8590040214,31,21,10
42949729368,11,10,1
42949729366,7,6,1
146029078166,3,2,1
34360140496,6,5,1
138819,8,7,1
42950026609,7,6,1
300088,14,10,4
8590174895,13,11,2
359733,20,16,4
25770232429,22,15,7
20192,15,13,2
51539932336,7,6,1
25769844687,29,14,15
68719705991,7,6,1
51539932329,7,6,1
68719784983,13,12,1
120259111180,3,2,1
17179871320,9,7,2
85899385669,6,4,2
9416,11,9,2
17179927583,13,12,1
8590219764,14,13,1
8590126549,6,5,1
275542,25,19,6
25770178763,17,16,1
60129620825,9,3,6
42950064287,10,9,1
300253,6,5,1
34359915718,14,9,5
8590031239,18,17,1
60129937209,4,3,1
375011,9,6,3
8590029436,5,4,1
8590029431,7,5,2
294770,6,2,4
51540032926,4,3,1
8590117529,7,6,1
8590272469,20,13,7
156035,12,11,1
51539712307,5,4,1
51539712309,4,3,1
8590009621,8,7,1
124797,45,18,27
34360097550,3,2,1
17180106841,5,4,1
51540016239,11,10,1
111669445855,6,5,1
25770213569,10,8,2
8590115096,20,14,6
25770123663,10,9,1
25770158723,19,15,4
8590121941,7,5,2
8590041129,23,16,7
8590121943,6,5,1
103992,19,18,1
68719504695,13,11,2
17180306763,18,14,4
68719528451,7,6,1
60129868735,11,9,2
25292,34,19,15
77309696228,5,4,1
51539830836,4,3,1
17179960686,5,4,1
25770165367,7,6,1
8590214593,11,10,1
34359908784,3,2,1
17179918495,16,15,1
157464,8,7,1
77309592160,3,2,1
305647,40,18,22
34359761421,5,4,1
8590338423,3,2,1
51539998708,4,3,1
25769940027,14,12,2
17179899756,3,2,1
343355,6,4,2
42949871821,8,6,2
42949871822,6,4,2
42949871815,7,5,2
68719815514,4,3,1
25770149434,5,2,3
25770149433,3,2,1
25770149430,6,3,3
25770149429,5,3,2
81180,5,3,2
25769917654,4,2,2
160905,16,14,2
237983,7,6,1
34359850191,23,21,2
145858,21,19,2
333794,9,7,2
17179963988,10,8,2
206158557229,3,2,1
8590136154,21,17,4
104306,32,30,2
25769882697,11,9,2
34359830407,10,6,4
8950,8,5,3
42949930969,15,14,1
178427,16,14,2
364064,19,18,1
8590307310,9,8,1
17180097670,28,27,1
128849096328,4,3,1
27518,42,37,5
17180123766,5,4,1
8590276461,12,11,1
17180150978,6,5,1
68719518272,6,4,2
42949832874,8,7,1
96524,89,61,28
17180181475,36,28,8
8589980062,26,24,2
403859,12,8,4
403855,9,7,2
25769942593,14,13,1
8590281599,12,11,1
6671,25,20,5
8589989472,3,2,1
25770033497,7,6,1
8590089672,70,47,23
51539613570,21,19,2
111669366049,5,4,1
94489623909,3,2,1
334747,5,4,1
25770009231,22,17,5
34360111572,4,3,1
146029198944,3,2,1
130317,6,5,1
216624,32,29,3
25769990484,13,11,2
62698,4,3,1
62694,12,7,5
8590362644,5,4,1
146029258491,4,3,1
8589951078,11,10,1
25769907505,12,10,2
68719786222,3,2,1
68719786223,4,3,1
60129833770,4,3,1
359240,32,29,3
283775,41,39,2
253230,31,25,6
8590101732,15,14,1
69823,8,7,1
51539801633,16,12,4
68719680328,6,3,3
34360047190,11,2,9
164705,55,47,8
68719637523,4,3,1
111875,101,70,31
51539814072,10,9,1
42950040200,4,3,1
180388885034,4,3,1
34359820411,5,4,1
17180138150,18,17,1
17180138146,12,11,1
25769924082,15,10,5
17179897010,26,10,16
188978618509,5,4,1
51540048863,12,9,3
206158667755,3,2,1
51539876508,10,8,2
146029076342,6,5,1
85899376161,3,2,1
264959,10,9,1
264961,9,8,1
264963,10,9,1
94489515709,5,3,2
140732,59,25,34
8590019722,24,19,5
8590034715,15,12,3
42949784263,17,15,2
8590283382,4,3,1
77309489041,10,9,1
77309489044,4,3,1
34359776718,6,5,1
286541,29,24,5
51539813478,6,5,1
17180067475,8,7,1
51539627867,19,13,6
68719720301,8,7,1
163208832601,5,4,1
163208832598,7,6,1
103079322245,4,3,1
17180139318,12,11,1
103079593494,3,2,1
17179938599,19,18,1
25769866607,18,17,1
206158558901,5,4,1
8590342766,6,5,1
94489638798,8,7,1
60129608554,8,6,2
302134,25,20,5
302125,38,26,12
51539871006,6,5,1
25770224633,13,12,1
60129722594,11,9,2
8590376604,14,13,1
223407,19,17,2
265555,18,13,5
25770026092,4,3,1
17180210287,26,24,2
8590353074,8,6,2
359833,4,3,1
17180297395,4,2,2
34359840164,17,15,2
17180174212,21,20,1
17180212700,15,10,5
8590237026,37,30,7
17180005607,13,12,1
129535,21,17,4
17180163982,8,7,1
34359877934,10,9,1
17180131391,10,9,1
17179877215,15,14,1
42950035170,13,11,2
34359986300,10,9,1
42950071257,7,5,2
240518457084,6,4,2
115704,25,24,1
8589964603,6,2,4
17180199427,14,13,1
17180102098,13,12,1
68719488798,9,8,1
34359890619,29,28,1
17179961106,3,2,1
51539661479,3,2,1
25769984668,7,6,1
8590198517,9,7,2
8590198522,9,7,2
51539855435,11,9,2
85899772807,5,4,1
17180275859,13,10,3
17179977430,12,11,1
8589992284,6,5,1
34359838208,3,2,1
180388997490,3,2,1
25769896231,12,9,3
55539,6,5,1
25770173141,6,5,1
25769909447,12,9,3
25769909444,8,6,2
244863,11,8,3
244866,13,10,3
244869,12,9,3
25769909442,7,5,2
25769863151,4,3,1
396129,21,17,4
25769965048,27,23,4
51539867961,16,14,2
257698313262,3,2,1
8590003452,46,33,13
50589,44,32,12
208775,33,24,9
240518511717,3,2,1
314737,10,8,2
314740,8,7,1
295005,5,4,1
51539975956,5,4,1
103079368022,10,7,3
92739,6,5,1
60129953089,9,8,1
54157,58,28,30
104478,43,27,16
85899777485,7,5,2
164624,10,8,2
17180122093,3,2,1
206158651161,4,3,1
194392,22,13,9
42138,26,21,5
17180036108,20,18,2
51539659945,10,8,2
110411,4,3,1
377444,7,6,1
8590170425,32,17,15
22250,8,7,1
137439113405,6,5,1
166914,6,5,1
34360027008,17,12,5
17180050867,34,29,5
338252,20,19,1
44966,13,12,1
44963,26,19,7
44970,13,11,2
17180160920,6,5,1
34359743582,9,8,1
25770080076,37,28,9
110586,28,27,1
42949889193,14,12,2
25769971128,30,13,17
17180140030,15,13,2
17180230733,3,2,1
205735,18,17,1
17180058236,23,21,2
134915,26,22,4
137439325477,4,3,1
51539608877,8,5,3
51539678993,4,3,1
118201,4,3,1
77309496833,3,2,1
158716,12,10,2
111628,6,5,1
324333,14,13,1
17179913416,12,11,1
34359984881,13,11,2
42950061909,7,6,1
13233,11,9,2
366085,23,20,3
365424,114,67,47
8590146366,24,22,2
51539970723,16,14,2
214604,11,10,1
37845,12,8,4
42950066352,8,6,2
51539834350,8,7,1
8589947960,12,9,3
68719829083,5,4,1
77309764046,4,2,2
8590229071,11,9,2
17180025086,9,7,2
8590172732,9,7,2
323015,15,8,7
17179974682,7,5,2
8590132609,16,11,5
146029326580,5,4,1
17179957511,10,7,3
8590042418,5,4,1
17180202853,16,14,2
8590162267,18,13,5
51539744699,7,6,1
8590259309,27,22,5
25769829298,9,8,1
17180139757,23,13,10
51539699310,15,11,4
25769922599,6,5,1
60129736464,5,4,1
60129736460,8,7,1
34359812393,5,4,1
187507,4,3,1
8590212764,4,3,1
8589968720,52,46,6
17180067666,8,5,3
306187,41,35,6
8590067116,14,13,1
196638,22,19,3
194526,43,40,3
25770191359,4,3,1
60129651356,5,4,1
68719881229,3,2,1
51539742837,11,7,4
171821,35,18,17
371850,13,12,1
17180069168,23,21,2
17180255023,7,6,1
8590038054,16,14,2
17180255027,12,11,1
17180255034,10,9,1
17180255038,8,7,1
146029133565,3,2,1
137438968476,3,2,1
257698407216,3,2,1
51539627515,7,5,2
42950085443,8,7,1
132152,29,27,2
51539937654,6,5,1
383227,18,13,5
31128,5,4,1
144924,59,42,17
34359854801,8,7,1
34359854791,6,5,1
17179962061,16,14,2
199377,26,16,10
154619101785,3,2,1
351328,5,2,3
34359984378,12,4,8
102854,8,7,1
25770126885,17,15,2
25769817889,21,16,5
17179924378,14,12,2
8590140195,6,5,1
77309763901,5,4,1
77309763895,6,5,1
42949994630,15,13,2
25770104720,6,5,1
42950020846,12,11,1
51540049195,3,2,1
188978801947,4,3,1
51539965641,9,8,1
8590310934,9,8,1
59816,35,34,1
51539891845,20,16,4
8590212727,8,6,2
137439371066,4,2,2
111669230292,4,2,2
85899729659,4,2,2
241427,7,5,2
8590073751,16,13,3
8590113991,16,14,2
42949715966,9,7,2
17179964452,7,6,1
111669386734,3,2,1
197568651475,3,2,1
272684,4,3,1
51539913166,7,4,3
239602,16,15,1
13700,23,18,5
68719520093,6,5,1
8590015641,14,11,3
42949994390,6,5,1
42950106922,16,14,2
361410,14,13,1
25769849501,13,9,4
249108260048,4,3,1
17179938354,10,8,2
17179950745,5,4,1
34360104117,8,7,1
8589976603,44,40,4
27185,37,29,8
85899410449,7,6,1
42949907066,11,10,1
400001,7,5,2
42949909508,4,3,1
17179919422,13,11,2
8590001229,53,46,7
68719506139,8,6,2
94489603740,13,9,4
77309496322,10,8,2
256410,10,9,1
8590145386,41,28,13
8589965643,104,74,30
17180292779,4,3,1
67174,36,33,3
210148,109,72,37
34359865376,6,5,1
362287,30,24,6
145377,25,23,2
8590194452,15,14,1
381289,5,4,1
139243,42,33,9
17179875810,42,29,13
154618995343,4,3,1
17180084680,12,10,2
17180200150,16,15,1
42949998989,13,11,2
17180050546,44,27,17
34359996836,9,6,3
17180263651,20,15,5
34359996893,18,16,2
17180283373,6,5,1
8590232170,21,18,3
59826,56,44,12
25770068049,9,8,1
163209179127,4,3,1
18101,119,70,49
25769826467,8,7,1
17180162875,25,23,2
8590127879,16,15,1
17180155614,10,9,1
8589967361,14,12,2
413365,44,37,7
17179955034,27,26,1
51539810547,9,8,1
8589948745,36,28,8
25770040359,14,12,2
17180205675,23,19,4
299190,10,9,1
34360160433,4,3,1
60129548142,9,8,1
60129548140,8,7,1
281257,20,16,4
25769850070,29,19,10
10334,16,14,2
10338,110,69,41
171799021569,3,2,1
34360013722,3,2,1
25770025553,15,13,2
8590024868,16,15,1
94489449709,4,2,2
215653,8,6,2
17180023050,15,11,4
101692,16,11,5
8590238417,5,4,1
60129782673,12,9,3
8590001914,8,7,1
51539787380,3,2,1
51539889742,8,7,1
8590051726,14,13,1
328642,11,8,3
275927,8,5,3
34359936815,6,5,1
99926,121,84,37
17179935507,16,11,5
8589954725,13,4,9
108520,56,30,26
8590201369,23,22,1
180388852811,3,2,1
8590354404,4,3,1
8589966011,5,4,1
8589966009,6,5,1
8589966006,17,11,6
60129707009,5,4,1
25770069877,14,12,2
8590002027,4,3,1
58763,37,22,15
68719826289,10,7,3
25770126187,6,5,1
34359937724,10,9,1
8589969706,38,34,4
8590065525,14,13,1
68719873773,4,3,1
77309553529,10,6,4
8590049294,5,3,2
248347,21,18,3
4520,19,14,5
60129858545,8,7,1
25769900663,26,23,3
271849,9,8,1
17179871315,27,18,9
8590051533,49,43,6
8590143866,11,10,1
60129920875,8,6,2
137439160415,4,3,1
190632,46,39,7
265442,26,16,10
373934,24,22,2
104402,9,6,3
25769928799,17,15,2
93036,17,15,2
60129867949,7,4,3
8589958126,13,12,1
103295,9,7,2
17180288041,8,7,1
270729,17,16,1
66306,7,6,1
51539807369,5,4,1
240518251057,3,2,1
177796,9,8,1
8590284102,37,28,9
17180070625,10,7,3
17180230836,22,19,3
85899770476,7,6,1
8590215513,9,8,1
60129949979,6,5,1
392618,12,10,2
60129812929,8,7,1
94489365191,3,2,1
43129,15,14,1
42949912558,6,5,1
17180112284,5,4,1
100225,16,14,2
8590052725,10,9,1
8590046904,15,11,4
226757,15,12,3
226756,60,37,23
362164,34,31,3
97892,27,24,3
8590173021,6,4,2
25770233887,7,6,1
8590290205,12,10,2
8590044608,13,10,3
60129776497,11,10,1
60129867645,10,9,1
8590123509,16,12,4
8590043931,6,5,1
43758,21,19,2
34359937220,3,2,1
25769897695,11,10,1
42949931226,14,10,4
25769848870,13,12,1
51539721030,6,5,1
108820,155,124,31
85899421325,11,8,3
68719629123,5,4,1
85899651459,6,5,1
85899651458,5,4,1
17180078624,6,5,1
25770073975,7,5,2
145221,4,3,1
17179925477,14,13,1
137438972134,5,4,1
42949817050,12,10,2
104036,17,13,4
8590339581,7,6,1
104039,16,13,3
17180175912,5,3,2
8589949255,12,11,1
285427,15,13,2
15531,90,26,64
177040,26,11,15
8590334032,9,7,2
17179918096,10,9,1
17180104822,9,8,1
111669303486,7,6,1
226683,31,29,2
51981,22,20,2
8590339174,8,7,1
51539762528,6,4,2
94489614120,3,2,1
17180151621,3,2,1
8590248879,6,2,4
244651,8,6,2
17179870804,18,16,2
8590012464,10,7,3
42949678025,11,10,1
51539958883,10,6,4
248276,16,8,8
25769991177,11,10,1
25769838230,17,16,1
384212,19,18,1
8590379504,7,4,3
51539616855,9,8,1
17180042410,14,12,2
103079552576,12,11,1
85899531845,3,2,1
42949976835,6,5,1
154619134587,3,2,1
8590336203,9,8,1
8590336206,4,3,1
45977,50,48,2
17179874485,15,14,1
8589940541,11,10,1
60129712902,7,5,2
25769837421,16,11,5
128420,10,9,1
60129655509,13,12,1
17179964246,13,11,2
8590169313,21,13,8
337067,47,40,7
34359747745,9,7,2
94489548412,5,3,2
60129927499,8,3,5
77309797451,8,7,1
111669370127,7,5,2
17179908098,32,23,9
77309444286,8,7,1
237022,8,7,1
33405,6,5,1
68719899846,4,2,2
17180152526,7,5,2
68719584309,5,3,2
25769974836,7,6,1
17180110380,19,15,4
25769883528,18,16,2
68719900286,12,11,1
17180079707,5,4,1
17179954357,11,10,1
17180155221,16,14,2
319406,18,16,2
85899748694,4,3,1
163208864760,4,3,1
17180124946,34,30,4
154618905744,6,5,1
34360074850,7,6,1
8590052998,23,22,1
60129756889,6,5,1
120259108615,3,2,1
128849267793,5,2,3
353463,18,14,4
375861,9,8,1
285271,17,16,1
295229,4,3,1
77309809236,5,4,1
77309809234,4,3,1
42949715245,13,12,1
34359952596,6,5,1
42949822268,3,2,1
85899494344,9,8,1
34360149352,5,4,1
25769980348,15,13,2
17179955641,9,8,1
60129838711,6,5,1
17180126077,5,4,1
239788,12,11,1
42949757936,12,11,1
126620,8,4,4
240576,50,24,26
17180027495,9,8,1
8590324388,6,5,1
110390,91,36,55
148115,16,15,1
331717,27,22,5
326975,41,38,3
68719792766,10,9,1
228933,9,8,1
17180141481,6,5,1
8590075141,20,19,1
8590018176,8,6,2
34359927074,5,4,1
8590098389,23,13,10
8590023459,17,16,1
111669491274,4,3,1
8590122081,5,4,1
138890,16,15,1
17180033569,22,20,2
25770005860,4,3,1
8590263741,7,6,1
39611,69,66,3
34292,26,24,2
51539975886,8,6,2
19393,23,16,7
8589999459,13,12,1
8589972419,17,16,1
366403,32,17,15
8590083945,6,5,1
291577,56,2,54
128849175831,4,3,1
154618993802,5,3,2
68719883210,4,3,1
13841,19,15,4
154107,13,10,3
8590295377,5,4,1
17180298047,6,5,1
17180210506,22,18,4
187882,13,11,2
25770107325,9,8,1
17179958838,14,12,2
77309835191,6,5,1
8590253544,5,4,1
77309728573,7,5,2
25770245597,9,8,1
12031,75,57,18
60129956521,13,11,2
25770023679,13,12,1
154618948837,3,2,1
68719573063,14,11,3
25770015138,7,5,2
8590047403,8,6,2
8590047399,5,4,1
8590047407,7,6,1
171798760461,4,3,1
25770136982,10,9,1
223338720792,4,2,2
94489368494,3,2,1
351175,47,43,4
60129832195,21,19,2
17180051936,9,8,1
8590377809,8,7,1
8590004526,18,12,6
17180205101,8,5,3
85899766928,3,2,1
416387,18,14,4
42950014692,9,2,7
25770051098,6,3,3
42949703567,10,9,1
34360134731,9,6,3
383237,82,62,20
8589948743,58,46,12
68719886678,4,3,1
85899487700,6,5,1
42949924549,7,6,1
8590139008,8,7,1
103079433068,4,3,1
8590104792,20,13,7
181607,8,7,1
25769947230,8,7,1
8589981780,28,27,1
91528,51,41,10
8590354543,22,20,2
414201,22,18,4
42950081894,7,6,1
111669332799,9,8,1
60129690448,6,2,4
110114,18,15,3
17180031320,5,3,2
25770094070,14,13,1
17180232728,22,3,19
8590266130,3,2,1
8590007026,24,19,5
25770160969,5,4,1
94489621928,10,9,1
215462,16,15,1
25770182417,45,28,17
169487,5,4,1
169494,6,5,1
111669472446,5,4,1
42950078310,6,5,1
17513,11,8,3
17512,21,14,7
111076,15,14,1
17179878968,19,17,2
107843,37,36,1
51539675229,6,5,1
313499,17,11,6
34359958525,14,13,1
42949969753,23,15,8
17179953297,23,12,11
8589988753,20,19,1
25769989297,19,14,5
8590060607,12,7,5
120605,64,37,27
60129943249,3,2,1
42949820670,4,3,1
77309777570,3,2,1
42949955971,13,10,3
68719623323,5,4,1
17180149436,11,8,3
17180150062,11,8,3
6343,6,5,1
8590206595,24,23,1
183978,13,11,2
51539848546,3,2,1
85899651551,6,5,1
25769872436,20,18,2
131899,14,12,2
17179879136,10,9,1
60129714438,9,8,1
94489536922,5,4,1
111669370125,4,3,1
25770018231,13,9,4
17179946150,7,6,1
17180219245,8,7,1
95541,116,60,56
60129601597,4,3,1
42949672990,7,6,1
42949672992,7,6,1
149708,16,13,3
34360059103,10,8,2
149705,14,11,3
25770095407,4,3,1
8590041788,4,2,2
289139,20,15,5
17179941853,6,5,1
182136,50,43,7
368174,20,17,3
17180010336,3,2,1
14796,47,40,7
17179925966,16,14,2
188978864987,4,3,1
34360088833,13,9,4
215632,31,26,5
52151,21,20,1
386156,52,21,31
25770049264,21,18,3
8590104176,33,24,9
25769932987,9,8,1
92729,30,23,7
8590048839,15,12,3
163208775204,4,3,1
8590092350,4,3,1
332127,23,21,2
34359847232,3,2,1
341840,13,9,4
17179971691,9,8,1
8590221247,13,10,3
151040,34,21,13
85899674279,4,3,1
163209090250,4,3,1
17180234691,13,10,3
8589967491,23,20,3
8589935325,12,7,5
48940,59,51,8
25769924919,16,15,1
51539803340,7,5,2
34359789639,12,9,3
34359789636,5,4,1
51539803342,5,4,1
250177,6,5,1
25769969447,10,9,1
25769969440,5,4,1
25769969444,13,12,1
17180219381,4,3,1
43672,49,29,20
188978899085,4,3,1
60129642972,5,4,1
123271,14,13,1
211453,123,68,55
249108156448,4,3,1
181048,23,22,1
202843,111,56,55
17180153432,6,5,1
17180153428,6,5,1
34359984865,14,10,4
34359984868,15,10,5
133570,14,13,1
34360054176,26,18,8
25770171088,24,15,9
103079415837,9,7,2
94489291954,3,2,1
8590043419,14,13,1
60129747277,7,6,1
68719608594,7,6,1
103079370477,8,6,2
197568765912,3,2,1
77309636955,10,9,1
394309,11,10,1
257306,3,2,1
42949947578,7,6,1
388515,12,11,1
8590086641,16,14,2
51539699723,3,2,1
17180073555,10,9,1
25769823646,12,11,1
60129741827,4,2,2
9081,9,8,1
94489705284,6,5,1
13307,93,78,15
34360086954,8,7,1
42949888685,3,2,1
231928250692,4,3,1
188978582604,5,4,1
157237,60,46,14
416555,17,12,5
8590005693,6,5,1
25770172155,6,5,1
77309600123,8,7,1
51539639422,13,12,1
60129838235,3,2,1
69828,3,2,1
77309677384,5,4,1
161967,25,24,1
167155,60,49,11
395975,18,17,1
354182,8,7,1
358083,10,8,2
42949713486,8,6,2
105241,45,24,21
8589992194,7,6,1
25769879160,12,11,1
17179976800,3,2,1
17179988207,13,11,2
25769825259,7,6,1
8590061822,20,15,5
394883,5,4,1
42949979190,11,10,1
8589981944,17,14,3
34360133511,11,10,1
373703,59,56,3
128849308791,8,7,1
8589971170,4,3,1
34360154415,15,12,3
8590335148,9,8,1
17180008118,3,2,1
51540041367,3,2,1
382644,11,7,4
8590124743,8,7,1
8590199315,7,6,1
259785,19,15,4
68719767153,4,2,2
34360111760,12,11,1
8590332580,18,17,1
17180293697,15,13,2
77309559469,12,8,4
42949674291,13,12,1
17180030549,5,4,1
17180171622,4,3,1
218692,18,13,5
17180171625,5,4,1
8590011128,29,27,2
357187,18,17,1
8590361719,4,3,1
68719585753,10,8,2
136842,39,34,5
8590144715,6,5,1
134077,12,10,2
60129909876,9,3,6
17180258680,8,7,1
17180258687,4,3,1
183026,3,2,1
68719691986,5,4,1
68719824340,4,3,1
8590144169,37,31,6
34359819951,12,11,1
60129699275,7,6,1
17180036014,17,10,7
25770109816,8,7,1
8590246241,6,5,1
114593,6,5,1
34359899522,11,7,4
111669188003,6,5,1
17179920250,10,9,1
60129608603,8,5,3
25062,12,7,5
60129608602,9,8,1
17180067216,15,14,1
36366,30,27,3
17180188808,25,21,4
8590318485,7,5,2
343305,7,5,2
68719535361,13,11,2
60129666085,12,11,1
8590345775,35,28,7
205349,21,20,1
42949873545,10,9,1
180389037515,5,4,1
34360121971,6,4,2
34360121974,5,4,1
34360121969,4,3,1
17179985203,7,6,1
128849435997,7,6,1
174139,21,17,4
60129572743,3,2,1
51539862175,3,2,1
17180289171,13,11,2
60129594496,10,9,1
17179869923,4,2,2
17179954422,8,6,2
17180226750,7,6,1
8590312962,8,7,1
68719709688,10,8,2
111669554264,3,2,1
8589995757,5,4,1
342190,3,2,1
77309753190,3,2,1
25770095792,23,22,1
8589973472,8,7,1
25770148240,12,11,1
8589973471,8,7,1
60129664931,7,5,2
60129664933,5,4,1
262389,18,10,8
111669580616,5,4,1
42949870989,7,6,1
60129952341,3,2,1
55558,8,7,1
120259224094,4,3,1
17179979876,26,21,5
17180228314,5,4,1
8589980851,36,23,13
128849390300,6,4,2
17179987354,34,16,18
34359759336,34,31,3
296846,11,10,1
8590367808,6,5,1
8589980882,26,18,8
34359794752,6,5,1
117008,14,12,2
8590099736,8,7,1
8589986723,8,7,1
17180208265,4,2,2
196684,6,5,1
8590241791,31,27,4
220866,33,29,4
34359956862,8,7,1
77309744053,17,16,1
308361,18,15,3
8590370792,16,15,1
60129973408,4,3,1
8590335779,7,5,2
77309474534,4,3,1
42949827900,5,4,1
42949827898,4,3,1
120259111439,5,4,1
17180181179,6,5,1
169591,10,9,1
8590320034,27,15,12
8589994633,38,28,10
34359795046,7,6,1
34359795043,31,26,5
68719785014,4,3,1
77309625062,9,8,1
17180109029,17,15,2
34359955062,17,14,3
34359955064,14,11,3
103079387783,11,10,1
25769827318,15,13,2
103079387784,11,10,1
34359863183,14,12,2
103079387785,14,12,2
8590354187,37,28,9
52063,42,40,2
377600,5,3,2
25770223877,17,15,2
34359858707,20,15,5
68719496895,10,9,1
17180059524,3,2,1
84168,26,24,2
111669366171,5,4,1
216919,13,11,2
25006,14,13,1
8590086026,6,5,1
154619219202,4,3,1
17180128305,19,9,10
405969,19,18,1
123087,12,11,1
34359893992,16,15,1
85899388795,5,4,1
17180045882,11,7,4
55169,21,17,4
77309733900,3,2,1
214748517088,4,3,1
103079271733,5,4,1
60129947536,10,8,2
165113,32,16,16
68719587244,4,3,1
42949711342,11,10,1
8590259271,7,6,1
51320,10,9,1
146631,6,5,1
109817,6,5,1
109818,5,4,1
42949922610,7,6,1
17180007273,4,3,1
60129684914,11,10,1
42949754188,10,8,2
42949691017,10,7,3
34359825991,26,25,1
8590174247,11,10,1
66397,31,25,6
68719901352,7,6,1
25770122353,8,5,3
77309676146,6,4,2
77309676143,4,3,1
122392,8,6,2
77309473150,9,8,1
137439163137,7,5,2
83146,7,5,2
17180065491,14,13,1
15498,10,9,1
17179872696,7,6,1
66131,26,21,5
25770225111,27,25,2
8590046781,49,46,3
25770164818,10,9,1
8590157725,24,23,1
17180151763,26,19,7
60129678603,5,4,1
94489557426,4,3,1
2857,21,17,4
8589961059,24,13,11
34359951648,10,6,4
42949673683,15,12,3
68719493729,6,5,1
68719587875,4,3,1
17180049783,9,6,3
68719493728,4,3,1
128849076121,12,11,1
128849076116,14,12,2
269937,12,11,1
25769964124,30,23,7
34359931405,7,6,1
50376,134,102,32
25770074946,12,10,2
51540016753,3,2,1
163208762827,3,2,1
146029252644,3,2,1
283959,33,25,8
25770034045,24,22,2
146028905666,5,4,1
73221,16,14,2
8590104630,31,24,7
51539749312,5,3,2
34360163819,11,10,1
147289,4,3,1
17116,4,3,1
174548,4,3,1
150375,12,10,2
108203,38,36,2
60575,10,9,1
17180106681,10,9,1
90556,64,25,39
8590184967,22,17,5
51539691353,3,2,1
25769931170,13,10,3
17180019216,7,5,2
187662,27,18,9
163944,15,14,1
7466,9,8,1
77309416646,7,6,1
77309416642,9,7,2
77309416641,6,5,1
17180185791,7,6,1
294141,33,28,5
53123,204,99,105
8590090274,37,30,7
8590154943,16,15,1
34359850903,23,21,2
68719548953,4,3,1
68719840190,5,4,1
413438,32,28,4
42949976438,6,4,2
8590225008,5,4,1
60129706995,9,8,1
17180305200,34,27,7
17180264172,24,21,3
60129894264,7,6,1
128849330615,6,5,1
17179922212,89,54,35
229306,13,12,1
110421,31,22,9
8590135935,13,11,2
60129692009,8,7,1
17180023189,7,5,2
198008,13,10,3
198007,12,11,1
25770202967,3,2,1
17180140737,6,5,1
303379,17,5,12
323089,47,45,2
397660,6,5,1
8590373313,14,13,1
398258,17,15,2
8590374517,9,7,2
111669191672,12,11,1
111669191675,7,6,1
34360112988,4,3,1
17180243324,10,7,3
312769,11,10,1
403279,11,10,1
14011,54,43,11
8590048538,4,3,1
25770157208,12,8,4
109774,28,17,11
51539650273,9,7,2
207371,42,23,19
85899574525,4,3,1
51539933964,4,3,1
128849247371,4,3,1
51539933971,6,4,2
25770103407,6,5,1
238270,37,30,7
17180051064,10,9,1
274613,9,8,1
87618,73,64,9
197568636967,5,2,3
116962,39,34,5
60129720740,4,3,1
116966,9,8,1
8589980179,7,6,1
329426,5,4,1
329419,14,11,3
78004,36,27,9
85899485513,4,3,1
51539613200,8,7,1
307259,95,22,73
94526,8,5,3
17180288836,26,23,3
94489498654,4,3,1
17179919920,23,19,4
17179963398,4,3,1
77309415081,9,8,1
77309600983,16,13,3
8589976145,27,24,3
17180278597,13,12,1
17180160300,13,11,2
61686,24,20,4
8590357654,12,9,3
25769918096,11,8,3
34360164072,3,2,1
77309785188,12,11,1
2130,29,27,2
17180146895,7,6,1
42424,35,28,7
366229,25,7,18
34360117223,6,5,1
103079452965,4,3,1
42949789784,4,3,1
42949789783,4,3,1
25769924808,4,3,1
180388926914,3,2,1
25770171924,8,5,3
68719541087,3,2,1
17180251971,3,2,1
8590378628,17,13,4
39704,29,25,4
60129623229,4,3,1
17180106437,6,4,2
60129550851,5,4,1
42949887642,4,3,1
6848,68,52,16
85899553908,8,7,1
120259391268,5,4,1
8590065335,7,6,1
17180098369,14,13,1
103079422992,3,2,1
314087,37,27,10
190615,14,13,1
17180077304,16,15,1
257698323668,3,2,1
17179950085,15,14,1
34359856747,4,2,2
34359851207,9,2,7
34359856750,3,2,1
146029038918,4,2,2
8590352361,10,8,2
207146,11,7,4
8590179479,8,7,1
180388917471,4,3,1
17180221748,12,11,1
17179911367,25,16,9
17179911371,19,18,1
105098,92,59,33
34359838642,8,7,1
303927,13,8,5
8590129504,60,18,42
54146,9,8,1
237418,41,37,4
144665,4,2,2
181835,33,22,11
51539720227,26,25,1
8590012372,13,11,2
25769911461,6,5,1
34359833660,4,3,1
8590260046,4,3,1
94489623432,9,8,1
8590015570,6,5,1
60129884026,5,4,1
60129884030,7,6,1
42949731070,32,29,3
85899423978,6,5,1
230730,19,18,1
17179935889,10,9,1
8589977305,72,51,21
51539980702,4,3,1
290416,68,63,5
185699,24,20,4
8590065281,34,30,4
371399,71,34,37
128849292377,6,5,1
34359877594,7,6,1
350149,14,13,1
25769880620,27,18,9
8590046613,12,11,1
197568552863,4,3,1
128849045277,10,9,1
42949746495,10,9,1
42949746494,14,11,3
34360108974,14,10,4
17180068238,9,7,2
137439313480,10,9,1
153777,10,7,3
34360074504,7,6,1
34360074503,5,4,1
14672,14,13,1
8589961270,5,3,2
8589961273,3,2,1
68719863406,12,11,1
369183,45,41,4
68719748715,3,2,1
17180301012,35,31,4
8589979923,32,25,7
77309740344,5,4,1
8590042629,69,22,47
51539690725,7,6,1
8590315872,39,38,1
25769958722,3,2,1
17179877196,6,4,2
85899759681,7,6,1
85899759680,9,8,1
34359779840,12,11,1
8590040727,62,49,13
128849434223,4,2,2
17180000893,13,10,3
51539859460,10,8,2
25770236055,8,7,1
3792,8,7,1
111669360604,5,4,1
103079356687,6,5,1
23094,36,29,7
8590062844,30,29,1
80328,31,21,10
25769856039,8,7,1
17180036217,8,6,2
42949806024,10,9,1
25769935192,7,6,1
51539695074,5,3,2
255434,11,9,2
203030,10,8,2
85899528327,18,15,3
8590052997,3,2,1
17180018967,7,6,1
384807,10,8,2
128849137845,3,2,1
8590137242,10,9,1
42949859734,16,11,5
8590084150,16,14,2
25770210407,5,4,1
8590333266,10,8,2
34359858638,18,12,6
8590176338,8,7,1
139490,88,73,15
51539966589,5,4,1
42949817104,5,4,1
25769999121,22,18,4
8590239605,12,11,1
60129775398,4,3,1
60129775394,5,4,1
34359940571,11,10,1
17180263904,4,3,1
103079245109,3,2,1
103079245110,4,3,1
25769884164,36,22,14
60129846321,7,5,2
51539667761,7,5,2
34359861111,5,3,2
34360000245,11,10,1
17180128048,6,5,1
68719662620,17,16,1
23721,22,21,1
297749,13,12,1
327759,65,48,17
233633,23,16,7
25769860429,5,4,1
223338332562,4,3,1
42950111310,10,8,2
8590071324,21,19,2
128849169863,4,3,1
272690,23,18,5
68719746307,4,2,2
85899588543,4,3,1
34360155253,9,8,1
344919,44,41,3
77309810085,5,4,1
42949843984,9,7,2
81273,22,18,4
17179936531,13,11,2
51539805301,15,14,1
34359796015,24,21,3
34360157475,8,6,2
8589963163,17,10,7
120259475622,6,4,2
9073,22,20,2
25769907253,12,9,3
8589974007,20,19,1
280036,13,11,2
280032,18,14,4
17180053347,5,4,1
8590199192,9,7,2
5039,113,63,50
120259317152,3,2,1
77309845607,18,12,6
197568922724,4,3,1
197568888331,4,3,1
95272,15,4,11
207502,6,3,3
114812,25,21,4
205434,23,21,2
68719713547,4,3,1
60129575301,5,3,2
271400,16,7,9
17180155134,9,5,4
60129616469,4,3,1
60129708035,7,6,1
8590120569,11,9,2
8589984496,22,7,15
355110,23,16,7
17179915861,8,7,1
17179915857,10,9,1
17179915864,11,9,2
274878099852,3,2,1
93890,10,9,1
25770106185,13,12,1
8590265804,7,5,2
34359871910,4,3,1
8590278888,21,19,2
111669161529,4,3,1
223338411655,4,3,1
51540036675,8,7,1
8590036738,69,51,18
128849454842,6,5,1
17179910105,3,2,1
185357,8,7,1
17179888215,8,7,1
72619,31,27,4
68719621463,7,6,1
135230,7,6,1
51539749396,11,8,3
25769853198,12,11,1
171798756976,4,3,1
171798756975,3,2,1
171798756977,7,6,1
146029039395,4,3,1
8590063267,6,5,1
123227,6,5,1
17180280877,21,19,2
25769887708,14,13,1
8590063919,20,8,12
133736,90,68,22
163209018900,4,3,1
8590083473,6,5,1
51539974489,9,8,1
51539974496,6,5,1
25769812973,15,12,3
42950074783,5,3,2
8590299494,32,22,10
94489370083,5,4,1
243740,49,29,20
111669424450,3,2,1
51539799035,7,6,1
34360069997,13,9,4
300769,11,9,2
8590285285,30,28,2
17180088855,23,20,3
245585,14,13,1
103079578161,7,6,1
111669382310,6,4,2
8590130547,17,16,1
68719513190,9,7,2
8589982441,14,13,1
111465,91,28,63
185296,4,2,2
137439353277,3,2,1
89124,43,35,8
291362,19,18,1
34359802063,31,27,4
25770129198,15,14,1
60129758419,9,5,4
180389014368,3,2,1
77309435690,3,2,1
156706,14,13,1
364302,21,20,1
42949938745,4,3,1
25770205517,23,22,1
37128,83,30,53
34359944936,5,4,1
68719871362,7,6,1
68719871361,5,4,1
346150,35,34,1
17180090486,8,6,2
77309433010,12,11,1
206503,12,10,2
17180008696,13,11,2
8590265869,18,13,5
36756,14,8,6
42950022055,7,5,2
8590203265,6,4,2
42950022051,7,6,1
77309668921,3,2,1
401518,8,7,1
25770114121,7,6,1
25770049441,3,2,1
60129672779,5,2,3
99295,5,4,1
163209192474,4,3,1
163209102217,7,5,2
51539636372,7,6,1
34360159341,12,9,3
8590119208,21,11,10
34360159332,19,13,6
25770130244,15,12,3
8590089864,23,17,6
193839,64,19,45
77309616106,5,4,1
51539618558,5,3,2
8590280261,8,7,1
51539644305,13,11,2
51539644298,16,14,2
8590304940,27,22,5
8590070796,4,3,1
120259250460,4,3,1
130242,51,40,11
8590124550,19,18,1
306963,15,11,4
282075,13,10,3
97861,38,32,6
8590000660,9,4,5
111669250419,3,2,1
121553,9,7,2
8590249459,8,7,1
25770029480,7,6,1
8590339409,14,8,6
8590232872,10,9,1
99637,23,20,3
99641,55,30,25
8590133262,12,10,2
5108,18,12,6
5103,20,14,6
8590248896,60,32,28
25769946072,11,8,3
128849139272,6,3,3
42949710757,6,5,1
8590163277,75,44,31
17180066322,16,14,2
17180259748,12,11,1
190111,50,43,7
347994,18,16,2
25769885219,3,2,1
120259295861,3,2,1
240518244249,4,3,1
77309481747,8,5,3
247469,28,27,1
34359958350,19,15,4
34360075418,7,6,1
17180160012,3,2,1
163135,22,2,20
120259483616,3,2,1
60129698756,13,12,1
34359813275,5,3,2
17180000173,10,7,3
51539719871,4,3,1
34359813276,7,4,3
8590019227,4,3,1
4882,4,3,1
42949754096,11,9,2
51539829405,6,5,1
17180051178,24,21,3
25769808969,7,6,1
8590196061,52,48,4
8590029795,8,7,1
34360148936,5,3,2
42950021123,6,4,2
8590247258,17,15,2
143258,24,22,2
8590116034,32,30,2
34359976786,18,12,6
298184,28,18,10
35376,56,43,13
8590008039,17,9,8
68719775259,3,2,1
42949985085,8,5,3
17179971784,12,8,4
223338704305,4,3,1
154618875761,12,10,2
369146,13,11,2
154618875762,9,8,1
94489377854,4,3,1
34360082319,7,5,2
17180083467,8,6,2
25769985029,13,10,3
25769989429,26,25,1
276494,19,17,2
276500,6,5,1
276502,7,6,1
119366,17,16,1
119359,44,28,16
25769912132,3,2,1
85899502192,7,6,1
51539922313,14,10,4
51539714757,14,11,3
385257,10,6,4
85899358570,3,2,1
100850,12,10,2
100849,4,3,1
42949863536,10,9,1
25769840677,17,16,1
128849208321,6,5,1
60129974681,6,5,1
25769998639,11,8,3
143017,5,4,1
85899370266,9,8,1
51539765400,4,3,1
25770062946,3,2,1
8590247183,43,25,18
422431,7,6,1
42949899471,10,8,2
25769832862,7,5,2
34360080305,5,4,1
34360080295,7,6,1
17180304938,12,9,3
25769878701,5,3,2
85899709769,8,6,2
328283,24,20,4
17179957646,7,6,1
54638,17,16,1
54639,17,16,1
42949768839,3,2,1
77309671063,3,2,1
60129967988,3,2,1
77309671065,4,3,1
8590060151,4,3,1
8590215225,60,53,7
99739,11,9,2
130487,31,30,1
51539777332,3,2,1
9755,155,107,48
85899459127,5,4,1
217537,9,8,1
25770068473,29,28,1
34359780153,10,8,2
34359780155,8,6,2
17180148348,15,12,3
17179951594,10,8,2
25769996508,10,8,2
17180068653,15,13,2
254459,12,10,2
8590072367,9,8,1
8590187811,7,2,5
17180014138,4,3,1
8589968546,67,48,19
42949897971,7,4,3
17180136459,7,5,2
17180136460,8,7,1
8590187814,4,2,2
78741,24,15,9
409844,24,17,7
17180270265,17,15,2
146029266887,4,3,1
51539621634,15,14,1
144131,42,30,12
230577,61,38,23
8589966456,52,39,13
111669287029,6,5,1
17179889962,21,11,10
17180152099,6,5,1
133424,39,34,5
8590329799,32,30,2
8590303542,11,10,1
53730,17,13,4
17180198233,4,3,1
17180198237,3,2,1
8590316915,34,32,2
34359744594,11,9,2
17180273526,26,21,5
17179968510,38,32,6
68719774425,8,7,1
55172,13,12,1
371496,10,8,2
56817,31,21,10
53571,25,15,10
131214,14,12,2
68719821101,4,3,1
421849,8,7,1
8590342350,12,11,1
383802,5,3,2
17180204789,13,8,5
25770015643,14,13,1
17180169338,5,4,1
42949927934,4,2,2
51539892726,6,4,2
8590057588,8,3,5
51540020978,10,5,5
60129799333,6,3,3
51539892728,6,4,2
60129799327,11,10,1
8590307066,17,15,2
19906,8,4,4
94489442678,6,5,1
8590271320,8,7,1
25770150297,5,4,1
71175,10,9,1
51539785093,6,5,1
17180010262,12,11,1
206158644791,6,5,1
154956,7,5,2
51539725128,3,2,1
103079518697,9,5,4
51539882540,7,6,1
51539882536,5,4,1
111669238849,3,2,1
8590106860,7,5,2
114552,32,24,8
51540044539,6,5,1
185534,28,21,7
8590076468,5,4,1
388037,48,37,11
8590176556,23,18,5
356060,4,3,1
8590087213,11,10,1
34360094049,8,7,1
17180106953,5,4,1
42949990214,9,7,2
171799010097,3,2,1
72178,3,2,1
232275,22,18,4
8590274295,27,24,3
85899555073,3,2,1
68719797861,3,2,1
34359918884,9,8,1
128849204024,5,4,1
362455,11,8,3
77309772742,3,2,1
51539660074,8,6,2
25769957572,5,4,1
25770006796,17,15,2
217370,33,23,10
42949900245,5,4,1
34359963518,3,2,1
206599,19,16,3
94489589419,6,5,1
6964,14,13,1
293170,13,12,1
42949814536,7,6,1
25769873549,10,9,1
362057,7,6,1
37966,13,12,1
8590176824,19,17,2
362055,13,12,1
77309597856,12,11,1
77309655407,8,6,2
109494,42,25,17
25770185375,25,18,7
17179926285,24,21,3
270595,18,17,1
111669303250,6,5,1
102758,68,57,11
420342,11,10,1
8590363358,11,10,1
25769988720,16,14,2
127002,26,16,10
17180243659,22,18,4
51539898549,4,3,1
25770056112,32,28,4
401135,6,4,2
8590302174,27,25,2
8732,155,90,65
45233,27,24,3
60129697719,9,8,1
37657,18,16,2
23055,33,26,7
280746,18,15,3
77309442942,12,10,2
60129766307,5,4,1
8590365135,8,7,1
8590101503,18,16,2
60129959360,9,8,1
17180031666,9,5,4
25769862264,3,2,1
60129659462,9,7,2
295228,6,5,1
8589973761,17,14,3
8590339798,6,3,3
85899481154,6,5,1
49583,37,30,7
17180025006,10,9,1
8590050560,12,10,2
17180025004,7,6,1
17180308068,11,8,3
8589944553,20,18,2
203783,65,42,23
42949726305,6,5,1
128849211800,5,4,1
34360143318,4,2,2
17180143489,3,2,1
411757,6,4,2
8590272901,5,4,1
68719842539,10,9,1
34360137452,17,15,2
8590060033,22,15,7
113435,27,20,7
338500,18,17,1
17180127259,15,14,1
42950114554,6,5,1
51539857964,7,6,1
201069,9,8,1
103767,32,20,12
204658,5,4,1
25769857510,8,7,1
135062,72,23,49
229743,24,20,4
17180196309,13,12,1
212196,21,2,19
8590105270,16,11,5
73867,10,9,1
240518531612,3,2,1
85899574232,3,2,1
42949901734,15,13,2
34359906715,3,2,1
17179998530,12,11,1
270285,22,20,2
25770042917,15,14,1
51539761831,9,7,2
8590350051,5,4,1
8590350044,10,8,2
8590350050,6,5,1
8590350045,5,4,1
77309759013,5,4,1
8590344900,9,8,1
77309530145,13,10,3
392840,4,3,1
77309530143,6,5,1
17180305375,16,14,2
22072,19,16,3
298469,13,11,2
332463,39,37,2
365174,27,23,4
25770085918,40,31,9
136005,13,12,1
214748754822,4,3,1
8590156632,5,4,1
17179933854,7,6,1
17179933855,18,10,8
17179933856,12,10,2
8590156623,15,12,3
17179933852,6,5,1
17179933858,4,3,1
396433,178,104,74
141351,23,21,2
111669255616,4,3,1
34360112675,14,12,2
17180201866,12,10,2
287333,8,6,2
8590257190,11,9,2
235140,18,14,4
88532,54,44,10
17704,141,71,70
9862,115,74,41
17180259559,19,15,4
42949961439,15,12,3
52595,3,2,1
60129860362,4,3,1
85899697204,7,5,2
85899697207,9,5,4
60129809171,9,6,3
85899697202,5,4,1
6079,92,76,16
180388793399,6,5,1
25770095014,7,6,1
17180017604,11,9,2
8590042626,63,21,42
301566,6,5,1
34359807752,4,3,1
34359859862,5,4,1
25770044024,6,5,1
17179896069,7,6,1
17180116650,5,4,1
17180116646,5,4,1
17180116648,6,5,1
17180212045,47,40,7
260041,28,22,6
81319,16,14,2
77309691318,4,3,1
180388651510,3,2,1
305202,12,11,1
162159,28,18,10
24170,35,25,10
8589947211,44,33,11
235520,78,48,30
68719802087,8,7,1
77309820043,9,8,1
63204,12,11,1
17179897462,17,14,3
25770229030,6,5,1
288898,22,11,11
137439244857,6,5,1
42949701624,10,9,1
42949701626,13,9,4
77309774721,18,15,3
163208933312,3,2,1
68719540382,7,2,5
163208933311,3,2,1
34359949563,3,2,1
68719489850,7,6,1
25769987807,9,8,1
17179934752,10,9,1
25770219335,11,9,2
53560,21,18,3
25769980181,5,4,1
118275,32,28,4
189246,21,18,3
42949882653,11,9,2
103478,14,13,1
25769825183,18,13,5
368252,73,49,24
30354,103,37,66
60129806630,6,5,1
374478,29,25,4
15241,24,20,4
17180052673,25,21,4
8589969793,5,4,1
273021,24,21,3
8590264640,12,11,1
8590015034,13,9,4
57061,28,24,4
120259530901,5,4,1
120259530902,6,5,1
128849195156,6,5,1
25770035558,12,10,2
34359960148,11,9,2
179303,20,12,8
34359889168,25,16,9
68719876138,7,6,1
34360040385,3,2,1
34360040381,12,11,1
145596,27,18,9
739,41,31,10
51539665967,15,13,2
8590062084,12,9,3
103079260098,6,5,1
111669373286,8,7,1
111669373291,13,9,4
111669577447,6,5,1
94489559667,4,3,1
60129932086,11,5,6
34359768374,23,21,2
25770087358,8,7,1
25770199226,21,20,1
8590038342,4,3,1
25770090777,6,5,1
293312,32,20,12
17180296424,12,10,2
227332,8,7,1
122269,85,65,20
263467,53,41,12
51539944059,11,7,4
17180135075,9,8,1
319762,25,24,1
60129875862,6,5,1
51539608069,3,2,1
51539608070,3,2,1
51539608066,3,2,1
25358,54,27,27
372660,25,21,4
372655,14,13,1
68719870925,3,2,1
42949677091,12,11,1
103079535746,3,2,1
324905,16,9,7
137439167251,6,5,1
174561,43,31,12
51101,5,4,1
318465,13,11,2
50013,39,21,18
17180187926,6,5,1
17180187924,3,2,1
130635,60,56,4
8590008679,29,20,9
17179938285,13,12,1
8590278713,19,17,2
8590155903,51,37,14
146029158521,4,3,1
42949957970,5,4,1
103079490748,5,4,1
77309411728,5,4,1
68719807230,8,7,1
78136,5,4,1
78144,5,4,1
78141,11,9,2
78135,4,3,1
78138,17,11,6
262090,9,8,1
85899352693,5,4,1
25769872081,4,3,1
85899601246,4,3,1
8590367078,5,4,1
17180161727,21,14,7
94489367651,5,4,1
77309728138,18,16,2
8590121418,58,49,9
17180152739,18,17,1
17179982217,15,14,1
160298,12,9,3
8590070783,3,2,1
62364,18,14,4
51539775504,6,5,1
77309621399,8,7,1
8590274015,7,6,1
17180036933,15,14,1
17180036937,11,10,1
8590052373,7,6,1
34360153510,6,4,2
34360140747,4,2,2
42949913129,12,7,5
42949913132,6,4,2
237752,7,6,1
365467,20,13,7
138237,10,8,2
8590119689,30,29,1
163208993677,3,2,1
8590202677,15,2,13
236538,44,43,1
8589959530,39,37,2
34359760194,9,8,1
17180291158,56,20,36
25770009965,6,5,1
34359782331,16,14,2
25769830117,15,14,1
42949696703,7,6,1
25770189200,8,6,2
8590277369,14,12,2
61612,33,24,9
25769983304,9,7,2
8590202724,10,9,1
274877920042,3,2,1
77309652142,4,3,1
233254,3,2,1
25770073139,6,5,1
146029015432,7,6,1
146029015435,4,3,1
8590360783,6,4,2
99140,4,3,1
263611,40,17,23
17180052290,7,6,1
68719854437,3,2,1
222791,34,25,9
264517,10,8,2
157272,17,16,1
17179875306,9,8,1
42949935591,15,13,2
42950075321,8,7,1
273786,4,3,1
25770135143,22,21,1
17179972520,8,7,1
77309821032,9,8,1
8590096235,11,10,1
68719607213,3,2,1
25770063449,11,8,3
25770037109,7,6,1
25770063444,15,10,5
25769844695,9,7,2
25769844691,9,7,2
8590352676,13,10,3
337555,16,14,2
17179905577,13,11,2
17179905571,16,12,4
8590001224,20,11,9
34360087586,13,8,5
77309807476,3,2,1
180388687006,4,3,1
262256,39,20,19
125897,19,15,4
34359930025,4,3,1
111669418472,3,2,1
34359930024,3,2,1
145893,10,9,1
42949712593,19,18,1
17180159004,7,2,5
231081,4,3,1
77309555610,14,9,5
8590322845,12,11,1
42949924411,5,4,1
8590232244,12,10,2
94489610056,4,3,1
94489514636,4,3,1
8590116377,82,30,52
8590134871,10,7,3
251835,15,14,1
25769950541,3,2,1
8589942536,13,12,1
137439284228,3,2,1
85270,69,8,61
8590032464,7,6,1
17179993044,27,23,4
25769837639,14,13,1
405987,14,12,2
210210,33,25,8
28457,49,43,6
167234,17,14,3
25769812621,3,2,1
94489595147,6,5,1
65305,12,9,3
94489595149,7,6,1
94489595148,6,5,1
94489595153,8,7,1
8590003836,7,6,1
51539638160,16,13,3
8590239886,17,15,2
17180090298,28,24,4
8590310194,17,13,4
51539628771,7,6,1
17180133858,17,15,2
42949693627,5,4,1
23284,13,10,3
68719823262,13,9,4
68719823267,6,5,1
17179995758,8,7,1
42949767087,7,6,1
25769990869,14,13,1
34359919452,8,7,1
68719686364,12,10,2
51539936319,13,10,3
8590135426,36,30,6
340266,22,19,3
25770045590,15,14,1
8590010650,4,3,1
133857,3,2,1
8589941711,32,26,6
85899544870,7,6,1
8590103531,4,3,1
234332,28,23,5
8590174650,13,9,4
17180173024,7,6,1
231928292271,3,2,1
34359947568,7,6,1
171798859297,7,6,1
8590169354,9,8,1
137439343020,7,6,1
223792,37,30,7
413547,18,9,9
8590205309,12,11,1
68719481618,5,3,2
8590039078,6,4,2
119334,5,3,2
85899473870,4,2,2
51539833660,5,3,2
120259114229,4,2,2
25770132109,13,8,5
317487,4,3,1
51302,17,16,1
51539719970,11,9,2
51539947047,9,6,3
8590154316,7,5,2
51539992740,12,9,3
8590154314,6,5,1
238288,29,19,10
85899402585,3,2,1
34360125464,3,2,1
85899614787,5,4,1
17604,10,9,1
318415,28,24,4
25769916168,14,12,2
8590161559,12,2,10
116232,17,15,2
25770078608,4,3,1
25770078612,6,5,1
48523,79,34,45
34359896578,17,14,3
223222,16,15,1
223229,11,10,1
231928490780,3,2,1
25770243248,6,5,1
25769881964,13,9,4
154619178317,8,6,2
51539720828,7,5,2
8589956009,9,8,1
25769957361,6,5,1
155774,7,4,3
68719541059,6,5,1
42949983744,6,4,2
34359915033,17,16,1
34360073255,13,7,6
17180183254,10,5,5
83528,36,23,13
34359885009,14,12,2
17179873300,9,6,3
42949766488,7,5,2
42949766491,7,5,2
42949766490,9,8,1
121249,15,13,2
391205,22,20,2
220423,16,15,1
42950107013,7,6,1
8590079484,11,10,1
25770117203,17,11,6
42949802833,6,5,1
42949889476,15,10,5
25770182675,9,7,2
103079263142,7,5,2
17179930829,13,3,10
188978647897,7,6,1
134386,16,11,5
25770239035,8,6,2
17180056764,13,12,1
154619162703,7,6,1
25769910131,9,4,5
25769910128,5,4,1
17179910869,13,12,1
103079415379,4,3,1
247139,7,6,1
8590205285,19,4,15
34359789164,10,9,1
77309836158,7,6,1
280131,28,18,10
169737,33,11,22
270851,24,17,7
24596,57,46,11
8589938154,5,4,1
8590154152,3,2,1
111669491517,5,4,1
19181,18,15,3
51540008607,10,9,1
164942,18,16,2
77309702372,14,13,1
323610,92,66,26
127629,22,18,4
60129646536,8,7,1
110903,3,2,1
307307,18,13,5
8590063381,8,6,2
254841,9,8,1
42950104627,5,4,1
51539883876,19,14,5
77309595014,7,6,1
17179901624,4,3,1
25769808421,7,6,1
25770008466,5,4,1
94489393584,3,2,1
42949707288,12,11,1
34359750793,7,4,3
299008,13,11,2
42949966038,22,20,2
25769900928,23,15,8
42949688394,5,4,1
19702,28,20,8
218925,15,12,3
77309539995,13,9,4
8590052964,11,9,2
329176,40,33,7
25769982124,18,17,1
77309523539,9,7,2
188978642406,5,4,1
77309523533,10,7,3
77309523538,11,7,4
17179959567,18,16,2
261911,12,11,1
261917,12,11,1
8589948836,12,11,1
34360004440,7,6,1
42950037163,4,3,1
85899574762,5,4,1
34360004444,8,7,1
120259509793,8,6,2
25769888581,7,6,1
8590046054,18,14,4
25770150853,12,11,1
128849428725,3,2,1
51539935101,6,4,2
294724,9,8,1
90312,46,28,18
17180001099,12,11,1
17179907441,19,16,3
25769976010,7,4,3
78683,9,8,1
78678,17,15,2
85899666628,7,6,1
77309842845,9,7,2
8589940628,8,7,1
8590207676,35,19,16
68719661065,4,3,1
12946,13,9,4
12950,7,6,1
17179961144,12,8,4
25769969684,12,11,1
180268,5,4,1
25770231746,9,7,2
51539865723,6,5,1
51539865724,6,5,1
142505,59,48,11
34359977050,10,9,1
34359977049,4,3,1
68719898475,8,7,1
17179897651,9,7,2
77309420783,6,5,1
111669413822,8,6,2
34359858867,12,7,5
34359858868,17,8,9
60129854673,10,8,2
51539820128,9,8,1
51539820126,6,5,1
8589991612,21,12,9
133902,23,19,4
254578,22,18,4
51539676372,7,6,1
34360151433,7,6,1
42949894527,3,2,1
8589986744,18,12,6
34359856429,11,8,3
42949828366,6,5,1
42950101862,17,14,3
42949704423,17,15,2
235267,34,27,7
17180275339,4,3,1
17180275341,4,3,1
25770191362,6,4,2
378256,4,3,1
8589995940,13,12,1
17179913951,10,9,1
129657,8,7,1
163209147465,4,3,1
8590274806,8,7,1
77309562486,7,6,1
68719521175,5,4,1
68719521176,6,5,1
246497,12,9,3
25769904674,6,5,1
34359917211,8,6,2
17180285745,11,8,3
85899483351,4,3,1
120259430621,4,2,2
242089,9,8,1
242086,10,9,1
8590226375,8,7,1
8590226384,9,8,1
51539886708,5,4,1
34360011652,20,18,2
94489318874,5,4,1
25770203216,4,3,1
25770203215,3,2,1
184755,12,11,1
51539973359,5,3,2
8590011003,40,35,5
12277,12,10,2
42949977097,8,7,1
251953,97,64,33
17180159196,6,5,1
43238,4,3,1
8590059118,6,5,1
25770240076,6,5,1
77309853130,5,4,1
111669212167,3,2,1
197568700149,4,2,2
137439021436,4,2,2
25770068102,4,2,2
228046,25,23,2
85899388512,3,2,1
8590118205,16,15,1
17179946662,5,4,1
8590179449,14,9,5
85899445906,7,5,2
146028911523,5,4,1
146029003752,3,2,1
210448,30,17,13
146029003757,4,3,1
252824,19,8,11
25770161434,3,2,1
17180194871,9,8,1
17180264003,5,4,1
405944,17,14,3
111988,14,12,2
111992,19,16,3
111669169373,3,2,1
17179897946,30,26,4
60129822259,12,10,2
60129822261,5,4,1
8590366634,17,13,4
103079549690,7,6,1
77309719551,6,5,1
180388800881,3,2,1
320639,24,21,3
196446,8,6,2
120259224667,4,3,1
77309751925,7,6,1
34359896463,10,8,2
60129542602,12,11,1
17180103130,8,5,3
8590255763,33,30,3
34359834318,3,2,1
94489590876,3,2,1
154619001908,4,3,1
171798971224,4,3,1
60129956577,6,5,1
25769879470,11,9,2
25770213957,13,9,4
8590159320,36,24,12
17180123122,9,7,2
32384,61,46,15
13029,35,25,10
51539890684,14,13,1
85899629203,5,4,1
68719488795,6,5,1
230539,41,24,17
42949786930,11,10,1
42949786933,7,6,1
8590096954,21,14,7
42949745348,3,2,1
174187,7,6,1
214748426236,5,4,1
107341,82,2,80
85899353995,3,2,1
60129686534,6,5,1
17179872677,4,3,1
25770230311,14,13,1
51540019281,6,5,1
25770070639,35,24,11
17180039551,7,6,1
25770052791,21,15,6
8589998833,31,25,6
60129627505,3,2,1
34360048565,10,8,2
17180115600,4,3,1
34359977412,5,4,1
415042,9,6,3
415044,5,3,2
8589954727,39,29,10
17179975077,5,4,1
415039,6,4,2
415038,4,3,1
34359977409,4,3,1
415040,6,5,1
8590047602,47,42,5
34359984247,11,10,1
34359977649,9,7,2
94489450288,3,2,1
273541,6,5,1
8590267081,21,9,12
85899656961,5,4,1
8589961967,22,20,2
273617,18,16,2
8590130933,4,3,1
42949768928,7,6,1
419325,4,3,1
17179889162,4,3,1
285108,52,19,33
39421,8,7,1
182678,8,6,2
68719893660,6,5,1
85899477553,6,5,1
8590083107,11,8,3
51539748298,7,6,1
17180033301,10,8,2
8590133748,12,10,2
8590304830,13,9,4
34359783658,17,15,2
246108,10,9,1
8590210694,8,7,1
25770023442,15,14,1
108522,25,24,1
42949882410,5,4,1
17180073464,9,7,2
404331,12,11,1
68719807184,7,5,2
17180034300,20,18,2
51539685292,9,7,2
148939,18,15,3
148930,16,15,1
231427,13,12,1
97518,19,17,2
400277,12,11,1
162406,18,16,2
8590013592,35,21,14
60129557358,8,7,1
337907,10,5,5
337906,5,3,2
352241,45,34,11
68719738372,5,4,1
34359865425,4,3,1
51539797609,6,5,1
60129742129,3,2,1
111669165966,4,3,1
17179940686,6,5,1
42949682165,16,14,2
51539939225,10,8,2
34359782563,4,3,1
281347,4,3,1
103079228868,7,6,1
120259303626,5,4,1
137439345236,3,2,1
17180214301,17,12,5
34360038032,10,9,1
25770123994,40,38,2
5622,63,35,28
5630,16,12,4
42950077646,6,5,1
8590320182,7,6,1
29353,10,9,1
17179948743,5,4,1
17179948741,19,18,1
17180149505,8,7,1
17180281810,8,7,1
25770029708,4,3,1
206158520105,3,2,1
17180036526,7,6,1
34359952261,17,12,5
88877,20,19,1
60129809741,8,6,2
51539758733,26,16,10
60129665594,6,5,1
129819,11,9,2
8590024828,54,43,11
267584,11,10,1
321689,15,8,7
17180057320,17,15,2
8590050115,47,40,7
17180056906,20,16,4
34359984911,6,5,1
263565,8,7,1
69455,38,25,13
69463,12,10,2
107256,51,39,12
85899500378,6,5,1
8590161463,14,12,2
17180019802,13,9,4
17180201606,7,6,1
34359896712,3,2,1
17180279782,3,2,1
94489394597,3,2,1
25770013292,16,13,3
8590340430,10,9,1
363980,11,10,1
171931,29,28,1
8590256129,20,18,2
94489697118,5,4,1
197568598145,3,2,1
290795,7,6,1
25770176737,4,2,2
201336,4,3,1
8590377885,7,6,1
77309727312,6,5,1
265412,6,5,1
77309727314,9,7,2
94489594056,6,3,3
94489682557,11,9,2
137438992751,3,2,1
214748449979,3,2,1
79814,9,8,1
79816,10,9,1
60129633429,13,10,3
103079421303,7,6,1
17180144396,14,13,1
8589980251,25,24,1
94489553706,4,3,1
265834,27,19,8
17179921915,27,19,8
17180074777,4,3,1
25769814727,27,18,9
97868,29,24,5
34359838982,11,10,1
8590299280,8,7,1
88233,23,22,1
8590052917,12,11,1
85899356173,10,7,3
8590121533,23,19,4
51539945835,14,12,2
34359929953,11,8,3
305991,28,27,1
254049,104,64,40
416453,34,26,8
111669291849,10,9,1
17519,38,28,10
8589975917,8,6,2
17180002802,6,5,1
18764,14,13,1
77309846136,6,4,2
113569,62,29,33
8589966373,27,18,9
113572,21,20,1
8589966375,21,18,3
34359893285,8,7,1
42949884007,12,9,3
51539693836,8,7,1
42949725660,5,4,1
51539745265,12,11,1
8590174331,17,13,4
7686,29,28,1
337526,10,9,1
34360155000,11,10,1
25769870859,10,9,1
8590354480,13,11,2
25769864627,17,15,2
17180291449,17,15,2
8590224694,4,3,1
60129671476,6,5,1
366662,57,42,15
34359786494,10,6,4
17180163003,7,5,2
8589955410,29,20,9
8590052470,23,19,4
163208968559,5,3,2
25770138875,19,15,4
226689,13,11,2
51539727330,6,5,1
59400,10,9,1
79939,22,21,1
8590024830,24,21,3
34360122380,9,7,2
10367,6,5,1
8590059806,13,10,3
8590059802,9,7,2
8590100203,14,10,4
129389,6,5,1
248165,17,15,2
315565,6,5,1
405487,24,22,2
134597,28,27,1
25770245911,17,15,2
17179936390,17,13,4
17180188779,21,20,1
77309717634,3,2,1
257360,11,10,1
77309794242,4,3,1
34359791702,11,10,1
162659,8,7,1
315957,4,3,1
17180199891,17,12,5
17179913594,7,6,1
364030,14,13,1
364025,18,15,3
82144,5,4,1
82143,7,5,2
34360069095,6,3,3
8590353362,19,18,1
42949835198,14,11,3
17180039948,5,4,1
17180039955,6,4,2
96301,8,6,2
25770125681,26,22,4
68719756668,4,3,1
297954,31,28,3
38463,23,18,5
8590246498,15,10,5
25769810072,19,15,4
137439289288,11,10,1
346950,14,12,2
8590194199,6,5,1
8590194200,6,5,1
48101,5,4,1
51539902463,8,5,3
322315,14,13,1
85899589847,6,5,1
17180148799,10,9,1
96269,5,4,1
120259090723,5,4,1
167042,15,10,5
2701,61,46,15
8590016149,6,5,1
51540039137,5,4,1
77309591695,5,4,1
68719667429,3,2,1
25770047197,19,18,1
25769864160,6,5,1
34359749007,5,4,1
8590374771,4,3,1
8590089060,12,11,1
137439293662,6,5,1
17179918751,10,7,3
25769997454,22,18,4
51539818279,6,4,2
17179969631,6,5,1
58752,18,17,1
110928,21,19,2
60129742651,13,12,1
226866,17,14,3
8590054120,9,7,2
171509,63,58,5
51540048462,3,2,1
146028936964,3,2,1
268082,32,31,1
8590305997,25,23,2
8590358086,11,10,1
17179986827,4,3,1
77309429933,9,8,1
25769883150,11,8,3
15899,29,26,3
60129727544,9,8,1
32894,52,39,13
34359874682,6,5,1
25770128469,7,6,1
94831,28,16,12
17180093423,9,8,1
51792,8,6,2
51793,7,5,2
219907,39,34,5
8590276626,6,5,1
333105,4,3,1
34360000881,8,7,1
8590039159,21,13,8
8590040348,12,10,2
17180262979,27,15,12
8590331259,4,3,1
42949894752,6,5,1
103079493018,12,10,2
93595,32,16,16
93597,28,15,13
120259483626,3,2,1
48020,17,12,5
25770124368,5,4,1
60129635194,14,13,1
310252,4,3,1
17180088139,30,29,1
8590091802,5,4,1
137439041836,4,3,1
146028919289,5,4,1
42949898978,4,3,1
17179927834,6,4,2
42949938759,21,19,2
8589996132,4,3,1
8590048097,8,7,1
25769931160,7,5,2
60129880490,3,2,1
77309527481,6,5,1
94489662761,5,4,1
8590002237,4,3,1
8590336398,15,10,5
25769868715,7,6,1
8590009548,30,27,3
83577,37,32,5
8590101078,16,15,1
208494,8,6,2
208498,11,9,2
82947,32,20,12
34359755214,7,6,1
17180304007,14,8,6
8590251518,25,23,2
25770085410,11,10,1
25769817411,7,5,2
46190,37,35,2
8590159076,8,7,1
8590341354,37,27,10
34360000484,7,6,1
78558,28,25,3
42949885081,7,6,1
246131,34,17,17
42949885076,11,9,2
82799,26,24,2
804,9,8,1
34359747928,4,3,1
42949727520,8,7,1
297847,8,7,1
8590280480,19,18,1
197568859611,3,2,1
65299,4,3,1
34359936363,7,6,1
25769909748,6,5,1
46296,8,7,1
60129902494,6,5,1
276531,18,15,3
42949947750,17,16,1
42950078212,4,3,1
293488,29,25,4
76996,9,8,1
25769931138,5,4,1
167627,13,12,1
200008,15,14,1
92320,15,2,13
111669348607,3,2,1
57383,17,2,15
77309662311,6,5,1
8590058695,36,34,2
34359846847,10,9,1
17180148064,3,2,1
313061,3,2,1
163209078687,3,2,1
163209078685,3,2,1
25770044655,16,15,1
338345,12,11,1
405914,17,16,1
17179899300,27,26,1
111669540298,4,3,1
339312,9,8,1
8590195951,8,7,1
8590164915,33,28,5
17180169670,12,11,1
93106,48,27,21
137439133135,4,3,1
8590038065,9,8,1
288489,19,15,4
8590258906,16,11,5
127287,4,3,1
77309539317,7,2,5
85899765576,3,2,1
8590292785,13,9,4
8590371936,21,14,7
25770014505,4,3,1
137038,5,4,1
32269,15,12,3
77309814932,3,2,1
8590295695,11,10,1
8590326723,29,20,9
17179929151,8,7,1
8590108458,13,10,3
8590108456,15,14,1
34360019383,15,11,4
8590076237,67,35,32
94489623408,11,10,1
226256,16,12,4
8590377231,12,11,1
77309719768,8,7,1
17179988482,14,13,1
17179942833,12,9,3
94489579971,5,4,1
51539713552,4,3,1
34327,36,32,4
51539713551,4,3,1
8590251846,12,11,1
232959,11,10,1
8590251856,8,7,1
8589942600,12,11,1
17180024498,20,19,1
68719745971,4,3,1
103079389451,3,2,1
120156,33,29,4
309248,43,23,20
85899616000,10,8,2
95890,11,9,2
111669555048,3,2,1
146029241498,7,6,1
25769953313,16,15,1
17179951215,12,11,1
402632,12,10,2
8589948142,11,10,1
25770157968,27,22,5
34359919441,7,6,1
8590137341,14,13,1
60129898096,7,6,1
51539929295,6,5,1
17180074103,13,12,1
69552,46,39,7
8590359908,3,2,1
17179960661,8,7,1
17180274531,5,4,1
77309619969,4,3,1
276165,3,2,1
68719814228,3,2,1
130091,22,20,2
17180130259,11,10,1
34359925417,10,9,1
8589979110,17,5,12
17180105385,13,12,1
25770218771,14,11,3
8590096273,22,16,6
192773,6,5,1
192775,7,5,2
111669164483,4,3,1
25769949239,9,8,1
85899515710,13,12,1
60129626637,3,2,1
146355,25,18,7
197568576069,3,2,1
34359949327,3,2,1
60129821875,9,6,3
17180079898,5,4,1
410480,12,8,4
25769880114,14,10,4
25769881475,8,6,2
8589996246,8,7,1
93472,11,7,4
8589996245,9,8,1
294416,14,13,1
295993,7,6,1
68719747791,8,7,1
94489564188,8,7,1
181208,13,9,4
85899656780,3,2,1
17180055822,17,11,6
68719645867,20,17,3
8590378099,21,15,6
8590046601,8,7,1
28359,17,15,2
212742,10,8,2
283468081328,4,3,1
8590155307,48,23,25
25769985211,12,9,3
111669237208,4,3,1
8589978813,21,19,2
8589991143,21,18,3
42950024586,11,10,1
146029162119,3,2,1
17179937311,21,17,4
8590094337,5,4,1
395553,21,18,3
25770088511,7,6,1
25770088517,5,4,1
25770088513,8,6,2
25770088507,8,6,2
572,28,12,16
25770088512,7,6,1
25770088514,7,6,1
8589940430,13,11,2
25769879756,8,7,1
8590343912,21,19,2
68719711352,6,5,1
34359981447,10,7,3
94489554592,3,2,1
34360151094,3,2,1
34359810933,4,3,1
85899579070,13,12,1
25770052007,8,7,1
419997,8,7,1
420000,11,9,2
8590070278,13,9,4
340876,14,13,1
34360090677,8,7,1
68719617169,8,6,2
8590332637,8,5,3
359295,24,21,3
60129667633,13,12,1
77309725501,7,4,3
42949999661,12,10,2
145253,29,21,8
299294,5,4,1
17180253191,23,22,1
97360,10,7,3
6297,40,36,4
25770106301,9,5,4
17180180034,13,7,6
60129643357,6,5,1
60129643358,5,4,1
17179978571,28,27,1
51539872237,8,6,2
8590051007,17,8,9
17180154951,8,6,2
25770203115,10,7,3
17179920735,6,5,1
25769805621,10,5,5
8590189518,6,5,1
25769861074,6,5,1
249129,6,5,1
352376,16,13,3
17180118220,46,39,7
42949781068,10,9,1
14609,54,36,18
8589950744,17,16,1
206158563953,3,2,1
103079550578,10,9,1
34359888605,8,4,4
25770024130,10,9,1
60129966009,6,5,1
25770024135,9,8,1
60129741305,9,8,1
42949753470,6,5,1
25770113330,12,10,2
111669267440,7,6,1
51539959145,5,4,1
8589984007,9,2,7
146028914971,5,3,2
17179889956,6,5,1
384211,57,33,24
42949992862,9,8,1
60129912654,11,9,2
246966,3,2,1
51539654603,8,7,1
17179947256,3,2,1
77309549076,4,3,1
25769863605,7,6,1
17180019869,10,9,1
52790,65,59,6
120259310190,10,9,1
249168,22,16,6
307708,24,14,10
8590287491,24,18,6
78071,18,13,5
259662,17,16,1
259665,19,17,2
259666,20,18,2
8589992381,15,13,2
259659,25,21,4
146029030862,5,4,1
34359892956,30,19,11
17179902422,10,9,1
68719803668,12,9,3
42949736883,10,7,3
25769843169,10,6,4
250567,12,11,1
17180161374,12,11,1
8590345287,21,13,8
60129833493,6,5,1
111669428059,9,8,1
42566,25,23,2
163208883359,3,2,1
17180261358,4,3,1
42949765852,21,19,2
409439,42,13,29
138768,124,88,36
199565,13,11,2
51539716555,13,12,1
163209126800,3,2,1
68719597960,9,8,1
8590015090,26,24,2
8590191836,17,13,4
25770143505,5,4,1
60129836730,6,5,1
25770064188,25,15,10
25770082046,11,10,1
68719480814,3,2,1
406378,46,32,14
19701,28,16,12
77309604631,17,13,4
362458,40,26,14
64229,108,57,51
125033,18,13,5
34359748005,8,7,1
4839,34,25,9
1092,30,27,3
33729,8,7,1
8590345542,20,15,5
150888,7,6,1
8589943684,10,8,2
88275,37,33,4
17180162747,26,22,4
17180137626,9,8,1
240724,44,32,12
8590269521,14,11,3
165608,23,20,3
34360043494,5,3,2
8590028555,13,10,3
236845,13,12,1
42949858491,26,20,6
103079392678,7,5,2
50252,47,27,20
85899721249,4,3,1
8590004460,15,9,6
8590065945,12,11,1
111669419016,3,2,1
51539889483,4,3,1
17179969416,33,29,4
8590187015,17,15,2
8590352120,22,12,10
9232,110,57,53
60129969650,7,6,1
8590052811,52,36,16
77309839449,4,3,1
77309839455,7,6,1
8590106375,15,13,2
42949852668,13,12,1
17179912993,21,20,1
176541,34,21,13
25769952284,13,8,5
8590031220,7,6,1
8590031218,8,6,2
421900,12,11,1
34359847142,14,9,5
8590219739,12,10,2
42949765876,8,7,1
286074,41,33,8
167565,19,18,1
42949741619,4,3,1
8590083831,40,2,38
25769957094,14,8,6
51539998830,5,4,1
17180113508,7,6,1
34359768810,19,18,1
372438,45,37,8
34359869859,20,18,2
17179983894,7,5,2
8590167545,11,8,3
51539726648,12,10,2
85899591603,3,2,1
110549,8,5,3
17180247365,12,11,1
17180153402,4,3,1
51540030093,4,3,1
17180153400,5,4,1
34359871305,5,3,2
132675,18,16,2
317085,3,2,1
34359808216,3,2,1
34359777888,6,5,1
34359998212,16,15,1
8589975739,14,13,1
8589975741,17,16,1
25769926644,19,15,4
8590090113,26,18,8
25770187466,8,7,1
137998,72,27,45
36610,6,5,1
85899656910,4,3,1
51539608807,8,6,2
17180025025,8,6,2
25770103060,14,12,2
8590182142,8,6,2
103079554334,6,5,1
25770138330,6,5,1
51539800760,7,5,2
8590071366,5,4,1
60129716067,4,3,1
77309849276,8,5,3
271302,48,45,3
8590102111,29,28,1
314648,11,10,1
85899487867,6,5,1
94489318108,9,7,2
8589973056,5,4,1
31968,19,16,3
8590065622,13,11,2
381807,6,5,1
97039,31,22,9
111669279717,6,5,1
94489660140,3,2,1
17180259805,12,11,1
8589998990,9,7,2
8590132095,12,9,3
8589943494,13,12,1
137439250977,3,2,1
14148,39,16,23
25770013003,13,11,2
8590047969,39,37,2
8590047970,38,36,2
51539882976,9,8,1
51411,8,7,1
25769875680,8,5,3
25770055481,4,3,1
42949921370,10,9,1
231298,37,28,9
60129565386,4,3,1
42949808409,7,6,1
8590030449,40,24,16
60129863345,8,7,1
94489458075,9,8,1
389251,29,21,8
163208874522,3,2,1
195332,8,7,1
120259336635,6,5,1
68719558825,10,9,1
108960,10,9,1
17180070098,13,12,1
392551,57,35,22
77309818221,5,4,1
120259392500,7,6,1
103079411804,4,3,1
85899650126,4,3,1
8590378353,5,3,2
51539610466,4,2,2
8590165867,6,5,1
17180071992,18,13,5
8590178900,58,46,12
17180274513,27,24,3
376934,18,13,5
34360026264,23,15,8
8590059865,18,17,1
186071,8,7,1
176730,43,35,8
79813,12,9,3
66011,33,25,8
100935,27,15,12
100937,31,24,7
8590302691,12,2,10
8589940764,17,16,1
25769937769,26,25,1
17180275381,16,12,4
11865,27,22,5
120259156500,4,2,2
103079635596,6,5,1
17179900315,11,9,2
94489687308,5,4,1
77309735191,8,7,1
51539627064,9,8,1
128849447891,9,8,1
17179941819,7,6,1
17179941820,4,3,1
17179941813,20,14,6
145684,11,7,4
77309523624,3,2,1
17180096400,3,2,1
231918,26,19,7
17179888539,3,2,1
20986,11,9,2
17179976751,7,6,1
68719574511,4,2,2
32231,12,11,1
25769856174,9,8,1
214748720157,3,2,1
130048,7,6,1
139652,11,10,1
393846,12,11,1
137439362579,3,2,1
42950006067,3,2,1
25769851054,11,10,1
111669189358,5,4,1
8590279078,31,26,5
42949755857,4,3,1
60129771485,13,7,6
111669561667,6,5,1
25769986160,9,7,2
168287,7,6,1
34359905056,13,12,1
17179996277,6,5,1
137439112468,5,4,1
17180164814,16,15,1
77309766752,6,5,1
25769840280,5,4,1
25770182004,5,4,1
17180227910,6,5,1
17180227908,5,4,1
8590242730,4,3,1
17180247388,8,7,1
103079467544,3,2,1
103079467543,3,2,1
17180065927,6,5,1
22587,8,7,1
405812,8,7,1
405815,7,6,1
405814,9,8,1
248433,39,26,13
7320,11,10,1
8589983994,31,25,6
360552,28,22,6
58537,26,24,2
25769870594,14,13,1
25770180876,4,3,1
111669190682,4,3,1
51539766426,7,6,1
8590021470,10,8,2
25770039709,8,6,2
8590317362,6,4,2
12430,12,9,3
120259169757,10,6,4
17179880680,9,8,1
8589974602,17,9,8
85899408151,5,4,1
17180172364,17,15,2
17179946248,46,36,10
22531,15,12,3
8589993219,4,3,1
333448,15,13,2
85899687579,3,2,1
25769961684,3,2,1
60129686665,5,4,1
8590054684,22,15,7
34359946608,17,15,2
68719502419,8,7,1
68719502418,14,10,4
278661,29,20,9
8590103730,6,5,1
8590008820,18,17,1
184213,9,6,3
234879,19,17,2
268325,4,2,2
345357,7,6,1
75705,34,31,3
34359993370,10,9,1
17241,6,4,2
17180051357,11,10,1
94489301719,6,5,1
34360024447,32,25,7
28073,80,58,22
17180100693,3,2,1
17180100694,6,5,1
17180100696,6,5,1
17180100698,6,5,1
17180217297,13,8,5
34359785522,5,4,1
42950047054,16,13,3
234435,43,37,6
51539738738,6,5,1
94489651158,4,3,1
42950012053,9,7,2
137439190786,9,7,2
25769876450,18,15,3
25769876442,44,22,22
51539764417,8,7,1
34359913598,10,9,1
8590268014,21,14,7
111669223289,9,7,2
398312,10,8,2
94489576038,5,4,1
8589977261,3,2,1
124810,7,6,1
25770079642,27,22,5
8589953782,10,9,1
25770223066,9,7,2
17180013606,11,10,1
8590160208,21,19,2
42949773023,9,8,1
125788,12,10,2
34359776600,17,8,9
17180134641,8,7,1
25769852604,14,13,1
17180122325,3,2,1
42949838375,8,7,1
169338,66,39,27
8590283308,8,7,1
34359974815,7,6,1
391904,72,54,18
85280,3,2,1
175005,18,17,1
175003,18,17,1
94489560711,4,2,2
8590273171,22,18,4
42949962983,26,20,6
422119,73,57,16
77309591594,4,3,1
17179869871,29,25,4
8590049619,6,5,1
51540005617,12,9,3
8590093579,4,3,1
60129647881,6,5,1
94489310197,7,6,1
42949962563,8,7,1
8590333314,14,13,1
17180293038,8,6,2
8590024392,61,57,4
85899492802,12,10,2
34359807510,14,12,2
398243,45,41,4
146029318259,6,5,1
187942,21,15,6
187945,22,20,2
17180077807,21,17,4
17180161489,24,19,5
152806,9,8,1
146029162658,3,2,1
68719713546,7,6,1
8589985111,10,9,1
333512,20,18,2
17179999709,21,17,4
8590171767,8,7,1
42949962927,4,3,1
77309841544,8,7,1
70040,9,6,3
17180208782,13,12,1
191088,50,45,5
17179897328,73,64,9
8590233184,9,8,1
8590233174,13,8,5
8590233187,8,7,1
25770241533,11,10,1
25770157817,15,9,6
17179909284,11,10,1
77309806229,3,2,1
145647,22,21,1
197568815261,3,2,1
8590273494,5,4,1
255323,24,12,12
68719642949,5,4,1
8590264934,6,5,1
17180153377,23,20,3
17180143736,4,3,1
68719480996,6,5,1
25769838395,8,7,1
419554,5,4,1
243867,5,4,1
419555,20,15,5
419557,16,14,2
8590104100,26,25,1
68719513002,6,5,1
77309546238,4,3,1
8590233579,6,5,1
17180268852,16,15,1
188978620785,4,3,1
8589970772,7,6,1
8589967770,7,5,2
38709,31,27,4
25770185776,33,21,12
166522,5,4,1
322382,40,26,14
17179927676,33,29,4
77309674915,14,13,1
42949963446,3,2,1
51539743223,11,10,1
77309810385,5,4,1
60129740983,9,8,1
103079612929,3,2,1
122722,67,49,18
25769929799,21,20,1
94686,15,14,1
94685,3,2,1
34360028796,16,14,2
8590314085,19,15,4
51539760055,5,4,1
111669308032,8,6,2
115340,13,12,1
68719643649,6,3,3
17180032445,3,2,1
111669590410,3,2,1
8590038261,8,7,1
8590038262,33,32,1
25770114849,9,6,3
25769977864,4,2,2
25770114842,7,6,1
8589972947,13,9,4
97945,18,16,2
180388795772,4,3,1
8590197537,8,7,1
25769934007,25,23,2
8590218721,13,12,1
210600,12,11,1
34359838355,10,2,8
8590098307,20,19,1
17179883606,13,12,1
8589965535,10,9,1
8589965541,7,6,1
274555,5,4,1
237619,5,4,1
237617,3,2,1
237616,5,4,1
17179886414,20,16,4
120259196337,5,4,1
34360046863,13,7,6
8590345974,14,12,2
8590325410,15,14,1
77309647025,4,3,1
72318,8,7,1
77309674390,5,4,1
34359957523,4,2,2
25769909076,13,5,8
68719817835,7,3,4
8589996440,13,12,1
157307,43,35,8
34359994106,16,15,1
98531,8,6,2
148925,8,7,1
77309554828,5,4,1
17180124880,6,5,1
25989,42,31,11
103079400109,4,2,2
137439240018,3,2,1
68719680817,3,2,1
34360056301,5,2,3
320400,46,38,8
8590053485,10,9,1
8590086153,41,32,9
8590005147,12,8,4
60129849884,6,5,1
8590230915,28,27,1
355549,8,7,1
77309440945,13,10,3
111669275504,4,3,1
261953,21,19,2
17180104072,11,8,3
4091,12,11,1
171798752357,4,3,1
94489517610,5,4,1
34360059560,6,5,1
98036,83,74,9
25770026033,32,25,7
171102,42,33,9
8590067716,10,9,1
42949779654,15,11,4
60156,46,32,14
34359833837,20,19,1
154031,38,35,3
330099,5,3,2
51539757187,3,2,1
51539902987,4,3,1
8590124067,27,13,14
180389034003,7,4,3
146029331754,9,5,4
163208998269,8,5,3
163208998260,6,4,2
21075,15,14,1
8590036760,20,17,3
154619002904,4,3,1
8589974513,35,25,10
8590210033,33,24,9
8590210038,5,4,1
25770241577,6,4,2
51539805084,8,7,1
25769863931,4,3,1
8590201325,20,16,4
17179889995,7,5,2
8590296709,30,27,3
181686,47,25,22
60129615476,3,2,1
17179972498,4,3,1
8590213453,11,8,3
8590038673,11,10,1
68719645958,6,5,1
17180160911,8,7,1
8589980327,17,16,1
34359874129,6,5,1
8590227760,11,10,1
1230,6,5,1
17180022434,17,16,1
17180022438,13,12,1
137439103541,7,6,1
103079306485,4,3,1
42949984211,14,13,1
51539634262,4,3,1
60129740078,8,7,1
163208915069,4,3,1
51539668283,11,9,2
387615,7,6,1
5454,22,17,5
17179976320,18,15,3
8590333365,13,11,2
44972,28,21,7
51539949562,3,2,1
8590109335,8,7,1
25770155806,3,2,1
17180283695,3,2,1
17180030269,33,14,19
51539626015,3,2,1
103079579770,11,8,3
103079579775,7,6,1
33760,21,19,2
25770012268,5,4,1
42949745795,6,5,1
25770093788,13,12,1
25769866706,16,11,5
137439091353,6,5,1
42950090514,6,5,1
85899599368,8,7,1
137439369756,3,2,1
42949753789,6,5,1
17180304420,12,11,1
85899742937,13,12,1
8590138587,89,32,57
145298,39,21,18
17180150006,25,21,4
215367,35,4,31
8589980980,13,10,3
118788,25,22,3
51539812925,6,5,1
17180104904,9,8,1
73526,12,11,1
118942,78,65,13
25769983205,19,18,1
51539931531,3,2,1
17179892871,3,2,1
51539921872,3,2,1
46387,8,6,2
17179985830,4,3,1
8590137607,22,20,2
183700,40,37,3
162486,23,20,3
51539961381,7,5,2
388913,6,4,2
25770022345,7,6,1
146028908569,4,3,1
60129916834,7,6,1
51539868696,6,5,1
8590319477,8,6,2
17180180938,18,17,1
68719563639,5,3,2
135478,14,12,2
8590240810,8,7,1
34359846831,9,6,3
85899577407,9,7,2
111669155377,10,8,2
231928350708,3,2,1
8590269128,37,33,4
269430,42,38,4
17180286611,4,3,1
8590023400,5,4,1
405665,10,9,1
101012,31,28,3
94489706999,10,9,1
60129788359,7,4,3
246967,34,31,3
25769844312,6,4,2
146029229716,4,2,2
180388762379,4,2,2
25769844310,5,4,1
34360055416,7,5,2
99815,20,10,10
99823,9,8,1
1048,53,23,30
17180109620,14,12,2
17180109615,16,14,2
68719593565,3,2,1
25770195729,10,6,4
17180245762,23,18,5
8590208225,3,2,1
8947,7,5,2
333168,5,4,1
94489375749,3,2,1
34360122672,5,3,2
333167,5,3,2
8590128371,11,10,1
8590368285,32,18,14
196787,43,37,6
51539716104,4,3,1
120259319479,4,3,1
94489621754,3,2,1
8589989731,14,13,1
42950007605,3,2,1
17180182732,19,18,1
120259219161,3,2,1
17179975919,11,10,1
173231,10,7,3
404122,5,4,1
8590379679,25,20,5
17180084199,6,5,1
345140,6,5,1
8590031290,3,2,1
94489469717,3,2,1
8590232627,23,21,2
68719653537,8,7,1
34359768956,4,3,1
25769952269,16,11,5
103079387559,9,7,2
344439,18,16,2
42949782398,7,5,2
77309609147,8,6,2
42949700157,20,18,2
214748799547,5,4,1
17179915858,7,5,2
60129676384,6,5,1
17180064307,11,10,1
89656,17,16,1
60129728591,5,3,2
408215,11,8,3
408226,6,5,1
19230,120,81,39
42949976708,4,3,1
8589947473,34,22,12
8590311864,16,15,1
120259349335,4,3,1
262757,5,4,1
407722,14,13,1
8589945473,7,6,1
8590020547,15,14,1
163022,38,35,3
42950022248,4,2,2
105465,22,21,1
77309433413,8,3,5
17180145870,9,8,1
8590014720,5,4,1
34360120831,7,6,1
103079526942,8,5,3
103079526938,4,3,1
8590001373,10,9,1
17180209945,14,13,1
8590082231,75,23,52
25770023740,9,6,3
17180078440,8,7,1
403908,7,6,1
17180078439,4,3,1
290514,12,8,4
17180106441,13,11,2
13696,14,12,2
34360053771,10,9,1
8590051557,5,3,2
379864,16,11,5
379862,8,7,1
42949916962,18,8,10
17179984341,11,9,2
222385,18,17,1
363150,31,27,4
248379,5,4,1
25770192241,5,4,1
85899461207,6,4,2
17179950676,14,13,1
42949719794,7,2,5
42949719795,3,2,1
8590358444,19,13,6
8590278844,9,8,1
8590278841,14,10,4
8589970504,8,6,2
34360015147,4,3,1
25769932949,9,8,1
197568758929,3,2,1
50233,27,18,9
171798855983,3,2,1
120259254971,3,2,1
42949994467,30,27,3
103079366734,7,6,1
120823,23,22,1
60105,29,23,6
17180159841,7,6,1
128849187748,4,3,1
8590214794,18,16,2
8590207985,40,27,13
120259339587,4,3,1
286626,3,2,1
61324,8,6,2
271442,18,17,1
17180131586,36,27,9
34360141307,10,7,3
300951,10,8,2
42950020639,8,5,3
42950020638,8,5,3
137439126496,6,4,2
25769853661,6,5,1
34360076335,6,5,1
60129783674,12,9,3
8589993578,6,5,1
100919,40,26,14
25769832665,5,4,1
8590027636,14,12,2
25769832661,9,8,1
50187,15,14,1
48448,7,6,1
85899486716,5,4,1
17294,34,30,4
17180022749,5,4,1
120259195132,5,4,1
25770190430,7,6,1
77309672096,8,7,1
131532,45,36,9
8590340250,12,9,3
85899684326,11,9,2
286825,44,35,9
42949901423,6,4,2
42949845692,8,6,2
8590299250,6,4,2
8589983890,11,10,1
17180075581,9,8,1
120259267058,9,8,1
79310,10,9,1
77309688581,5,4,1
77309429331,12,10,2
60129692926,8,7,1
117120,4,3,1
17180019006,9,8,1
77309530935,4,3,1
8590153319,24,21,3
17180164588,3,2,1
17180164594,3,2,1
17180164586,9,7,2
170163,3,2,1
81261,71,46,25
278236,5,3,2
146029184127,4,3,1
94489597235,8,5,3
8590256983,8,6,2
68719554685,17,14,3
103079289691,7,6,1
146029243812,3,2,1
358459,20,17,3
141484,15,12,3
51539887889,19,10,9
393006,21,9,12
17180197915,11,10,1
25769891191,5,3,2
297824,55,47,8
42949934471,3,2,1
42949934472,4,3,1
42949870029,9,8,1
17180057225,24,14,10
17179907118,7,5,2
60129947119,8,7,1
128849076943,7,4,3
77309476461,4,3,1
8590134219,7,6,1
57008,32,25,7
8590039077,3,2,1
42950034248,17,13,4
17180282601,38,28,10
28702,5,4,1
352844,43,35,8
17180248545,13,12,1
206158607528,3,2,1
153628,59,50,9
42949966257,4,3,1
25770157937,11,10,1
42949789249,5,3,2
34359961678,24,16,8
128849367855,3,2,1
60129735538,9,7,2
8590154384,12,9,3
8590375537,8,5,3
8590375541,10,6,4
8589967715,4,3,1
163209071017,6,5,1
25208,18,15,3
51539720455,5,4,1
53335,75,65,10
94489668996,4,2,2
8590049131,7,6,1
17179893458,7,6,1
34359804854,8,7,1
8590020074,44,33,11
8590240561,47,44,3
8589952196,26,15,11
231079,3,2,1
8589949008,3,2,1
8590138547,30,28,2
17180305571,3,2,1
34359816573,12,11,1
8590172263,24,23,1
25769876380,28,20,8
379903,76,53,23
94489490279,6,2,4
21528,68,49,19
8590310935,27,25,2
34359894333,6,5,1
8590005151,6,5,1
8590096877,4,3,1
3706,33,27,6
3703,9,7,2
25770235342,8,7,1
25770235347,14,13,1
51539933418,8,7,1
60017,18,15,3
60015,7,6,1
42949703157,3,2,1
404395,41,36,5
25769856207,26,24,2
51539823343,16,14,2
51539823342,16,14,2
315769,43,41,2
315762,17,15,2
272500,10,8,2
60129766407,14,13,1
77309833481,6,4,2
34360102335,13,11,2
74922,84,54,30
8590323042,37,30,7
85899690593,4,3,1
322177,5,3,2
34359765107,7,6,1
34359840782,9,7,2
25770210307,5,4,1
25770210310,6,4,2
42949865029,3,2,1
94489490483,5,4,1
25770203562,10,9,1
25770154637,8,6,2
103079481319,11,7,4
236566,23,17,6
60129791125,11,10,1
8590009913,13,12,1
60129574840,9,8,1
25770246530,4,3,1
65688,22,18,4
167378,56,50,6
184419,8,4,4
25769894345,24,22,2
51539980600,3,2,1
120285,7,6,1
120259407156,5,4,1
34359868604,9,7,2
25770194162,4,3,1
68719545902,6,4,2
85345,11,8,3
241100,21,11,10
42949925208,5,4,1
34360051238,3,2,1
120259311770,3,2,1
188978561512,6,4,2
8590181234,3,2,1
35177,16,14,2
341826,28,27,1
25770087132,10,7,3
8590008831,12,10,2
25770087128,6,5,1
8590008839,44,30,14
25770087122,5,4,1
8590255320,5,3,2
68719536452,6,3,3
34360019626,4,3,1
25770004842,6,4,2
137439279453,7,5,2
60129774443,3,2,1
17180238809,9,6,3
25769817616,20,14,6
25770129959,20,18,2
42949704883,29,23,6
68719485673,42,24,18
42950083662,12,4,8
42950053901,9,8,1
159817,7,3,4
188978933286,4,3,1
8590090445,6,5,1
8590274161,31,22,9
8590063371,12,5,7
25770103805,12,9,3
17180226237,14,8,6
17180241135,18,14,4
8590347423,13,10,3
17180157573,11,10,1
25769897727,12,9,3
17179931710,17,14,3
85899484268,11,8,3
128849059112,8,7,1
144217,44,30,14
128849271010,5,3,2
51539670624,3,2,1
255868,42,32,10
32821,15,14,1
25769867421,20,15,5
8590228226,45,34,11
175906,12,11,1
51539714162,7,6,1
213261,13,12,1
42949861338,4,3,1
60129906229,9,7,2
49572,29,25,4
188978582080,4,3,1
111669295737,6,3,3
34359753276,10,4,6
407803,32,29,3
51539855153,11,10,1
270929,47,20,27
25769856418,7,6,1
128849452824,3,2,1
34360011567,6,5,1
58717,58,36,22
8590241109,12,11,1
34359819556,6,3,3
8590086316,26,20,6
22036,6,5,1
367756,6,5,1
34360093616,8,7,1
34360093613,8,7,1
51540026520,7,6,1
216984,115,80,35
17179933748,33,25,8
25770153000,17,16,1
8590082388,14,13,1
8590104393,22,16,6
230433,12,11,1
8590212546,6,5,1
8590037224,18,13,5
8590212547,10,8,2
17180117332,5,4,1
8590086644,35,28,7
25524,93,72,21
154361,53,25,28
178258,65,39,26
8590147402,19,16,3
17180272282,6,5,1
85899514258,6,5,1
333371,3,2,1
333370,20,18,2
333373,3,2,1
16349,14,12,2
260602,6,5,1
42949679998,5,4,1
42949680000,6,5,1
86282,8,7,1
86287,8,7,1
86281,3,2,1
86289,5,4,1
60129783757,8,6,2
154889,5,3,2
51540028084,8,7,1
211283,35,22,13
42949742420,5,4,1
34359884677,5,3,2
42949866867,3,2,1
8589997897,14,12,2
255437,30,23,7
255441,11,10,1
378579,4,3,1
51539658866,3,2,1
163208864619,4,3,1
34359837145,14,12,2
358519,3,2,1
351267,8,6,2
17179937868,10,9,1
25769877508,6,3,3
77309597098,4,3,1
120259193923,4,2,2
163208879661,3,2,1
8590342904,39,31,8
228312,57,50,7
102279,49,40,9
8589951224,13,12,1
25770016540,9,8,1
17180080181,12,11,1
15969,22,19,3
162836,32,22,10
34359755592,4,3,1
25769854227,17,15,2
77309710604,6,3,3
89476,11,10,1
34359921325,23,21,2
51539919250,5,4,1
25770081526,14,12,2
25770133845,9,6,3
25770133837,14,12,2
25770133841,22,13,9
55061,32,27,5
7810,43,25,18
60129783266,12,8,4
42950096427,21,13,8
25769952855,12,7,5
51539727756,16,13,3
17180269498,5,4,1
9052,8,7,1
17180105153,19,15,4
81408,21,14,7
17180297474,11,10,1
42949883193,8,7,1
111669216704,13,7,6
174939,8,7,1
17180014136,8,4,4
17180073378,4,2,2
34359861654,9,8,1
293271,7,5,2
8590350346,16,8,8
17180034701,16,4,12
25769853375,10,3,7
17180020181,9,6,3
8590349144,14,12,2
17179974136,5,4,1
60129686293,20,14,6
51539809997,5,4,1
8590200727,10,9,1
255962,56,48,8
68719660737,6,4,2
85899348252,4,3,1
68719853373,5,4,1
68719853371,3,2,1
8589974091,22,19,3
8590067434,11,10,1
94489500224,11,10,1
17180300544,6,5,1
85899729112,5,3,2
77309530749,3,2,1
8590301803,5,4,1
8590220928,53,39,14
197568750890,6,5,1
42949981794,8,7,1
17180155342,9,8,1
226404,27,26,1
226403,12,11,1
137439288733,4,3,1
229924,3,2,1
201693,13,10,3
77309601301,5,3,2
77309693836,12,6,6
77309693838,11,10,1
94489304172,4,3,1
25769910460,8,7,1
8590307193,14,10,4
51539840919,6,5,1
166350,17,13,4
146029059042,4,3,1
25769832706,9,8,1
68719662801,6,5,1
42271,16,14,2
351268,18,14,4
17179919289,8,5,3
42949783347,6,5,1
8590273551,3,2,1
137439254262,6,3,3
17180072772,10,9,1
103752,86,28,58
42949683677,4,3,1
111669326590,4,3,1
94489288563,5,4,1
68719665321,4,3,1
404204,28,26,2
331921,14,11,3
352431,3,2,1
352430,3,2,1
34360151556,9,8,1
68719716573,8,6,2
17180290436,11,8,3
17180023308,9,8,1
164601,5,4,1
51539826057,3,2,1
25770224445,5,4,1
342637,5,4,1
342640,7,6,1
319464,7,5,2
42950058004,25,20,5
42949788540,20,13,7
8590169632,5,4,1
8590059695,3,2,1
8590059690,27,21,6
313313,21,15,6
26954,12,9,3
298858,13,12,1
163208969242,4,3,1
88492,24,14,10
88497,12,11,1
265847,59,43,16
68719579420,5,3,2
25769981016,11,9,2
212756,7,6,1
150842,22,19,3
120259165623,6,5,1
8590001530,10,8,2
171798744941,8,7,1
128849268320,7,6,1
25769917394,15,9,6
8590004304,100,58,42
342999,62,34,28
42949908709,10,7,3
8590161826,12,10,2
168036,64,52,12
42949714767,15,14,1
291006,35,25,10
34360069447,3,2,1
309746,9,8,1
17180031490,18,16,2
78172,38,30,8
120259271904,3,2,1
8590130988,8,7,1
51540051448,14,13,1
111669279553,9,8,1
17180208040,10,9,1
25770002076,6,5,1
120259133649,11,8,3
336159,56,44,12
336164,15,12,3
8589938261,5,4,1
8589938268,23,22,1
8589938265,9,8,1
142878,25,23,2
151988,12,11,1
34359880476,29,24,5
8590026248,7,6,1
25770089468,12,10,2
77309503446,5,4,1
8590109206,34,26,8
51540002792,4,3,1
154619123565,3,2,1
17180061676,7,2,5
68719613906,5,2,3
32383,42,38,4
51539900590,3,2,1
25769926661,6,2,4
103079549412,8,4,4
111669573893,6,5,1
34360121964,10,8,2
8590156820,6,5,1
8590156819,7,6,1
8590156818,5,4,1
8589949332,30,25,5
417140,26,24,2
266288297718,3,2,1
26179,34,31,3
68719565135,5,4,1
179805,31,22,9
34359878549,7,5,2
60129823786,3,2,1
8590356964,37,30,7
60129823790,9,8,1
8590081664,15,10,5
42949692728,4,2,2
94489513219,6,2,4
42950004122,9,8,1
25770130957,9,8,1
137541,8,6,2
317951,54,39,15
34359834312,6,4,2
8590352381,15,13,2
34360104852,8,7,1
51539761004,8,7,1
17180237971,13,11,2
17179943806,7,4,3
106554,29,18,11
25769933752,11,9,2
17179953397,14,10,4
50110,21,15,6
8590325436,5,3,2
8590325439,6,4,2
25770148294,15,8,7
8590264414,4,3,1
137438976297,3,2,1
8589963131,18,14,4
49030,43,28,15
17179914517,56,43,13
51539946686,14,13,1
8590252243,13,12,1
8590025074,15,14,1
123891,108,93,15
111669409265,6,5,1
21932,4,3,1
21931,3,2,1
17179950211,13,12,1
17180188695,9,8,1
8590332262,12,11,1
8589954768,16,15,1
68719710581,11,7,4
8590343083,16,13,3
34359917640,6,5,1
34359917635,9,7,2
34359917638,14,11,3
34359917643,6,5,1
34359917637,8,6,2
103079495993,6,5,1
17180040848,14,13,1
137439238055,6,5,1
17179981054,18,15,3
34359821630,11,10,1
8589968030,17,14,3
17180038544,3,2,1
42949746295,6,5,1
94489627100,5,4,1
143684,21,10,11
159953,46,38,8
17179948274,16,15,1
34359992199,11,9,2
179959,4,3,1
17180159326,44,40,4
17180019118,14,12,2
412363,20,18,2
94489473574,6,5,1
8589945651,7,6,1
42949838393,5,4,1
111669484393,5,3,2
42949838397,4,3,1
51539622955,3,2,1
103079488400,4,3,1
25769888042,9,6,3
236370,9,8,1
25770153698,7,6,1
357095,3,2,1
329024,11,10,1
34359882657,8,7,1
162489,12,9,3
8590180933,68,60,8
60129868228,4,3,1
8590261480,9,7,2
290847,12,7,5
211838,45,31,14
211845,12,11,1
17179977721,5,4,1
8590323727,21,19,2
42949818210,10,8,2
14093,51,30,21
60129717191,4,3,1
77309414216,10,8,2
25769934581,6,5,1
77309729866,9,8,1
17180156035,4,3,1
19021,9,7,2
21469,49,22,27
51539732918,8,7,1
17180014419,15,14,1
42950012393,8,5,3
42950018873,6,5,1
42949993128,10,9,1
390318,12,11,1
25770055243,10,9,1
376461,6,5,1
56265,4,3,1
8590019951,4,2,2
17180280901,15,14,1
51539998960,9,8,1
8590134654,98,71,27
25770138178,6,5,1
25770076509,28,17,11
17180239962,10,7,3
25769806648,10,9,1
345701,7,6,1
51539850520,14,11,3
223338462015,3,2,1
17180178030,5,4,1
94489705296,6,5,1
267116,12,7,5
51539879256,17,12,5
17179928458,12,11,1
17180221735,4,3,1
120259390365,3,2,1
17179872019,18,17,1
77309737420,4,2,2
111669382801,7,5,2
8590295340,43,21,22
41566,76,55,21
154619147701,3,2,1
17180175449,6,5,1
191019,10,9,1
77309808987,5,4,1
124151,44,21,23
300541,56,26,30
128849111472,3,2,1
60129784743,5,3,2
51539834419,8,6,2
25769881484,19,18,1
17180051417,7,6,1
128849318476,6,5,1
69358,16,15,1
25769914968,45,34,11
17179902195,12,11,1
42949966285,5,4,1
8590182620,15,13,2
17179980269,5,4,1
68719651880,5,4,1
103079481248,5,4,1
103079481246,7,6,1
103079481253,4,3,1
68719651887,5,4,1
8590182615,8,7,1
36395,39,26,13
233176,13,9,4
8590323254,20,19,1
8590070375,77,49,28
60129902008,11,9,2
203706,50,43,7
351311,9,7,2
25769804156,9,8,1
420705,9,8,1
41819,43,21,22
8590031617,19,17,2
84953,42,33,9
248077,80,65,15
17180003533,12,11,1
34359818033,13,12,1
42949994505,8,7,1
8590042816,14,12,2
17180204523,8,7,1
391683,5,4,1
17180265399,8,7,1
8590272577,6,4,2
17180093184,67,56,11
34360063720,6,5,1
8590232925,14,11,3
103079610187,6,5,1
20940,16,13,3
235211,12,11,1
159357,49,24,25
34359852965,8,6,2
25769898384,3,2,1
25770197924,13,12,1
120259210947,3,2,1
8590113132,9,8,1
60129735527,4,3,1
8589968856,21,14,7
8590137369,11,10,1
34360047348,21,19,2
25769832736,30,29,1
77309811875,7,6,1
8590250679,29,25,4
180388709044,6,5,1
60129953084,9,7,2
17180035121,12,9,3
51539857765,6,5,1
25770013752,13,12,1
181931,13,12,1
181930,28,24,4
42950096247,9,8,1
42949931362,23,15,8
51540027229,11,10,1
390999,12,11,1
8590066943,11,10,1
17180050600,11,9,2
25770041538,12,9,3
201296,4,3,1
25769956887,12,8,4
68719894189,4,3,1
42949792630,7,6,1
203548,35,3,32
51539795974,6,5,1
25769828186,5,3,2
137439375239,4,3,1
8590117986,42,40,2
128849339861,5,3,2
229748,12,11,1
17180307727,20,19,1
340393,42,41,1
20226,12,11,1
42949978687,3,2,1
68719686319,3,2,1
8590090958,10,7,3
17179937518,7,6,1
83337,52,23,29
25770083322,13,12,1
51539648303,9,8,1
34359949983,13,11,2
34359777285,11,8,3
51539750480,7,5,2
17180062235,5,2,3
18288,10,9,1
94489474506,9,6,3
34359921595,36,26,10
84775,25,18,7
84783,23,15,8
25769932343,13,9,4
111669333668,11,9,2
81502,13,8,5
34359960505,14,8,6
310928,18,16,2
68719482040,3,2,1
68719482039,4,3,1
17180011850,6,5,1
103079262199,7,5,2
8590147193,6,4,2
77309717682,7,6,1
51539628013,7,6,1
257698452418,4,3,1
376028,16,15,1
156591,8,5,3
77309493261,11,10,1
25769867431,23,22,1
17180158443,4,3,1
120259255747,6,5,1
120259255743,4,3,1
85899447427,3,2,1
8590100428,18,14,4
42949856006,4,3,1
127343,12,11,1
77309672725,3,2,1
33546,6,5,1
60129857436,6,5,1
60129617199,7,6,1
8590311885,22,20,2
17180047312,24,21,3
17179951293,9,8,1
42950103981,8,7,1
128849349444,4,3,1
120259375254,5,4,1
25770143252,4,3,1
101476,33,27,6
8590273261,12,11,1
25770053943,12,11,1
34360012207,18,14,4
68719795296,8,7,1
51539688992,11,10,1
17179891701,3,2,1
103079602006,5,4,1
8590004070,10,9,1
190456,12,11,1
180388878336,3,2,1
366536,3,2,1
42949932833,7,6,1
34359787290,5,4,1
277245,7,6,1
17180108151,21,17,4
25769874479,15,13,2
8590135607,16,15,1
25769951206,8,6,2
42949712107,14,9,5
165832,23,21,2
48005,28,23,5
17180018874,13,12,1
85899661721,12,11,1
17179869370,13,12,1
17179959507,4,3,1
25769990839,25,22,3
60129601461,5,2,3
8590146808,31,23,8
111669204246,10,8,2
42949955742,9,8,1
51539653458,6,5,1
8590079218,25,21,4
108879,10,8,2
200612,8,7,1
173449,4,3,1
51539831304,8,4,4
111669509384,3,2,1
60129769754,11,8,3
60129769747,12,11,1
17179914699,9,5,4
8590364138,11,6,5
17179942465,3,2,1
8590120629,13,12,1
17180245321,7,6,1
34359892571,19,14,5
154619060345,5,4,1
8589991320,5,4,1
361340,9,7,2
389963,9,8,1
34359992836,11,8,3
8590356084,12,9,3
34359992837,13,9,4
199022,10,8,2
34359992842,7,6,1
275180,11,6,5
8589959511,8,6,2
60129746246,8,7,1
42949697964,15,13,2
77309746531,3,2,1
8589974189,8,7,1
25770143350,13,10,3
17180141265,9,7,2
12256,74,21,53
17180037403,9,8,1
25769966585,7,5,2
51539903549,8,7,1
25769807039,16,14,2
51539889197,6,5,1
8589952582,17,15,2
8590086934,36,33,3
25769868440,8,7,1
77309531981,4,3,1
193788,11,9,2
131920,121,86,35
25770011953,14,12,2
8590181709,9,6,3
59798,13,8,5
8590054396,7,6,1
68719807292,6,5,1
68719807298,7,6,1
34359887029,4,3,1
249752,47,30,17
60129900071,3,2,1
47598,45,43,2
8590177764,9,8,1
393980,40,31,9
25770187665,7,6,1
60129652877,6,2,4
60129553275,10,9,1
17180118875,9,8,1
8590366256,6,4,2
42949716249,3,2,1
146029233913,3,2,1
68719841308,6,5,1
137439072110,3,2,1
17179921928,3,2,1
111669264234,14,12,2
8590372512,13,11,2
8590372516,7,6,1
68719518576,7,6,1
30341,18,17,1
25769847692,5,4,1
34054,45,36,9
34360116841,4,3,1
111669517474,3,2,1
8590225149,16,8,8
17180180170,8,3,5
128849252382,4,3,1
232900,30,21,9
14803,5,4,1
85899520893,4,3,1
17180186323,6,5,1
34359979090,7,6,1
137439137164,4,3,1
25770247902,12,10,2
34360107025,5,4,1
17179986506,15,13,2
34359981720,5,3,2
42949882436,8,6,2
17180185751,9,8,1
42950008880,5,4,1
359136,13,7,6
17179943403,15,13,2
51539705161,4,3,1
8590101455,20,19,1
198918,4,2,2
68719540267,3,2,1
85899494585,4,2,2
343548,23,14,9
111669310480,7,5,2
42950057050,11,10,1
134940,74,60,14
8590188187,4,3,1
51539771961,5,4,1
17179998657,18,14,4
365046,19,17,2
350083,56,48,8
22081,8,7,1
8590106684,5,4,1
197568887453,3,2,1
17180064629,10,5,5
17180078524,9,8,1
8590251864,12,9,3
68719521880,7,6,1
19544,58,46,12
36846,53,43,10
8590090591,16,14,2
8589936237,6,4,2
84000,22,19,3
17180086471,7,6,1
17180090781,6,5,1
17180090777,5,4,1
192929,12,10,2
137439208834,5,4,1
94489287476,4,3,1
17180227733,21,20,1
34360131127,7,6,1
288215,15,12,3
8590303912,43,35,8
62687,7,6,1
25769914573,4,3,1
34359999803,4,3,1
206158739555,3,2,1
51539907735,11,9,2
51539712404,11,10,1
154619218306,3,2,1
375390,19,16,3
171799033584,4,2,2
77309755624,5,4,1
252304,35,30,5
8590219845,27,25,2
223338366063,3,2,1
34359989482,11,9,2
25769869206,7,6,1
17179882485,16,14,2
51539767191,4,3,1
188420,6,5,1
188416,13,12,1
25770057422,12,8,4
118356,28,21,7
94489721032,10,8,2
103079418287,6,4,2
77309691021,9,8,1
8590213963,13,11,2
384182,17,16,1
25769991412,6,5,1
25769976296,23,21,2
60129834909,13,10,3
16220,5,4,1
42949773603,7,5,2
25769874749,3,2,1
25769874752,3,2,1
42949894906,8,6,2
8590251628,17,15,2
17180055382,5,4,1
231928345156,3,2,1
424056,6,5,1
34359756039,5,4,1
120259269892,3,2,1
292497,8,6,2
400425,8,7,1
34359897636,11,10,1
298664,18,12,6
137439224285,3,2,1
120259439811,3,2,1
17180230175,15,14,1
25769906589,7,5,2
34359833245,11,8,3
337188,19,17,2
42950053659,4,3,1
94489555984,3,2,1
54780,75,47,28
68719877470,9,7,2
85899747916,9,6,3
85899747911,8,6,2
60129550429,12,11,1
34359761403,10,9,1
60129675689,7,5,2
60129879726,5,3,2
267416,14,13,1
198789,35,29,6
17180187985,10,8,2
60129612622,5,4,1
268698,6,5,1
268702,10,6,4
365782,31,6,25
34359978227,3,2,1
34359978230,4,3,1
111669335012,7,5,2
48089,5,4,1
68719686588,4,3,1
34360008771,3,2,1
188978629490,5,4,1
51539700110,5,4,1
17179973594,18,17,1
188978737101,4,3,1
17180189897,5,3,2
85899757413,6,5,1
25770182022,10,9,1
25770117580,6,5,1
8590057720,16,14,2
328837,7,6,1
51540044984,6,5,1
8590288095,8,7,1
25769878042,9,8,1
34360040236,7,6,1
108316,95,41,54
182591,60,48,12
60129558801,4,3,1
77309420380,3,2,1
163208787494,5,3,2
163209062930,3,2,1
94489526191,3,2,1
25770045135,16,12,4
25770045138,5,4,1
25769869653,14,13,1
8590012534,10,8,2
60129877365,15,14,1
25769945932,22,16,6
17180055948,32,19,13
394334,49,33,16
34359835824,7,6,1
8590324938,7,6,1
27988,8,5,3
8590200921,22,20,2
111669293859,4,3,1
42949756297,6,5,1
243000,15,14,1
25770233978,5,4,1
8590053227,16,14,2
103079510607,7,6,1
17179877660,17,15,2
412980,10,9,1
17179916292,26,15,11
223338590486,3,2,1
51539676409,4,3,1
34360032296,5,4,1
8590161473,22,19,3
17180192161,5,4,1
393813,35,30,5
25769910601,7,6,1
42950077630,16,14,2
8590346501,10,8,2
8590087980,33,17,16
68719656671,5,4,1
147679,67,53,14
25769948724,32,20,12
42949906105,10,9,1
154618938705,3,2,1
68719580802,4,3,1
51539802294,5,2,3
8590173646,10,8,2
20650,11,9,2
17180247025,10,4,6
17180146720,22,17,5
85899603535,3,2,1
38319,60,28,32
35593,31,20,11
194459,10,9,1
8590009025,13,12,1
188978873518,3,2,1
77309598421,4,2,2
137439128063,4,3,1
51539933052,9,7,2
290927,56,33,23
94489622677,8,6,2
8590168235,7,6,1
17179874137,6,5,1
107248,11,10,1
8589979315,13,10,3
8589979310,14,9,5
17180180049,10,9,1
34359909256,4,3,1
111669326523,5,3,2
68719591514,6,5,1
17180000010,9,8,1
77309462886,7,6,1
25770117372,3,2,1
111669232681,4,3,1
8589949312,9,8,1
194682,36,27,9
74931,13,12,1
42949757633,14,12,2
17180063540,22,15,7
25769975401,8,7,1
25769975395,10,8,2
8590359341,18,15,3
17179960708,20,12,8
34359909277,32,31,1
377791,19,12,7
42949825366,17,16,1
17179980651,16,12,4
34359873160,8,7,1
68719832983,3,2,1
103079444690,4,3,1
17180187202,11,10,1
8590166075,13,12,1
8590092401,15,3,12
42949994822,5,4,1
8589948681,23,21,2
8590127823,13,11,2
150434,61,48,13
128849189767,3,2,1
25770247988,5,4,1
8590178176,4,3,1
8590178174,6,5,1
321775,34,32,2
60129709563,20,17,3
51540010434,5,4,1
25770155151,15,14,1
68719817715,4,2,2
17179989287,12,9,3
8590011182,88,39,49
8590011180,11,10,1
226477,59,53,6
319642,41,30,11
171798701222,5,4,1
42949957927,5,4,1
8590067842,7,3,4
8590308393,34,28,6
154618861554,3,2,1
113700,7,6,1
8590113174,20,15,5
17180155480,9,8,1
17180146460,25,20,5
17180247116,11,10,1
308951,21,20,1
42949925536,10,9,1
94489718056,4,3,1
25770014242,11,10,1
68719695633,9,8,1
34359957926,6,5,1
94489490134,6,5,1
48078,11,7,4
48082,12,11,1
322420,17,15,2
154618993422,3,2,1
154619149283,5,4,1
8590104727,13,12,1
63891,7,6,1
215829,45,43,2
8590231223,20,19,1
60129743282,5,4,1
25770107758,35,27,8
85899626755,5,4,1
8590255281,25,19,6
8589977945,26,21,5
120259430954,3,2,1
231404,8,7,1
17180059033,5,4,1
17180059019,14,13,1
17180059025,14,13,1
17179933742,7,6,1
8590267749,16,13,3
8590267752,11,10,1
8590214825,14,9,5
8590306286,23,22,1
25769808608,8,7,1
25769808609,9,8,1
8590068109,12,8,4
8590223982,23,21,2
42949902233,7,6,1
60129633513,5,4,1
60129622758,9,6,3
17179999203,6,3,3
25769964079,4,3,1
17179901689,7,6,1
77309493948,6,5,1
25769912865,13,12,1
94489601318,5,3,2
111669267737,5,4,1
42950100270,9,7,2
94489601313,5,3,2
295700,23,21,2
51539896069,9,5,4
77309670185,3,2,1
8590278375,6,5,1
8590278373,6,5,1
8589984024,57,42,15
164838,24,18,6
17179874115,4,2,2
68719799952,5,3,2
17180189329,40,26,14
60129960995,9,6,3
196058,22,16,6
60129589010,8,5,3
8590063916,4,2,2
168355,14,13,1
359499,5,4,1
237295,14,13,1
29561,40,34,6
35627,17,15,2
68719806091,18,16,2
60129617909,7,6,1
25770173658,13,12,1
315481,16,15,1
8590056177,12,8,4
171798983130,3,2,1
197568571601,3,2,1
94489496253,4,3,1
8590179571,12,3,9
165068,18,8,10
25770245384,10,9,1
51539783299,8,7,1
8590199547,7,6,1
76532,49,47,2
398646,18,17,1
231149,32,28,4
17180018523,11,8,3
17180018518,11,9,2
73682,24,23,1
85899676524,3,2,1
85899676521,3,2,1
25770126195,6,5,1
51539864388,5,4,1
85899676523,3,2,1
395724,31,27,4
344923,33,19,14
8590030551,77,58,19
94489540763,8,7,1
417048,36,32,4
8590016589,10,8,2
25770220523,7,6,1
25770220527,9,8,1
76273,35,33,2
17180220807,6,5,1
17180220803,6,5,1
8590190511,3,2,1
60129573694,13,12,1
25769804766,10,9,1
146029099769,6,4,2
85899619150,3,2,1
8590027068,4,3,1
210434,6,4,2
34360148377,24,19,5
16007,5,3,2
25770042421,5,4,1
409719,5,4,1
216515,122,78,44
51539961353,3,2,1
94489426258,8,6,2
94489426257,6,5,1
94489426255,4,3,1
60129640502,3,2,1
183594,10,6,4
94489525735,5,4,1
60129830518,8,6,2
8590023240,6,5,1
60129830522,7,6,1
60129947248,5,4,1
146028987333,3,2,1
17180183803,5,4,1
42949954193,4,3,1
34359785250,6,4,2
387925,22,18,4
120259383766,4,3,1
120259383767,4,3,1
120259383765,5,3,2
8590288265,28,27,1
120259310907,5,2,3
34359858337,5,4,1
34359858340,3,2,1
25769940380,4,2,2
146029101638,4,3,1
17180252990,7,6,1
409858,33,25,8
17179970192,9,7,2
68719572352,6,5,1
8590376671,17,15,2
68719763319,6,5,1
103079452993,9,8,1
60129904763,6,5,1
8590141408,36,32,4
8590045053,27,26,1
8590077810,76,43,33
17179966927,23,19,4
241687,5,4,1
34359917585,4,3,1
42950066963,6,4,2
240518182765,5,4,1
261486,16,14,2
384017,6,5,1
25770034882,7,6,1
17179993585,17,13,4
323347,21,18,3
77309478428,10,8,2
249108196063,4,2,2
42949909355,8,7,1
133930,18,14,4
25770198769,16,12,4
8590257187,13,12,1
120259208701,3,2,1
373672,12,10,2
85899377192,3,2,1
34360100732,6,5,1
60129962053,15,13,2
8590233320,4,3,1
25769826302,13,11,2
111669465810,4,3,1
272599,6,5,1
60129579424,11,10,1
187335,16,15,1
42949839388,20,16,4
8590256012,16,13,3
211390,18,17,1
34359834278,10,9,1
25769837972,21,17,4
69230,23,19,4
8590153398,11,10,1
8590153387,15,13,2
8590153397,11,10,1
51539849453,17,12,5
17180190391,8,7,1
25770177434,32,31,1
147386,28,22,6
417380,63,43,20
51149,103,44,59
94489304202,7,6,1
8590343702,22,15,7
254219,14,12,2
8590043561,18,17,1
25770196369,13,12,1
345002,7,4,3
345004,9,5,4
60129855806,3,2,1
17179883868,13,10,3
25770113070,15,14,1
85899658331,4,3,1
25769928989,16,14,2
137439023959,4,3,1
77309804067,5,4,1
8590168056,17,16,1
25770150618,9,8,1
163208830304,3,2,1
42949712741,8,7,1
298246,13,12,1
8590162184,7,6,1
17180176972,10,9,1
8590196501,5,4,1
174117,56,44,12
68719792044,5,4,1
25769825682,5,4,1
68719792048,6,5,1
17180006694,17,10,7
51539884469,10,7,3
17180006696,4,3,1
42949831277,6,5,1
324677,6,5,1
8589996178,10,9,1
8590266947,10,9,1
17180054262,4,2,2
168591,43,20,23
422117,13,12,1
8590228219,8,7,1
154619129714,6,5,1
17179994327,8,7,1
146259,23,21,2
17180202869,4,3,1
60129888555,4,3,1
293349,11,9,2
8590050419,7,6,1
17179949408,9,8,1
8590008683,26,22,4
17180183471,10,5,5
23309,71,61,10
8590190784,9,8,1
42949752037,20,16,4
25769868169,8,6,2
190554,11,10,1
42950061584,19,14,5
158572,12,9,3
158571,26,25,1
85899767845,4,3,1
85899346416,5,4,1
17179881084,4,3,1
8590319699,11,8,3
8590319702,5,3,2
8590032207,6,4,2
8590038929,19,17,2
42949800327,6,2,4
8590210970,16,14,2
77309423355,6,5,1
8590052461,10,7,3
135976,11,8,3
200572,23,19,4
68719706935,3,2,1
354381,12,7,5
8590116779,19,16,3
8590156627,6,5,1
146029190464,7,6,1
146555,24,20,4
17180020202,34,30,4
197568852284,3,2,1
42949821859,14,13,1
214748477784,3,2,1
25770213073,4,2,2
8590112859,59,45,14
8590334804,4,3,1
34359754931,11,9,2
307074,10,9,1
37523,14,13,1
8590033873,11,10,1
198701,90,59,31
166403,24,21,3
25769990145,8,7,1
300654,23,20,3
288733,120,75,45
8590249201,3,2,1
42949749395,23,17,6
77309842555,4,3,1
70581,19,13,6
17180159286,25,18,7
342308,15,14,1
42950082620,10,9,1
351701,8,7,1
351700,10,8,2
8590344678,6,5,1
60129619463,7,6,1
118463,6,5,1
118456,19,17,2
118457,6,4,2
60129619462,4,3,1
17180254333,14,13,1
42949979031,19,18,1
51539709390,5,4,1
94489289371,5,4,1
17180165399,9,7,2
128849176729,4,3,1
17180008115,62,46,16
34359756506,12,8,4
60129959175,10,8,2
17180169254,4,3,1
25769962874,12,11,1
25769962878,15,12,3
68719826249,19,11,8
25770114962,4,3,1
25769948769,6,5,1
8590031978,13,11,2
206158837880,3,2,1
34360114133,8,7,1
25770245629,11,10,1
34359795798,11,8,3
25769876307,10,9,1
42949968035,8,7,1
156687,25,17,8
42950102356,6,3,3
51539859052,5,2,3
51539859042,5,4,1
17180229546,6,5,1
17180229550,11,9,2
337749,26,20,6
8590240003,5,4,1
78500,4,3,1
42949985089,4,3,1
34359826630,13,10,3
68719547881,4,3,1
25770197540,5,3,2
25770197538,6,4,2
17180221561,14,3,11
366529,11,9,2
120259458202,6,5,1
77309632231,9,8,1
42949978509,6,5,1
51539746610,9,7,2
25770128569,9,7,2
262257,14,5,9
25770135818,5,4,1
42949976973,6,4,2
8590310656,10,8,2
137439234476,3,2,1
103384,230,46,184
131210,20,17,3
259675,23,17,6
8590025351,21,20,1
8590196622,10,8,2
17180176565,15,10,5
3171,15,14,1
292731,12,11,1
8590098151,10,9,1
60129685748,10,6,4
103079339148,4,3,1
103079339144,7,6,1
8590024124,9,4,5
51540005220,7,6,1
8590000461,12,11,1
239266,51,44,7
25769970126,15,7,8
17179957175,20,19,1
17179956751,11,10,1
8589953748,7,6,1
34360040409,14,12,2
17180058684,16,14,2
77309647448,5,4,1
77309647444,4,3,1
85899505672,3,2,1
85899505671,8,7,1
128849184661,5,4,1
8590284494,16,13,3
25769878689,5,3,2
17180116429,3,2,1
17179949460,23,15,8
341299,35,11,24
85899667766,4,3,1
51539926487,6,5,1
8590293080,4,3,1
42949696264,5,4,1
34360031825,13,12,1
25770142751,20,14,6
134449,33,27,6
8590337721,4,3,1
25769912386,4,2,2
128849407805,9,7,2
60129612957,11,10,1
153288,51,16,35
17180226552,7,6,1
128849252535,8,7,1
25769937686,25,16,9
34360006197,3,2,1
42950085215,9,7,2
137439296481,7,4,3
34359899647,14,6,8
42950106270,8,7,1
34359901697,5,4,1
8590266815,10,9,1
34359770402,11,10,1
17180022420,5,4,1
25770146221,5,4,1
8590379748,26,16,10
25769933079,6,5,1
8590305831,12,9,3
42949960999,9,8,1
17180164061,7,6,1
77309747931,4,3,1
77309747925,5,4,1
32149,8,7,1
42949844212,13,12,1
8590208756,13,9,4
370458,12,10,2
51540038630,8,7,1
8590077558,56,20,36
25769980978,7,6,1
8590167801,7,6,1
42949845966,7,6,1
326613,28,22,6
94489350093,4,3,1
34359744609,10,9,1
280782,7,6,1
51539873759,6,4,2
330449,24,23,1
17180059823,28,18,10
17179948647,7,5,2
34360093772,5,4,1
34360093771,4,3,1
77309749190,6,3,3
77309749187,4,3,1
17179909288,25,18,7
103652,33,27,6
92129,39,35,4
126356,60,50,10
51539718128,9,8,1
337003,39,35,4
8590160383,13,10,3
17180303575,19,17,2
42949692132,30,27,3
8590025970,18,11,7
17180206614,3,2,1
17180206618,4,3,1
126648,4,3,1
51539792643,7,6,1
8590078844,16,15,1
17180255311,9,7,2
17180255313,4,3,1
60129791899,9,7,2
85899485775,18,17,1
25769892369,8,7,1
154618841744,4,3,1
122104,11,10,1
17179958383,11,10,1
94489666409,9,8,1
25770239549,28,16,12
204944,42,32,10
8590318206,12,9,3
34360040894,5,4,1
94489478721,4,3,1
51539865250,6,5,1
8590232367,14,13,1
176200,19,17,2
17179886232,23,20,3
8589941450,5,2,3
90958,21,10,11
34359784742,5,4,1
171798957426,3,2,1
408372,11,10,1
17179924647,26,23,3
8643,14,12,2
17180064290,31,19,12
11960,25,15,10
180518,65,55,10
8589937235,11,9,2
51539790326,9,8,1
103079413298,3,2,1
34359846711,7,5,2
17180206699,6,4,2
329059,8,6,2
25769932434,17,12,5
25769989144,5,4,1
25769989148,15,13,2
17179916915,15,12,3
85899627049,8,7,1
104354,8,7,1
68719848569,8,7,1
68719892213,10,8,2
34359999637,14,13,1
34359999645,16,15,1
8590176335,11,10,1
188978742180,6,4,2
8589974975,16,15,1
25770041088,8,7,1
17180292905,8,7,1
8589967626,21,17,4
60129898777,5,4,1
25769994189,5,4,1
25770164845,13,11,2
25770164847,18,5,13
25769994187,6,5,1
355057,4,3,1
355058,39,16,23
355055,17,16,1
17180063589,9,6,3
34359741055,12,11,1
128714,213,46,167
325892,11,9,2
115692,9,8,1
115700,6,5,1
3681,37,28,9
42949711326,19,16,3
42949711324,9,7,2
42949711323,8,6,2
42949711328,8,7,1
339228,68,63,5
53170,132,82,50
109106,6,5,1
109094,16,14,2
109102,19,14,5
402466,7,6,1
25770167472,20,18,2
111669350007,6,4,2
60129917670,20,16,4
8590228998,8,6,2
60129728323,9,7,2
130987,9,7,2
111669365754,3,2,1
77309748697,5,4,1
111669365752,10,9,1
42949797951,4,3,1
8590283586,47,45,2
146029071255,3,2,1
216852,11,10,1
17180146921,30,25,5
8590214791,23,22,1
51539914200,6,5,1
51539914204,7,6,1
17180009011,22,16,6
146028928394,4,3,1
68719512599,4,3,1
411633,11,9,2
51539669119,5,4,1
25769862586,10,9,1
25770147673,10,8,2
68719765559,4,3,1
250429,8,7,1
8589938248,5,4,1
215062,70,40,30
16456,4,3,1
85899602997,12,3,9
42950051570,3,2,1
25769871058,19,14,5
77309680550,13,11,2
128849271481,8,5,3
34359862628,4,3,1
254258,5,2,3
17179965309,21,12,9
391111,15,11,4
391110,27,15,12
136846,9,7,2
68719502691,6,5,1
34359887499,12,11,1
128849376515,5,4,1
77309485852,7,4,3
34360163362,4,3,1
25769823442,9,8,1
8589959425,20,19,1
8590117223,41,26,15
17179950123,51,43,8
274637,17,15,2
25769882727,7,6,1
60129781831,7,5,2
239569,56,45,11
25770144199,12,8,4
8590266800,16,14,2
51539774427,12,10,2
51539744927,11,10,1
8590365452,20,16,4
34360149873,4,3,1
17180112957,3,2,1
8590028927,16,13,3
8590028924,15,14,1
8590028928,14,13,1
107930,8,7,1
17180195638,19,18,1
8590002202,10,8,2
77309482857,9,8,1
94489397165,12,11,1
87254,24,23,1
34360078178,18,16,2
8590129856,41,16,25
103033,21,17,4
25769955337,14,13,1
17179901013,20,17,3
137165,12,8,4
42950047708,4,3,1
289022,19,18,1
25770141347,7,5,2
239154,20,18,2
94489284931,6,5,1
25770117701,10,8,2
25770089562,17,13,4
8590012299,8,7,1
312660,20,19,1
8590331344,22,19,3
8590370930,14,13,1
72913,5,4,1
103079592340,5,4,1
2239,14,12,2
255160,23,22,1
184957,28,25,3
8590100026,5,4,1
150738,114,60,54
8590089243,7,5,2
163208960899,6,4,2
8589984174,19,17,2
341036,107,31,76
51539994760,10,8,2
34360079630,5,4,1
51539642245,10,9,1
68719495430,3,2,1
158218,58,50,8
68719736329,3,2,1
17180043007,9,8,1
22142,25,22,3
17180137439,33,21,12
8590166037,9,7,2
42949782605,17,15,2
60129735226,22,13,9
17180063774,12,9,3
8590093073,20,19,1
68719844949,6,5,1
25770095192,5,4,1
250289,10,9,1
250291,5,4,1
127282,5,3,2
127281,4,3,1
25770067797,5,3,2
25769973962,9,8,1
25769879187,8,7,1
92744,85,27,58
408766,59,33,26
408762,13,10,3
25770161914,8,7,1
17179968225,43,37,6
8589978028,8,5,3
399587,21,18,3
25769928955,17,15,2
120259363974,5,4,1
34359967863,6,5,1
25770213434,9,8,1
25770213419,9,7,2
8590046245,16,14,2
109843,26,19,7
25769960851,4,3,1
68719649149,5,4,1
17179926222,65,38,27
17180203012,5,4,1
17180185552,29,15,14
51539958993,13,12,1
180388772929,3,2,1
163208854422,3,2,1
120259254057,9,8,1
137439283532,5,4,1
137439005889,8,2,6
296743,26,21,5
25769990303,16,14,2
34359779198,5,4,1
34359779194,6,5,1
218646,4,2,2
68719880105,7,5,2
68719880117,6,5,1
34359836597,8,6,2
280135,9,7,2
68719880108,9,6,3
17179892638,7,6,1
34359881768,13,12,1
194700,6,4,2
42949861248,4,3,1
24418,12,10,2
296914,8,7,1
311551,7,6,1
76814,6,5,1
76820,5,4,1
76816,5,4,1
25770118247,7,6,1
17179911061,9,8,1
168334,16,14,2
34359936696,25,16,9
51539643444,10,9,1
34359936692,16,15,1
17179884839,19,18,1
8590272822,7,6,1
60129688742,4,3,1
256930,7,6,1
60129688736,7,6,1
120259142091,7,6,1
120259142084,7,6,1
8590018220,53,36,17
94489584172,4,3,1
94489464392,6,5,1
25770140652,18,16,2
180388895275,3,2,1
17180282907,18,4,14
174388,26,22,4
276261,50,17,33
34360010856,8,7,1
34360112244,13,12,1
288753,11,10,1
8590244823,8,7,1
170657,66,49,17
297388,39,36,3
198900,75,57,18
77309740700,7,5,2
25770176813,9,5,4
60129907347,12,8,4
85899661265,8,7,1
68719540685,9,8,1
68719627243,17,16,1
268050,3,2,1
8590376381,7,2,5
351609,11,10,1
120259530198,5,4,1
85899702682,5,2,3
34359947779,8,5,3
8590026856,30,13,17
8590014127,26,17,9
154618969688,6,5,1
120259125288,5,4,1
8590141910,16,8,8
103079521401,6,5,1
154618969683,5,4,1
84968,8,7,1
8589977093,63,41,22
25769823049,4,3,1
34360081362,5,4,1
17179995764,9,7,2
25770043703,17,16,1
284023,23,22,1
17180170962,10,9,1
8590119575,9,8,1
17180237827,20,19,1
327105,11,9,2
146029143194,6,5,1
77309777064,3,2,1
252623,20,15,5
8590257808,4,3,1
25769986964,9,8,1
8590226754,23,18,5
146028894708,4,3,1
25769839228,24,17,7
17179938782,4,3,1
180388865197,3,2,1
17180236107,11,10,1
171798832565,6,5,1
25769843412,12,6,6
51540043763,5,4,1
410865,18,17,1
320498,11,9,2
326467,6,5,1
255832,61,37,24
103079514364,13,10,3
8590173918,3,2,1
35330,26,21,5
42950100068,11,8,3
8590159183,20,19,1
237785,9,8,1
17180155676,10,9,1
8590203263,4,3,1
8590099091,11,9,2
8589959973,51,42,9
17180297729,19,18,1
25769989978,8,7,1
168716,20,19,1
60129917060,8,7,1
42949700138,6,5,1
25769856816,26,23,3
25769953621,15,12,3
370877,17,11,6
25770163634,19,15,4
236202,20,14,6
17180298349,7,5,2
8590136004,13,11,2
8590135997,29,22,7
77246,19,18,1
60129793565,6,5,1
17179974899,7,5,2
8590140459,10,9,1
85899458020,4,3,1
77309768083,6,5,1
17179999330,8,7,1
51539859059,20,19,1
393823,16,14,2
94489324057,7,6,1
94489281802,4,3,1
25770034373,4,3,1
25770034377,6,4,2
17179987798,47,43,4
103079349518,7,6,1
8590000848,12,8,4
120259178587,4,3,1
8590000849,12,9,3
120259178597,6,5,1
8590000853,9,8,1
103079349517,11,8,3
17180097675,11,9,2
25769938232,7,5,2
17180225185,24,19,5
8590044888,46,36,10
25769811512,7,6,1
8590129155,4,3,1
34360029759,7,6,1
347995,14,12,2
8590345504,5,4,1
307984,20,16,4
307982,8,7,1
197568848139,4,3,1
42950047471,8,7,1
171799055537,3,2,1
74535,18,17,1
58104,15,11,4
77309844079,9,8,1
249858,6,5,1
387611,12,6,6
34359768937,31,28,3
413626,5,4,1
103586,6,3,3
42949684853,3,2,1
77309578353,4,3,1
327142,21,18,3
17180014782,11,9,2
208418,21,18,3
208415,27,24,3
34359767609,8,6,2
33914,7,6,1
58242,12,11,1
25770016322,9,8,1
17180280820,13,12,1
188978610149,10,9,1
68719619836,8,7,1
34360013653,17,16,1
74602,13,12,1
348144,23,11,12
8590051207,6,4,2
17179892812,20,15,5
8590270569,26,13,13
51539877520,8,7,1
8590152492,14,12,2
103079298023,6,5,1
77309588260,12,10,2
360024,17,15,2
17179931180,30,13,17
14096,21,19,2
34359823434,6,5,1
153420,15,14,1
51539639692,5,3,2
94489575167,4,3,1
17179909418,6,4,2
25769979183,7,6,1
42949928677,21,14,7
68719749159,13,12,1
60129568578,23,20,3
51539814276,3,2,1
8590225306,9,8,1
77309416248,5,3,2
77309525253,5,3,2
51539852228,18,17,1
42949914661,11,10,1
17180078451,10,8,2
8590186019,7,6,1
25770195193,7,6,1
8590186022,10,8,2
14928,47,38,9
42950057825,5,4,1
8590049730,6,5,1
8589964445,26,25,1
123975,78,27,51
8589995914,13,12,1
8590100028,6,5,1
8590259765,11,10,1
60129942542,7,6,1
42949946858,12,10,2
42949800773,8,5,3
51539872701,13,12,1
8590067022,21,16,5
8590293243,37,28,9
8590287043,35,20,15
17180242928,14,6,8
111669301373,4,3,1
120259239750,6,5,1
376839,19,11,8
154618907372,7,6,1
51539687807,11,8,3
17180298242,20,11,9
17180027701,11,10,1
52076,11,9,2
17179905714,6,5,1
51539705201,8,6,2
25770113988,23,18,5
137439139358,6,5,1
8590245072,14,13,1
111669429194,13,12,1
8590010516,42,26,16
25770204485,22,13,9
60129595331,4,3,1
8590009866,9,8,1
25770187249,17,16,1
8590243828,14,13,1
8590211147,20,19,1
111669352893,6,5,1
25769886289,30,29,1
8590003888,13,10,3
17180306505,26,24,2
80341,10,9,1
336613,14,11,3
42949743016,17,13,4
85899506605,4,3,1
149846,8,7,1
137662,71,49,22
120259149713,3,2,1
17179985151,3,2,1
17180153924,18,16,2
75189,14,12,2
17180166666,5,4,1
60129788539,3,2,1
177990,19,18,1
25769959496,5,4,1
25770070234,7,6,1
109521,9,8,1
34360000188,6,5,1
25769856273,25,19,6
8590056403,18,16,2
6336,11,9,2
206158616294,5,3,2
77309720133,3,2,1
8590248311,8,7,1
197145,5,4,1
25770040429,14,10,4
42949759535,9,8,1
171798842895,4,3,1
17180021548,6,5,1
163209042033,3,2,1
25769891331,15,2,13
25770088594,10,6,4
25769985497,7,5,2
34359951397,12,11,1
8590244594,10,7,3
2855,192,105,87
8590251329,37,33,4
94489357127,9,8,1
133664,5,4,1
133666,24,21,3
240508,7,6,1
240513,9,7,2
25770102691,12,11,1
8590207554,13,10,3
80716,7,6,1
60129971724,10,9,1
158815,17,16,1
324284,9,7,2
324287,12,10,2
128849272333,9,8,1
25770014208,11,10,1
60129653121,13,12,1
51539980053,12,8,4
103079432023,6,5,1
159538,4,3,1
8590063998,4,3,1
17179904226,8,7,1
94489681538,8,5,3
51539802813,3,2,1
17180038217,9,8,1
34359890974,4,3,1
68719761731,8,6,2
68719761725,7,6,1
25769922185,12,10,2
25769922186,3,2,1
25769922184,4,3,1
401501,25,22,3
25769826163,9,8,1
85899732435,7,6,1
17179989321,17,15,2
137439114133,4,3,1
68719624772,6,5,1
320002,35,28,7
340721,26,21,5
128849181763,6,4,2
8590230849,16,11,5
25770123782,9,8,1
76753,4,2,2
25770065557,10,8,2
54815,9,8,1
51539715034,25,19,6
34359791476,17,15,2
17180299321,10,5,5
8590343457,15,12,3
28929,28,22,6
8590074751,21,18,3
25770019743,17,13,4
25770049347,9,7,2
399527,23,20,3
34359997786,8,6,2
17180136090,11,9,2
381141,9,7,2
25770225514,7,6,1
8590305312,16,12,4
108652,10,9,1
25769952628,7,6,1
17180114895,16,14,2
77309615789,4,3,1
25769968058,5,2,3
317015,7,5,2
20039,78,67,11
159674,40,27,13
120259280124,5,3,2
8589995416,4,2,2
259069,7,6,1
156888,8,7,1
97939,17,13,4
68719487231,17,13,4
51539671901,19,17,2
59794,27,22,5
51539681382,7,5,2
17180179805,4,3,1
8590090489,59,36,23
51539735593,8,7,1
8590218866,20,17,3
17180184520,4,3,1
51539655800,25,19,6
87320,27,24,3
17180206542,9,8,1
34359911366,3,2,1
17179902044,50,32,18
42949963199,9,8,1
207272,4,3,1
207273,29,18,11
207279,5,4,1
17179956755,13,12,1
34359795527,13,11,2
60129673332,3,2,1
51539851970,9,8,1
51539637097,4,3,1
51539637100,4,3,1
111669185827,4,2,2
25769896287,7,5,2
103081,16,15,1
42949700970,13,9,4
77309741581,4,3,1
128849048171,5,4,1
137439117031,5,4,1
240101,6,5,1
120400,8,6,2
51539641996,8,7,1
12487,39,27,12
60129766494,8,7,1
51539669445,10,7,3
110736,14,11,3
111669201440,5,4,1
285513,11,7,4
7262,12,11,1
202867,36,33,3
125238,11,9,2
17179926013,19,17,2
8590066554,15,11,4
25769848856,13,11,2
8590097507,9,7,2
3833,71,43,28
8590305474,9,7,2
146029070219,4,2,2
60129719782,8,6,2
60129719779,7,6,1
8590036924,24,7,17
17180131929,26,25,1
77309554792,4,3,1
8590296231,7,6,1
8590048351,19,12,7
85899506663,4,3,1
171798839838,6,5,1
8589995059,6,4,2
17180206416,11,10,1
8590014230,15,10,5
226043,23,21,2
51539700646,6,5,1
25769838443,4,3,1
17180163542,15,13,2
34359926242,17,15,2
244072,25,24,1
25770032216,33,25,8
8590003560,17,10,7
146029310122,7,6,1
252200,11,10,1
252198,4,3,1
252197,10,9,1
154618884809,5,4,1
69439,15,13,2
17179991520,8,6,2
17180193298,8,7,1
274983,11,10,1
17180308282,32,26,6
171799096453,3,2,1
111669303761,3,2,1
17179977252,20,14,6
42949915005,5,4,1
409845,11,10,1
17179897161,16,15,1
406705,3,2,1
34360087170,10,4,6
51539609162,6,5,1
154619214782,3,2,1
146029187867,3,2,1
51539643285,17,12,5
8590093677,14,12,2
226148,23,13,10
68719479481,5,4,1
45076,4,3,1
147213,21,19,2
212974,5,3,2
25770241524,8,7,1
60129722142,5,3,2
77309715330,11,9,2
77309715335,7,6,1
77309715329,8,7,1
17179881872,5,4,1
17180095910,3,2,1
17180252932,5,3,2
8590375689,27,22,5
17180012201,32,30,2
25769919057,59,49,10
128849151635,3,2,1
25770144000,8,7,1
260767,10,9,1
260765,35,26,9
146029123161,6,3,3
42949849597,11,10,1
85899417487,7,6,1
8590128974,17,16,1
60129877935,8,7,1
405633,6,4,2
51539803533,10,9,1
8589981261,14,9,5
154619115491,6,5,1
60129852246,8,7,1
25770049480,3,2,1
138833,40,32,8
424013,37,21,16
13992,109,91,18
25769836959,9,8,1
212065,46,31,15
94489479952,7,6,1
51539675111,8,7,1
8590087987,8,6,2
51539819972,6,4,2
45425,16,12,4
414266,19,12,7
8590144719,8,7,1
8590144713,9,7,2
8590144720,9,7,2
8590075474,8,7,1
60129951969,3,2,1
62453,73,47,26
119842,36,29,7
94489661327,7,5,2
60129749827,6,5,1
8590167558,3,2,1
25769873023,3,2,1
85899750867,4,3,1
103079353144,6,2,4
42950032266,22,19,3
85899470059,9,8,1
51539989101,16,14,2
128849316788,6,5,1
25769877273,5,3,2
34359769733,6,5,1
34359769736,6,3,3
163920,30,15,15
25769809270,10,6,4
25769809269,7,5,2
275820,30,28,2
51539986574,8,7,1
51539986577,11,10,1
77309708231,4,3,1
52306,10,9,1
8590146193,7,3,4
398010,41,31,10
5297,5,3,2
34359816352,10,9,1
8590069581,67,44,23
77309539651,6,5,1
17180251447,8,7,1
8590056342,10,8,2
8590304717,17,12,5
146029083545,4,3,1
365767,7,6,1
25770210843,5,4,1
17180160259,4,3,1
8590347950,9,7,2
216430,31,19,12
146028925387,3,2,1
60129765647,7,4,3
17179926117,4,3,1
60129886529,5,4,1
34359905998,8,7,1
85899572890,4,3,1
221131,5,4,1
17180222316,14,12,2
34360075749,5,4,1
291927,11,10,1
8590195599,13,9,4
8590328911,6,5,1
10025,30,4,26
159180,22,19,3
227806,3,2,1
10748,111,96,15
17180264527,7,6,1
19259,7,5,2
52098,15,13,2
8590184189,10,8,2
17179951940,7,5,2
25770126953,12,10,2
115109,13,11,2
34359930783,8,7,1
315082,4,3,1
42949918963,3,2,1
128849284866,5,4,1
77309635991,8,7,1
68719670824,6,5,1
42949729847,6,5,1
210643,11,8,3
8590359285,7,6,1
77309603484,14,4,10
339855,13,12,1
8590095364,47,44,3
319661,43,38,5
94489478117,4,2,2
240518470142,3,2,1
51539937272,10,9,1
51539838850,4,3,1
314453,8,7,1
99579,19,14,5
8590319911,11,9,2
111669435399,3,2,1
25770030133,8,7,1
42949927260,9,8,1
8589970337,28,25,3
25769911611,6,5,1
15543,27,18,9
93988,15,14,1
146028961978,5,4,1
25769853232,8,7,1
103079527644,10,9,1
17179905594,18,17,1
44267,23,17,6
228815,5,4,1
207116,61,56,5
303924,16,8,8
94489315447,9,6,3
371610,18,16,2
34359838542,11,9,2
8589945647,10,9,1
8589951200,6,4,2
77309455674,8,7,1
60129608912,9,7,2
103079278194,4,3,1
8590061236,6,5,1
100130,4,3,1
25770208770,11,9,2
275391,41,27,14
363334,35,32,3
17180178377,21,15,6
173591,13,12,1
17180283598,4,3,1
17179987437,8,7,1
17180164763,6,5,1
34360077504,9,8,1
17180164766,3,2,1
17180164765,9,7,2
17180164767,3,2,1
17180164768,8,7,1
17180164772,4,3,1
402796,9,8,1
60129922239,8,7,1
114427,17,13,4
77309457306,6,5,1
77309457304,17,14,3
99564,17,13,4
17180168248,5,4,1
8590278594,11,10,1
17179912104,10,7,3
8589942271,43,17,26
362888,10,9,1
17179937380,17,12,5
25770153801,7,6,1
8590253546,6,5,1
17180265874,9,7,2
42949989309,3,2,1
8590373159,6,5,1
109460,73,52,21
8590363481,14,12,2
77309556720,7,6,1
17179915167,6,4,2
25769892728,9,8,1
37181,11,10,1
60129650112,3,2,1
60129650109,4,3,1
77309745527,12,9,3
8590266916,17,13,4
8590147528,4,3,1
8590147525,10,5,5
289356,19,17,2
8590254915,11,10,1
289316,16,15,1
85899720975,5,4,1
25770237473,6,5,1
51540020872,12,10,2
25769858016,6,5,1
25769858017,5,4,1
34360029828,4,3,1
68719657618,7,6,1
289132,6,5,1
152958,8,6,2
68719657604,8,6,2
174054,5,4,1
8590256254,24,20,4
8590256259,19,17,2
371523,21,20,1
34359897554,14,10,4
42949701282,7,6,1
42949737318,9,8,1
8590152950,18,17,1
146029091466,3,2,1
124234,21,20,1
171799005013,3,2,1
8590313582,9,7,2
177324,8,7,1
321754,6,5,1
321753,5,4,1
8590281416,22,19,3
120259191874,5,4,1
85899507446,7,6,1
25770228955,7,6,1
180388710208,5,4,1
404865,21,15,6
180388710209,5,4,1
193415,40,37,3
51539608718,7,6,1
34359835355,3,2,1
8590244063,10,9,1
85899676065,7,5,2
36363,12,9,3
17180222945,14,13,1
34359741506,17,13,4
204019,15,14,1
8590058048,18,17,1
51539666865,13,9,4
164217,14,13,1
17179904961,14,11,3
25770158437,15,12,3
25770158438,12,11,1
17180291898,5,4,1
25769821294,15,12,3
17180132707,24,23,1
8589968566,37,22,15
8590360562,20,18,2
176980,38,28,10
151891,21,19,2
8590226854,4,3,1
34359801269,7,4,3
85899645901,4,3,1
85899351701,13,10,3
60129953949,3,2,1
60129953947,3,2,1
17180185916,3,2,1
60129953948,4,3,1
8590364272,5,3,2
103079302985,13,11,2
229850,24,19,5
34359828783,8,7,1
111669256602,3,2,1
51540008035,7,5,2
128849089408,7,5,2
8589951008,8,4,4
8590117089,7,6,1
17180301742,15,12,3
51539742525,7,5,2
42949707559,14,12,2
85899711396,6,5,1
34359898615,6,5,1
8590322598,15,13,2
25769870342,5,4,1
8590150107,22,11,11
68719678054,14,11,3
24178,14,10,4
93511,29,27,2
150476,19,17,2
75000,39,22,17
12919,43,38,5
8590194556,22,20,2
152240,15,13,2
175378,11,9,2
25769898922,18,17,1
321192,4,3,1
94489503100,8,6,2
103079633740,3,2,1
17179893111,42,38,4
17180257023,19,17,2
8590290065,11,10,1
122506,25,20,5
51539840902,9,7,2
25770077910,5,4,1
25770077915,7,6,1
25770077911,11,8,3
34359791671,9,8,1
34359791668,3,2,1
8590312861,13,11,2
85899463043,16,12,4
25769952880,8,6,2
103079523297,6,5,1
178953,21,18,3
36453,14,13,1
36451,22,21,1
34359857211,9,8,1
8589975753,6,5,1
8590275774,14,12,2
213519,8,4,4
213520,5,4,1
213515,14,10,4
213521,6,5,1
213511,9,7,2
213506,9,8,1
383967,13,11,2
51539712189,14,11,3
8590324339,18,9,9
188480,14,13,1
34359793757,8,6,2
17179886760,20,18,2
77309547597,8,6,2
60129803166,6,5,1
77309504802,3,2,1
17180301121,15,11,4
17180301120,12,10,2
8590001662,47,14,33
17180301124,7,6,1
17180223143,10,9,1
17179911138,22,21,1
269065,5,4,1
17180217842,3,2,1
284142,24,20,4
17180186815,28,19,9
17179968736,9,8,1
34359909512,12,11,1
77309542936,11,9,2
8590276493,26,23,3
25770197342,4,3,1
106340,17,13,4
51540046434,7,5,2
51540046432,4,3,1
154619177999,3,2,1
8590131225,3,2,1
51540032439,3,2,1
17180014110,11,10,1
42949754838,5,4,1
60129869778,13,12,1
94489687020,10,9,1
328549,13,10,3
8590252194,47,35,12
8590000578,10,9,1
17180065988,3,2,1
17180065986,3,2,1
8590250605,15,14,1
76367,8,6,2
17180211797,5,4,1
17180211792,12,9,3
77309745418,7,6,1
42950031159,10,8,2
8590325158,13,11,2
8590143653,34,28,6
34359984549,20,17,3
103079399055,5,4,1
50707,27,14,13
34359970361,23,22,1
8590101183,11,10,1
378453,11,10,1
337056,4,3,1
340983,10,9,1
17180127007,7,6,1
17180127005,5,4,1
17180098470,16,10,6
34359899472,8,7,1
241399,37,23,14
41203,48,41,7
8590157388,29,23,6
8589959062,12,11,1
42949810963,12,11,1
94489454991,8,4,4
17180133630,7,6,1
8590132291,7,6,1
8589942233,25,24,1
42950090115,11,9,2
245987,4,3,1
77461,11,9,2
17180238530,14,12,2
77309567179,7,6,1
365625,18,16,2
337478,5,3,2
51539643006,5,4,1
51539663212,8,7,1
8590195294,10,8,2
42949711566,11,7,4
77309826240,9,7,2
8590150856,7,6,1
146105,23,17,6
77309442308,8,7,1
60129605624,12,11,1
17179930520,10,9,1
8590311976,38,22,16
60961,43,35,8
146029117344,9,7,2
22643,3,2,1
8590085847,21,18,3
34359977915,5,4,1
60129797515,11,10,1
322707,4,3,1
25769939301,20,19,1
17180205250,38,28,10
206158432375,3,2,1
8590147846,15,14,1
126002,8,7,1
126001,10,8,2
255083,29,21,8
68719596669,4,3,1
8590330969,12,11,1
60129561895,8,7,1
8590272270,7,6,1
8590272266,5,4,1
39624,12,11,1
42949828080,17,13,4
42949828082,6,5,1
120642,9,7,2
120640,8,7,1
140589,14,11,3
34360106505,10,9,1
17180183064,8,7,1
16748,4,3,1
16749,6,5,1
25769890914,29,25,4
17180280618,8,7,1
25769806470,6,5,1
25769806464,9,7,2
8590066754,11,7,4
94489283304,6,5,1
8590094632,29,25,4
8590082813,10,6,4
73726,166,40,126
42949733402,35,30,5
85899399738,3,2,1
197568907663,3,2,1
253061,5,3,2
42949688838,6,5,1
94489712179,3,2,1
8590189660,7,6,1
58015,7,6,1
58002,6,5,1
17180005977,6,5,1
17180303215,19,16,3
17180005978,7,6,1
17180005979,6,4,2
42949783881,10,9,1
17180005980,6,4,2
17180114103,4,3,1
42949954861,12,10,2
17180260567,9,8,1
68719517865,6,5,1
25769986332,4,3,1
8590231654,19,11,8
366613,20,18,2
17179918714,14,9,5
51539901771,6,5,1
17180155622,8,7,1
17180155620,7,6,1
60129952566,6,2,4
335021,23,18,5
60129829122,4,3,1
17180093591,11,10,1
25770165360,5,4,1
166138,8,7,1
388357,38,32,6
17179882727,22,12,10
163209087509,5,4,1
165118,14,12,2
8590102007,8,7,1
258087,9,7,2
17180100331,12,11,1
8590240887,17,16,1
34359845144,18,15,3
42949765681,7,6,1
25770078782,16,13,3
25770094372,3,2,1
17180091152,32,28,4
34359827542,7,5,2
68719771464,5,4,1
51539943530,12,10,2
194745,9,6,3
8590078417,4,3,1
25769881378,5,4,1
8590049346,38,32,6
15888,107,69,38
42702,17,16,1
94489623344,6,5,1
25769963346,13,12,1
85899755275,3,2,1
92782,15,14,1
103079285841,6,2,4
25769880651,5,4,1
60129859155,5,3,2
14433,29,27,2
134546,10,8,2
17180295107,3,2,1
85899474462,11,10,1
85899474468,5,4,1
17180271196,6,5,1
85899474470,3,2,1
85899474467,3,2,1
17180271191,8,7,1
17179871959,33,30,3
157109,45,26,19
89384,15,13,2
370180,17,10,7
68719679997,4,3,1
8590321596,4,3,1
34359784273,8,5,3
42949967119,6,5,1
17180188547,6,5,1
25770134674,3,2,1
34360138901,6,4,2
77309638573,4,3,1
8590274863,4,3,1
8590322313,44,39,5
51539881520,21,20,1
8589938431,8,7,1
17180299850,6,5,1
8590369613,7,6,1
8590206961,15,13,2
25770147214,3,2,1
137439204843,3,2,1
42949801416,20,17,3
81956,112,79,33
17180082773,5,4,1
42950078305,7,5,2
8590301334,20,14,6
25769840651,8,7,1
25769830089,10,9,1
8589942006,19,18,1
19491,13,11,2
8590047533,6,5,1
51539964800,9,8,1
51539885839,7,6,1
25769805220,14,9,5
8590014976,9,6,3
17179967736,15,14,1
25769878712,12,11,1
25769878707,14,13,1
17179939913,14,12,2
94489495369,3,2,1
94489495370,3,2,1
25769944915,13,11,2
176497,4,3,1
17180031953,12,10,2
94489549304,4,3,1
77309716506,4,3,1
421292,9,8,1
17179937628,8,7,1
421293,9,8,1
17179937630,10,7,3
271551,5,2,3
85899467154,6,5,1
85899467156,7,5,2
34359946675,6,5,1
17180192086,6,4,2
17180192087,7,6,1
17180192083,4,3,1
60129667319,11,10,1
51539610089,17,12,5
25769845349,8,7,1
261099,10,9,1
42950043133,4,3,1
8590106837,7,5,2
8590324518,5,4,1
133018,49,36,13
52535,38,26,12
127387,30,27,3
97027,51,46,5
34359802010,6,4,2
25769987914,6,5,1
8590082943,21,16,5
17179944087,5,4,1
348815,10,9,1
25769852080,4,3,1
196331,8,7,1
153356,23,15,8
146029151775,7,6,1
17180173530,17,16,1
3549,18,17,1
34359866831,3,2,1
42949858645,14,10,4
388285,6,4,2
388286,20,11,9
388279,6,4,2
388284,8,5,3
388289,7,4,3
8590066330,16,14,2
8590279067,6,5,1
8590279071,8,6,2
18685,12,11,1
60129854953,6,4,2
349056,39,29,10
47493,6,5,1
277686,13,11,2
17180066076,6,5,1
267251,10,9,1
42949737837,10,7,3
17180066079,8,7,1
85899410825,5,4,1
25769832969,16,13,3
25769950141,12,7,5
17180277523,16,13,3
111669313943,4,3,1
8590313323,9,7,2
154619241893,3,2,1
34359903731,4,3,1
34359903732,10,8,2
51539661811,6,2,4
25769988333,9,7,2
60129591023,4,3,1
51539612916,3,2,1
153707,24,22,2
77309604574,3,2,1
8590215350,6,5,1
17180060520,19,18,1
8590145004,31,27,4
8590145005,14,13,1
60129878096,5,4,1
60129878094,6,5,1
9759,18,13,5
17180143523,9,6,3
42949989850,8,6,2
8590179249,9,6,3
17179906277,11,7,4
8590027667,11,9,2
77309495750,5,4,1
93667,6,5,1
263037,38,36,2
34360010161,10,9,1
51539800873,3,2,1
34359943540,15,14,1
85899386657,3,2,1
17180034700,20,16,4
77309744343,3,2,1
405253,25,14,11
34359834291,7,6,1
25770107231,46,36,10
56511,20,19,1
94489463768,4,3,1
270563,23,19,4
17179927172,19,15,4
17179927173,7,6,1
17179927175,12,10,2
34360154723,9,8,1
335503,27,14,13
137439005445,3,2,1
94489310199,5,4,1
87325,28,23,5
8590059176,12,11,1
25770205585,4,2,2
25770241475,11,9,2
51539611674,7,6,1
34360001208,16,15,1
63773,10,4,6
191022,54,31,23
8590306759,8,6,2
68719625416,3,2,1
142833,48,45,3
34359951118,4,2,2
34359951120,5,3,2
68719691063,6,2,4
68719600600,4,2,2
283468058458,3,2,1
34360032092,7,6,1
51539817832,9,8,1
8590269978,39,37,2
17180069684,9,8,1
193420,28,19,9
60129860800,9,6,3
42949710678,15,13,2
60129629326,8,7,1
25769861925,16,15,1
8589979343,13,11,2
51539877690,5,4,1
69291,29,24,5
8590176069,66,51,15
17180288831,9,8,1
223858,11,10,1
42950076923,5,4,1
51539624690,25,16,9
17180199439,7,6,1
258604,23,13,10
33891,36,34,2
34360094962,9,8,1
34359876060,6,5,1
8590207291,9,8,1
128849417776,3,2,1
76910,13,12,1
137438999185,4,3,1
25770063008,3,2,1
34359779557,4,3,1
34359779554,3,2,1
51539949873,5,4,1
111669423446,8,7,1
223564,40,33,7
345935,17,16,1
17179931860,6,5,1
224650,33,16,17
8590228782,18,15,3
237410,20,18,2
8589974125,18,16,2
25770114854,6,5,1
85899517178,9,7,2
17180175161,19,15,4
197568822150,6,4,2
297623,54,29,25
63936,21,15,6
271901,22,11,11
17179989358,15,13,2
66122,29,27,2
25769883316,8,7,1
25769883315,4,3,1
31832,16,15,1
216968,45,7,38
103079603163,13,10,3
197416,16,15,1
17180052586,4,3,1
386379,13,9,4
17180086347,17,10,7
17180183345,5,4,1
108964,11,10,1
146028937768,6,5,1
136210,29,26,3
328599,26,15,11
8590254167,3,2,1
17180058555,32,30,2
348217,35,33,2
34359780688,4,3,1
17180095143,14,13,1
38200,7,5,2
94489395290,6,5,1
8590215798,16,15,1
17180107644,10,9,1
42949740259,10,9,1
60331,6,5,1
42949740256,9,8,1
120259485265,4,3,1
51539765876,8,7,1
120259485266,4,3,1
60338,6,5,1
85899629634,6,4,2
8589988844,23,18,5
17180298606,4,3,1
34360162829,14,8,6
77309727063,5,4,1
25769860989,5,3,2
25769860985,4,2,2
25770018324,5,4,1
8590129338,20,13,7
8590186860,9,8,1
60129752148,7,6,1
34359757422,8,7,1
329685,9,8,1
17180190855,22,21,1
70800,11,6,5
194341,14,9,5
240518283057,3,2,1
25769993750,16,3,13
51539843821,7,5,2
8590281419,15,9,6
137439112440,5,3,2
67700,7,6,1
85899353909,3,2,1
233640,7,6,1
60129678004,8,6,2
158093,22,19,3
17180170238,5,4,1
94489570008,8,4,4
34359937384,6,5,1
25769938155,6,5,1
67186,14,13,1
204326,62,32,30
8590085312,11,9,2
8590211220,12,11,1
132059,22,13,9
25769938291,8,7,1
85899513012,5,4,1
8589942583,13,11,2
142447,60,51,9
42950030638,5,3,2
8589957602,13,9,4
94489316411,5,3,2
144013,26,13,13
348407,9,8,1
68719903641,9,7,2
8590162485,38,33,5
8590267354,24,21,3
413644,15,14,1
25770069132,14,8,6
17179901566,5,4,1
60129956684,15,14,1
17180259717,20,18,2
48824,37,25,12
15001,37,27,10
8590024675,21,16,5
4774,4,3,1
17180196565,11,9,2
8590141800,16,14,2
8590345436,3,2,1
120259277249,8,6,2
120259277239,6,5,1
43079,18,15,3
68719883612,9,6,3
267266,13,12,1
42949688521,20,18,2
139354,15,12,3
25769960144,8,7,1
17180025027,8,6,2
17180025021,8,6,2
17180025017,8,6,2
17180025022,8,6,2
42949934792,7,6,1
68719565926,14,13,1
51539799064,3,2,1
51539799065,3,2,1
8590096258,6,5,1
8590311617,12,9,3
96795,54,38,16
80754,31,30,1
30654,16,13,3
60129609306,8,6,2
17180276141,21,16,5
25769863283,15,14,1
215610,77,48,29
351786,11,10,1
42949885335,5,4,1
128849389691,3,2,1
17180271706,11,10,1
377925,11,10,1
256871,9,7,2
256866,4,3,1
256865,70,64,6
8590013812,29,28,1
222433,34,20,14
222430,11,9,2
222436,3,2,1
51539705162,11,7,4
25770167789,11,10,1
51539882639,7,6,1
8590152218,6,5,1
35862,30,22,8
34360150218,9,8,1
8589963622,7,5,2
34360150212,11,9,2
17180164067,41,27,14
34359910738,21,19,2
17180164073,20,18,2
234326,30,23,7
8590013456,8,6,2
34359825066,9,8,1
213842,69,58,11
3374,9,7,2
8590174303,16,13,3
8589977402,11,9,2
51539757278,21,19,2
17812,74,50,24
77309544022,8,7,1
111669325089,4,3,1
17180093689,6,5,1
25769983657,10,9,1
205058,33,17,16
25769949879,18,16,2
85899505253,7,6,1
68719772745,7,5,2
160982,21,17,4
98337,10,7,3
42949849123,33,23,10
232192,12,9,3
212591,7,6,1
153852,3,2,1
51539695516,3,2,1
153859,6,5,1
35968,14,10,4
35969,6,5,1
410045,14,7,7
17180197471,6,4,2
34359954219,16,14,2
30400,50,29,21
423230,6,5,1
423234,7,6,1
8590294342,27,13,14
25769921937,4,3,1
34360090047,13,12,1
77309620269,21,20,1
51539700931,7,6,1
8590362078,18,17,1
68719611333,6,4,2
8590029053,11,7,4
203636,12,11,1
85899561712,12,11,1
111669230511,6,5,1
8590045292,17,16,1
341162,13,11,2
8589965106,21,19,2
60129830204,7,6,1
51539735324,4,3,1
128849152059,8,7,1
30718,28,25,3
194773,10,9,1
42949781816,8,7,1
365254,19,17,2
8590204390,39,21,18
8590204389,22,20,2
8590284214,15,14,1
170266,5,3,2
8590026878,27,14,13
85899356401,8,6,2
85899356399,7,6,1
8590038183,5,4,1
146029076514,6,5,1
68719704881,5,4,1
178154,25,18,7
51539630577,6,5,1
111669260866,5,4,1
128849088998,4,3,1
163208901404,3,2,1
103079613076,5,4,1
94489683038,8,7,1
122813,9,8,1
8589982408,29,25,4
53190,31,19,12
68719689961,5,4,1
8590366224,15,5,10
17179929052,26,15,11
25770040443,18,15,3
25770120935,17,11,6
17180057850,3,2,1
25770074229,5,4,1
234631,16,13,3
68719496374,3,2,1
17180177051,20,19,1
94064,7,6,1
85899656954,3,2,1
42949893805,6,5,1
8590203629,8,7,1
4703,12,11,1
8589941071,52,32,20
111669480198,3,2,1
111669480196,4,2,2
60129816042,10,9,1
99804,8,7,1
94489363091,3,2,1
62331,7,6,1
8589983903,36,24,12
8590006535,6,5,1
266288030820,4,3,1
8590174309,10,9,1
266288030812,3,2,1
8590346739,7,6,1
137439141497,3,2,1
134539,95,66,29
75460,20,15,5
17179889580,16,12,4
42950067734,8,6,2
60129816496,9,8,1
51539827319,7,6,1
54211,13,9,4
111669365364,6,5,1
25770029636,15,12,3
281117,10,9,1
281113,10,8,2
8590297081,49,33,16
8590317623,80,57,23
17179984713,16,13,3
51539782458,6,5,1
42950057948,16,13,3
25769992335,5,4,1
8590223771,41,30,11
149058,20,19,1
137439088007,6,5,1
8590172071,43,34,9
128849341120,4,3,1
63778,19,11,8
157637,22,18,4
77309716796,15,11,4
42949890880,17,12,5
125149,31,24,7
6184,78,29,49
25770069825,7,6,1
8590346183,15,13,2
42949812664,10,9,1
42949812655,8,6,2
65188,56,40,16
8589983139,5,3,2
25769842849,18,15,3
8590216608,17,16,1
133571,20,17,3
197568563947,5,4,1
42949967556,7,5,2
77309679499,14,6,8
17180150214,3,2,1
77309519267,3,2,1
410934,10,9,1
8590209909,10,9,1
94489708149,8,7,1
90702,42,37,5
34359752122,14,12,2
8590261900,13,10,3
8590028359,29,28,1
8590247025,8,2,6
17180157910,3,2,1
17180200716,11,2,9
42950054844,3,2,1
51539952288,3,2,1
51539952291,6,2,4
25769935109,9,2,7
145938,7,6,1
17180237069,9,8,1
188978895886,4,3,1
51539941102,6,5,1
8590268121,6,5,1
8590268123,9,7,2
8590268124,3,2,1
405612,14,8,6
17180104030,13,12,1
94489718767,6,5,1
398887,23,21,2
17179935345,23,22,1
25769862949,12,11,1
51539882037,7,6,1
42949758432,17,11,6
85899369567,6,5,1
42949793352,8,7,1
25770132259,19,18,1
58073,94,62,32
25770005776,7,6,1
25769863047,7,5,2
68719601837,8,6,2
51539763980,10,8,2
17179970126,7,6,1
17179970127,3,2,1
8590351754,3,2,1
8590232016,6,5,1
8590232012,6,5,1
8590232014,6,5,1
8590232013,3,2,1
17180157534,12,11,1
25770022117,32,23,9
94489372866,4,3,1
17180025699,29,19,10
42949780965,7,6,1
34359977616,9,7,2
51539782451,8,7,1
119730,20,16,4
60129606033,4,3,1
77309504185,5,4,1
25770178728,4,3,1
145748,25,22,3
51539811192,7,6,1
68719646078,4,3,1
34359768644,12,11,1
56808,5,4,1
25769954281,5,4,1
34360159331,9,7,2
25769974219,15,11,4
25769889838,5,4,1
381106,5,4,1
51539734827,23,21,2
8590341020,13,2,11
8590341025,4,2,2
8590341021,4,2,2
8590341022,10,2,8
8590148005,7,5,2
34359912441,15,13,2
77309853797,8,7,1
85899671786,3,2,1
195615,21,17,4
25769869646,16,15,1
71407,8,6,2
16538,20,18,2
164225,17,16,1
103079540090,4,3,1
17179910064,8,7,1
68719802765,8,7,1
51539928256,24,16,8
34359830369,12,11,1
17180042583,3,2,1
17179997254,20,14,6
147840,117,36,81
25769862962,10,9,1
17180010319,11,10,1
309238031730,3,2,1
85899465593,5,4,1
8590132723,25,20,5
51539688372,17,15,2
50290,135,68,67
25770051037,5,2,3
25769964512,13,12,1
19473,22,15,7
288104,36,34,2
42949983587,5,4,1
8589940758,9,7,2
120259315474,7,6,1
34360021847,8,5,3
42949683042,5,4,1
51539954305,4,2,2
60129600547,9,8,1
17180121054,21,19,2
8589954510,6,5,1
25770201146,16,11,5
42949820121,8,7,1
42949820117,16,14,2
17180008489,28,19,9
111678,7,5,2
25770045784,10,8,2
111677,9,7,2
85899729757,5,4,1
60129572519,5,4,1
251962,12,11,1
51539950937,6,5,1
77309425107,6,5,1
34359836410,6,5,1
34359877896,4,3,1
281802,13,11,2
42950055597,9,5,4
188978587772,8,6,2
214748431781,4,3,1
79398,12,11,1
25769819074,9,7,2
42949836380,4,3,1
17180168406,5,4,1
32577,30,25,5
34360041305,16,13,3
94489509178,9,8,1
94489647048,5,4,1
94489647050,8,4,4
146029073103,5,4,1
17180226254,12,7,5
220453,18,13,5
80025,15,12,3
338344,5,4,1
42950051047,8,5,3
25769818476,8,4,4
25769891894,10,9,1
153335,16,14,2
153330,11,9,2
153334,21,17,4
34359805932,4,3,1
85899658248,7,5,2
171799116673,3,2,1
51539698738,15,14,1
125349,32,21,11
125354,23,17,6
17180073276,18,16,2
8589963426,11,10,1
25770034308,9,8,1
298134,21,18,3
25769843613,4,3,1
180388739268,5,4,1
8590237486,8,6,2
25770227765,5,4,1
25770227769,10,7,3
8590127871,4,3,1
8589955507,3,2,1
25769821694,10,7,3
25770056210,8,5,3
42949871737,13,11,2
333522,6,5,1
50601,7,6,1
17180030141,10,9,1
135058,66,29,37
17180030143,16,14,2
42950093478,14,12,2
68719492846,7,6,1
62164,38,33,5
189453,81,57,24
17180106392,15,12,3
85899569818,7,5,2
8590000845,14,9,5
85899569824,8,6,2
185227,13,12,1
257698213923,3,2,1
51539927251,4,3,1
173959,13,11,2
8590030576,6,5,1
291629,13,11,2
344261,3,2,1
193011,15,14,1
68365,22,19,3
17179890266,7,6,1
17179921683,22,16,6
73625,16,13,3
17180115261,37,31,6
34359911533,3,2,1
8589976079,8,6,2
226828,24,19,5
290920,11,10,1
85899436728,4,3,1
403088,7,5,2
77309657807,7,6,1
8590041394,11,10,1
42950005405,7,6,1
181020,18,17,1
42950095029,19,11,8
8590336508,18,14,4
77309666164,5,2,3
160022,12,8,4
25770170159,17,14,3
8590246611,29,20,9
25770170166,11,9,2
48269,9,8,1
25769817939,8,7,1
8590026757,35,16,19
17179987089,6,5,1
34359956083,6,5,1
8589950735,13,11,2
60129941697,3,2,1
25770018982,13,12,1
8590184948,5,3,2
51540014835,12,10,2
17180300892,30,26,4
94489398838,4,3,1
60129903897,9,8,1
8590079292,6,5,1
85899486242,5,4,1
306992,18,9,9
77309474138,3,2,1
43871,31,26,5
8590242432,25,14,11
120259456079,5,4,1
8590264583,12,11,1
8590264584,11,9,2
25769866266,6,5,1
286425,14,13,1
286428,47,43,4
8589961688,35,27,8
17179956009,27,4,23
338028,38,31,7
8590097959,7,6,1
17180197363,13,9,4
267120,7,4,3
51539710612,4,3,1
34359831271,10,9,1
120259422292,5,4,1
85899609858,3,2,1
147720,72,52,20
17180081198,11,10,1
8590104386,63,47,16
8590219750,14,12,2
411630,16,15,1
120259175547,14,12,2
51540014691,9,8,1
69642,7,6,1
25770094831,10,9,1
42949895819,5,4,1
8590246094,4,3,1
8590353865,5,4,1
8590246095,9,8,1
34923,25,18,7
17180041384,5,3,2
17180041392,6,4,2
8590052730,26,20,6
17180041390,6,4,2
60129902393,13,11,2
8589976140,17,15,2
174508,34,28,6
77309481101,9,7,2
17180199619,23,22,1
42949797384,4,2,2
8590064322,7,6,1
34359888524,8,6,2
315164,22,21,1
42949745943,7,6,1
34359794304,14,13,1
34359794311,11,10,1
51539677483,6,5,1
32072,81,48,33
8590166014,32,29,3
25769893913,24,17,7
51539805853,4,3,1
18532,8,7,1
42950005639,7,6,1
17180018339,4,3,1
60129827295,16,13,3
34359879997,9,8,1
94489479496,5,4,1
258431,8,7,1
8590278820,23,19,4
44105,50,27,23
167569,17,14,3
411045,28,24,4
368916,6,5,1
17180100854,40,31,9
351912,17,15,2
347799,8,5,3
42949850398,5,3,2
42949850399,3,2,1
4422,51,26,25
139602,10,9,1
139597,25,19,6
163209038109,3,2,1
42949767710,9,7,2
34360153460,38,23,15
260178,26,12,14
111669529365,7,6,1
